intron	logef	A	B	deltapsi
chr1:35471:35567:clu_1_NA	0.0565344545760087	0.157126203818696	0.172687484503837	0.0155612806851405
chr1:35474:35567:clu_1_NA	-0.0565344545760087	0.842873796181304	0.827312515496163	-0.0155612806851404
chr1:2411929:2412194:clu_102_NA	2.04820195561889	0.0365395518061079	0.487995105999682	0.451455554193574
chr1:2411929:2412610:clu_102_NA	-1.149757144026	0.0185288121128247	0.0101075020415616	-0.00842131007126309
chr1:2412219:2412548:clu_102_NA	2.26841740305885	0.0261466530607453	0.435217859351413	0.409071206290668
chr1:2412219:2412610:clu_102_NA	-3.16686221465174	0.918784983020322	0.0666795326073433	-0.852105450412979
chr1:2437555:2437678:clu_104_NA	-1.52346694751771	0.622295839773487	0.121033108291894	-0.501262731481593
chr1:2437555:2437681:clu_104_NA	1.83735375406059	0.00599011847295195	0.0335682411486174	0.0275781226756654
chr1:2437555:2437993:clu_104_NA	4.25651403609116	0.0123157071713293	0.775497656905724	0.763181949734395
chr1:2437741:2437993:clu_104_NA	-1.52346694758473	0.323670514937237	0.0629521298052159	-0.260718385132021
chr1:2437751:2437993:clu_104_NA	-1.52346694758276	0.0172847797095669	0.00336179431155278	-0.0139229853980141
chr1:2437833:2437993:clu_104_NA	-1.52346694746654	0.0184430399354272	0.00358706953699551	-0.0148559703984317
chr1:2464814:2464913:clu_106_NA	1.4922649170932	0.0396916779943132	0.276961166832732	0.237269488838418
chr1:2464814:2465410:clu_106_NA	-3.1727336982063	0.881342463573896	0.0579269895968292	-0.823415473977067
chr1:2465076:2465410:clu_106_NA	1.6804687811131	0.0789658584317905	0.665111843570439	0.586145985138649
chr1:2467212:2467633:clu_107_NA	-0.266888310641619	0.653936322263626	0.525630156034408	-0.128306166229218
chr1:2467212:2467638:clu_107_NA	0.266888310641619	0.346063677736374	0.474369843965592	0.128306166229218
chr1:2497998:2498480:clu_109_NA	2.36215719548228	0.0784650034866841	0.905588861304833	0.827123857818149
chr1:2497998:2498484:clu_109_NA	-2.36215719548228	0.921534996513316	0.0944111386951667	-0.827123857818149
chr1:2540484:2540588:clu_111_NA	0.279355774605038	0.356664677319176	0.492211011375945	0.135546334056769
chr1:2540484:2540972:clu_111_NA	-0.279355774605038	0.643335322680824	0.507788988624055	-0.135546334056769
chr1:2541862:2542013:clu_112_NA	-0.351181915088518	0.713788409817289	0.552676645236989	-0.161111764580301
chr1:2541862:2542217:clu_112_NA	0.351181915088518	0.286211590182711	0.447323354763011	0.161111764580301
chr1:2619292:2619397:clu_114_NA	1.68333429414089	0.234647290023463	0.898841243303687	0.664193953280224
chr1:2619292:2619406:clu_114_NA	-1.68333429414089	0.765352709976537	0.101158756696313	-0.664193953280224
chr1:2744491:2744614:clu_121_NA	2.37953282507808	0.0402779266564795	0.830366297958478	0.790088371301998
chr1:2744533:2744614:clu_121_NA	-2.37953282507808	0.95972207334352	0.169633702041522	-0.790088371301998
chr1:2745693:2746404:clu_122_NA	-8.6762384446247	0.860173830870487	1.79024606766881e-07	-0.86017365184588
chr1:2745702:2746404:clu_122_NA	8.6762384446247	0.139826169129513	0.999999820975393	0.86017365184588
chr1:2746477:2746630:clu_123_NA	-0.21254423594822	0.0341157415427172	0.0225684891222049	-0.0115472524205123
chr1:2746477:2747890:clu_123_NA	0.21254423594822	0.965884258457283	0.977431510877795	0.0115472524205122
chr1:2801138:2801268:clu_126_NA	0.136346940534742	0.578647947025838	0.643346657354716	0.0646987103288784
chr1:2801160:2801268:clu_126_NA	-0.136346940534742	0.421352052974162	0.356653342645284	-0.0646987103288785
chr1:2827191:2827680:clu_128_NA	-1.42453588832289	0.699954822378889	0.118994243860901	-0.580960578517988
chr1:2827191:2827689:clu_128_NA	1.42453588832289	0.300045177621111	0.881005756139099	0.580960578517988
chr1:2852603:2852716:clu_129_NA	-2.91354247697619	0.930093398965375	0.0377256259904039	-0.892367772974971
chr1:2852603:2852740:clu_129_NA	2.91354247697619	0.0699066010346251	0.962274374009596	0.892367772974971
chr1:2869440:2869515:clu_130_NA	1.80658081150413	0.119458586490916	0.834186649546379	0.714728063055463
chr1:2869440:2869536:clu_130_NA	-1.80658081150413	0.880541413509084	0.165813350453621	-0.714728063055463
chr1:2931640:2931732:clu_132_NA	-4.16470726526831	0.985051181998985	0.0156524256428207	-0.969398756356164
chr1:2931670:2931732:clu_132_NA	4.16470726526831	0.014948818001015	0.984347574357179	0.969398756356164
chr1:3199619:3199710:clu_138_NA	0.03841772053407	0.259076889463478	0.255909970801314	-0.00316691866216323
chr1:3199619:3200036:clu_138_NA	-0.199803007210405	0.122449021521705	0.0953138263677314	-0.0271351951539732
chr1:3199623:3199710:clu_138_NA	0.260150979986786	0.312444300642928	0.385237602281229	0.0727933016383011
chr1:3199623:3200036:clu_138_NA	-0.0987656933104509	0.30602978837189	0.263538600549725	-0.0424911878221647
chr1:3200099:3200183:clu_139_NA	0.165127003271256	0.777539105426752	0.829436177601799	0.0518970721750474
chr1:3200103:3200183:clu_139_NA	-0.165127003271256	0.222460894573248	0.170563822398201	-0.0518970721750474
chr1:3497655:3499259:clu_147_NA	3.93324102744708	0.0190350108833911	0.980625355256877	0.961590344373485
chr1:3497655:3499264:clu_147_NA	-3.93324102744708	0.980964989116609	0.0193746447431235	-0.961590344373486
chr1:3503004:3503370:clu_149_NA	1.86028430166848	0.200578683078063	0.803410144408023	0.602831461329959
chr1:3503004:3503374:clu_149_NA	-0.930143136578936	0.722902756092718	0.177772744610411	-0.545130011482307
chr1:3503049:3503374:clu_149_NA	-0.930141165089545	0.0765185608292189	0.0188171109815667	-0.0577014498476522
chr1:293752:294055:clu_15_NA	1.74504827725971	0.206389678673913	0.895038208865855	0.688648530191942
chr1:293756:294055:clu_15_NA	-1.74504827725971	0.793610321326087	0.104961791134145	-0.688648530191942
chr1:3530927:3531193:clu_153_NA	-0.0132317583711031	0.453569621581453	0.447019222740397	-0.00655039884105585
chr1:3530927:3531265:clu_153_NA	0.0132317583711031	0.546430378418548	0.552980777259603	0.00655039884105568
chr1:3531307:3531479:clu_154_NA	-0.146584489829083	0.193843629858766	0.152078025110611	-0.0417656047481551
chr1:3531342:3531479:clu_154_NA	0.146584489829083	0.806156370141234	0.847921974889389	0.0417656047481552
chr1:3535578:3535774:clu_156_NA	3.70178532814521	0.0295517368313805	0.980390851116164	0.950839114284783
chr1:3535645:3535774:clu_156_NA	-3.70178532814521	0.97044826316862	0.0196091488838361	-0.950839114284784
chr1:3535885:3535961:clu_157_NA	2.10649101792007	0.0128527592613882	0.380147766295967	0.367295007034579
chr1:3535885:3536131:clu_157_NA	-4.36073702826725	0.970369146817276	0.0445873432735751	-0.925781803543701
chr1:3536020:3536131:clu_157_NA	2.25424601034719	0.0167780939213358	0.575264890430457	0.558486796509122
chr1:3657332:3657407:clu_160_NA	-0.158999413902596	0.368466694820162	0.315524585118668	-0.0529421097014943
chr1:3657332:3657523:clu_160_NA	0.16781378961975	0.291551198639452	0.346164850650976	0.0546136520115243
chr1:3657430:3657523:clu_160_NA	-0.00881437571715377	0.339982106540386	0.338310564230356	-0.00167154231002992
chr1:3715543:3717150:clu_161_NA	2.9556401362472	0.049662135455078	0.950720197331325	0.901058061876247
chr1:3716579:3717150:clu_161_NA	-2.9556401362472	0.950337864544922	0.0492798026686751	-0.901058061876247
chr1:3821780:3822147:clu_164_NA	2.28900971133433	0.120130407254546	0.742849060447287	0.622718653192741
chr1:3821795:3822018:clu_164_NA	-0.762931315504374	0.191168155405136	0.0558755783757574	-0.135292577029378
chr1:3821795:3822147:clu_164_NA	-0.763039125970476	0.300562139819382	0.087840325101809	-0.212721814717573
chr1:3821795:3822164:clu_164_NA	-0.763039269859479	0.388139297520936	0.113435036075147	-0.27470426144579
chr1:3968061:3968132:clu_165_NA	-0.116501738804786	0.336738716479552	0.296255927966058	-0.040482788513494
chr1:3968061:3968347:clu_165_NA	0.0053690570238366	0.26106526088997	0.259448340161443	-0.00161692072852665
chr1:3968185:3968347:clu_165_NA	0.111132681780949	0.402196022630478	0.444295731872499	0.0420997092420206
chr1:3995470:3995905:clu_166_NA	0.229095717926553	0.0202060417495907	0.0301156463913532	0.00990960464176248
chr1:3995470:3996013:clu_166_NA	-2.11409865963442	0.00990410132619708	0.00141739086621065	-0.00848671045998643
chr1:3995470:3996016:clu_166_NA	1.12312881756165	0.030359457568972	0.110631446992896	0.0802719894239238
chr1:3995470:3996041:clu_166_NA	2.87598047814735	0.0346332285684314	0.72833531438975	0.693702085821319
chr1:3995472:3996041:clu_166_NA	-2.11410635400113	0.904897170786809	0.12950020135979	-0.775396969427019
chr1:3997141:3997239:clu_167_NA	-0.14402820542624	0.968470137672224	0.958382496612337	-0.0100876410598874
chr1:3997141:3997249:clu_167_NA	0.14402820542624	0.0315298623277758	0.0416175033876632	0.0100876410598874
chr1:313418:313567:clu_17_NA	-0.343273373851676	0.550848167309048	0.381674109123134	-0.169174058185914
chr1:313452:313567:clu_17_NA	0.343273373851676	0.449151832690952	0.618325890876867	0.169174058185914
chr1:4234492:4234560:clu_175_NA	2.65269998836705	0.107150951847445	0.960274315829855	0.853123363982411
chr1:4234495:4234560:clu_175_NA	-2.65269998836705	0.892849048152555	0.0397256841701446	-0.853123363982411
chr1:4306028:4306149:clu_176_NA	-3.53808059132712	0.992844639548146	0.104944999028285	-0.88789964051986
chr1:4306028:4306169:clu_176_NA	3.53808059132712	0.00715536045185437	0.895055000971715	0.88789964051986
chr1:314802:314891:clu_18_NA	-0.212973700515732	0.522633835654787	0.472897391994379	-0.0497364436604081
chr1:314802:315577:clu_18_NA	0.335592901597463	0.0943607052676329	0.147774678296859	0.0534139730292264
chr1:315015:315577:clu_18_NA	-0.122619201081731	0.38300545907758	0.379327929708762	-0.00367752936881832
chr1:4864965:4865151:clu_194_NA	4.4198057822999	0.00666199978499413	0.978854590855874	0.97219259107088
chr1:4865032:4865151:clu_194_NA	-4.4198057822999	0.993338000215006	0.0211454091441258	-0.97219259107088
chr1:4928144:4928450:clu_198_NA	-0.450548868736954	0.852605832824488	0.70142424144436	-0.151181591380127
chr1:4928148:4928450:clu_198_NA	0.450548868736954	0.147394167175512	0.29857575855564	0.151181591380128
chr1:35963:36624:clu_2_NA	-0.0889055368738898	0.958752587794419	0.951118218396136	-0.00763436939828277
chr1:36171:36624:clu_2_NA	0.0889055368738899	0.041247412205581	0.0488817816038638	0.00763436939828286
chr1:4984746:4985428:clu_203_NA	-3.40522271624275	0.934478954591325	0.0154766112614825	-0.919002343329843
chr1:4984746:4985491:clu_203_NA	3.40522271624275	0.0655210454086747	0.984523388738518	0.919002343329843
chr1:4989618:4990042:clu_204_NA	-1.74512573565876	0.949393959583494	0.363894932179303	-0.585499027404191
chr1:4989790:4990042:clu_204_NA	1.74512573565876	0.0506060404165062	0.636105067820697	0.585499027404191
chr1:5034008:5034145:clu_205_NA	-2.616846794863	0.924530680699726	0.0613335290596566	-0.86319715164007
chr1:5034028:5034145:clu_205_NA	2.616846794863	0.0754693193002735	0.938666470940343	0.86319715164007
chr1:392072:392262:clu_21_NA	-2.00271531797824	0.906773051514719	0.150514012127789	-0.75625903938693
chr1:392076:392262:clu_21_NA	2.00271531797824	0.0932269484852811	0.849485987872211	0.75625903938693
chr1:5229051:5229128:clu_215_NA	1.77848759315857	0.0583442118601514	0.431923091575432	0.373578879715281
chr1:5229051:5229346:clu_215_NA	-3.65207406094684	0.875367950815956	0.0283881000721584	-0.846979850743798
chr1:5229268:5229346:clu_215_NA	1.87358646778827	0.0662878373238924	0.539688808352409	0.473400971028517
chr1:5238149:5238229:clu_216_NA	0.134232854701532	0.952411649769734	0.963203963990087	0.0107923142203539
chr1:5238149:5238236:clu_216_NA	-0.134232854701532	0.0475883502302664	0.0367960360099124	-0.010792314220354
chr1:5296046:5296406:clu_220_NA	0.592632403774749	0.245875776582435	0.516127937043659	0.270252160461224
chr1:5296051:5296406:clu_220_NA	-0.592632403774749	0.754124223417565	0.483872062956341	-0.270252160461224
chr1:5497101:5497248:clu_224_NA	0.0313923391907797	0.287326601406555	0.300352675265594	0.0130260738590396
chr1:5497117:5497248:clu_224_NA	-0.0313923391907797	0.712673398593445	0.699647324734405	-0.0130260738590395
chr1:5590025:5590235:clu_229_NA	-8.91429041857568	0.927574978709443	2.31529330109064e-07	-0.927574747180112
chr1:5590025:5590241:clu_229_NA	8.91429041857568	0.0724250212905575	0.99999976847067	0.927574747180112
chr1:6214110:6214214:clu_254_NA	0.150412043869447	0.457666261472451	0.532723844896424	0.0750575834239735
chr1:6214113:6214214:clu_254_NA	-0.150412043869447	0.542333738527549	0.467276155103576	-0.0750575834239736
chr1:6215344:6215593:clu_255_NA	0.0648653758336248	0.7370060491248	0.761368294564274	0.0243622454394745
chr1:6215377:6215593:clu_255_NA	-0.0648653758336248	0.2629939508752	0.238631705435726	-0.0243622454394745
chr1:6584354:6584426:clu_268_NA	-1.87891608923052	0.397141682337131	0.0562593725378894	-0.340882309799241
chr1:6584354:6585037:clu_268_NA	3.75783217846105	0.021674630046063	0.861409733857188	0.839735103811125
chr1:6584556:6585037:clu_268_NA	-1.87891608923052	0.581183687616806	0.0823308936049226	-0.498852794011884
chr1:513246:513332:clu_27_NA	-0.0686986063977098	0.563992161340126	0.529959796725874	-0.0340323646142521
chr1:513249:513332:clu_27_NA	0.0686986063977097	0.436007838659874	0.470040203274126	0.0340323646142519
chr1:6688738:6688826:clu_272_NA	0.0654575802519477	0.581225587735542	0.610645785795963	0.029420198060421
chr1:6688738:6688828:clu_272_NA	0.0663487034572596	0.148916491450736	0.156593757172487	0.00767726572175084
chr1:6688738:6688834:clu_272_NA	-0.131806283709207	0.269857920813722	0.23276045703155	-0.0370974637821717
chr1:6709958:6710115:clu_273_NA	0.406505168771917	0.123373657894408	0.122757330765873	-0.000616327128534766
chr1:6709958:6710468:clu_273_NA	0.929462367536064	0.0671055405491079	0.112642115963503	0.0455365754143953
chr1:6709958:6711414:clu_273_NA	-3.81524773781264	0.714141966851211	0.0104261881840686	-0.703715778667142
chr1:6709958:6711420:clu_273_NA	2.47928020150466	0.095378834705274	0.754174365086555	0.658795530381281
chr1:6846470:6846540:clu_280_NA	0.0132566832074955	0.296378947709797	0.265535856330533	-0.0308430913792636
chr1:6846470:6846543:clu_280_NA	-0.0594035046885166	0.260316943276998	0.216881415692448	-0.0434355275845505
chr1:6846470:6846731:clu_280_NA	-0.40702795579303	0.123434754263994	0.0726416966718293	-0.0507930575921647
chr1:6846628:6846731:clu_280_NA	0.453174777274051	0.319869354749211	0.444941031305189	0.125071676555979
chr1:7169747:7169846:clu_283_NA	0.079334887029485	0.766737462096002	0.793908772124593	0.0271713100285912
chr1:7169762:7169846:clu_283_NA	-0.079334887029485	0.233262537903998	0.206091227875406	-0.0271713100285913
chr1:7178376:7178470:clu_284_NA	-0.359301315487671	0.335426592813563	0.215529771296148	-0.119896821517415
chr1:7178376:7178473:clu_284_NA	-0.058960297975485	0.272881488429927	0.236766524501065	-0.0361149639288623
chr1:7178376:7178476:clu_284_NA	0.418261613463156	0.391691918756509	0.547703704202786	0.156011785446277
chr1:7463970:7464600:clu_289_NA	0.436521255915948	0.215877035445338	0.39727929330516	0.181402257859822
chr1:7463970:7466068:clu_289_NA	-0.436521255915948	0.784122964554662	0.60272070669484	-0.181402257859822
chr1:7478368:7478442:clu_291_NA	4.75474835695432	0.0128179117773408	0.566094618068616	0.553276706291276
chr1:7478368:7478617:clu_291_NA	-9.24061036195851	0.97432735208226	3.59475733539097e-05	-0.974291404508906
chr1:7478522:7478617:clu_291_NA	4.48586200500419	0.0128547361403994	0.43386943435803	0.42101469821763
chr1:626828:626913:clu_30_NA	4.28510926738225	0.0198912114240882	0.990740778565381	0.970849567141293
chr1:626828:626917:clu_30_NA	-4.28510926738225	0.980108788575912	0.00925922143461848	-0.970849567141293
chr1:7838114:7838208:clu_300_NA	-4.10624764568401	0.988889356354834	0.0235725770686329	-0.965316779286201
chr1:7838114:7838212:clu_300_NA	4.10624764568401	0.0111106436451657	0.976427422931367	0.965316779286201
chr1:8052480:8052606:clu_308_NA	-0.0743577432635414	0.278900536125562	0.260427511780987	-0.0184730243445758
chr1:8052480:8052610:clu_308_NA	-0.90908557040825	0.360709265606362	0.146176352718004	-0.214532912888358
chr1:8052480:8052615:clu_308_NA	0.414454401797162	0.184528119138135	0.280923767928591	0.0963956487904563
chr1:8052480:8052663:clu_308_NA	0.56898891187463	0.175862079129941	0.312472367572418	0.136610288442477
chr1:628469:628935:clu_31_NA	-0.0170437400726885	0.00338046462054625	0.00326754512832752	-0.000112919492218724
chr1:628469:629288:clu_31_NA	0.0170437400726886	0.996619535379454	0.996732454871673	0.00011291949221881
chr1:8080108:8080188:clu_310_NA	-2.00606939232196	0.847648979382276	0.0914664665579049	-0.756182512824371
chr1:8080112:8080188:clu_310_NA	2.00606939232196	0.152351020617724	0.908533533442095	0.756182512824371
chr1:8101713:8102030:clu_311_NA	-3.25792073922459	0.946049597876828	0.0252929410387286	-0.920756656838099
chr1:8101713:8102033:clu_311_NA	3.25792073922459	0.0539504021231725	0.974707058961271	0.920756656838099
chr1:8107519:8107593:clu_312_NA	-28.3755118816019	0.973589942632525	2.31193712867418e-15	-0.973589942632523
chr1:8107519:8107613:clu_312_NA	6.183062173807	0.0264100142846854	0.0639685625226673	0.0375585482379819
chr1:8107523:8107613:clu_312_NA	22.1924497077949	4.30827895094483e-08	0.936031437477331	0.936031394394541
chr1:8197747:8198071:clu_315_NA	-3.5944967796092	0.947960763479917	0.0302068009560009	-0.917753962523916
chr1:8197752:8198052:clu_315_NA	3.25624309912748	0.0310877888884702	0.935713148433329	0.904625359544859
chr1:8197752:8198071:clu_315_NA	0.338253680481721	0.0209514476316125	0.0340800506106702	0.0131286029790576
chr1:8355732:8356053:clu_322_NA	-0.0792932215069721	0.449491577752224	0.439493551064064	-0.00999802668816069
chr1:8355732:8356059:clu_322_NA	-0.136619138799003	0.416663068559511	0.384697732562982	-0.0319653359965293
chr1:8355938:8356053:clu_322_NA	0.215912360305975	0.133845353688265	0.175808716372955	0.04196336268469
chr1:8377741:8377836:clu_324_NA	-1.70529002642744	0.420538543030156	0.0639919587370085	-0.356546584293148
chr1:8377741:8378066:clu_324_NA	3.41058005285491	0.0336364904451914	0.852951661974189	0.819315171528997
chr1:8377979:8378066:clu_324_NA	-1.70529002642748	0.545824966524653	0.0830563792888029	-0.46276858723585
chr1:8378191:8378301:clu_325_NA	-2.33987948222622	0.90289782252375	0.0794448844315026	-0.823452938092247
chr1:8378206:8378301:clu_325_NA	2.33987948222622	0.0971021774762502	0.920555115568497	0.823452938092247
chr1:8428330:8428605:clu_327_NA	-2.10951825365424	0.913904658706547	0.106233958923634	-0.807670699782913
chr1:8428399:8428605:clu_327_NA	-2.10951680025163	0.0725031049902919	0.00842790656392427	-0.0640751984263676
chr1:8428399:8428617:clu_327_NA	4.21903505390587	0.0135922363031611	0.885338134512442	0.871745898209281
chr1:8470512:8470684:clu_328_NA	-0.0801770024017092	0.0172189649835596	0.0220727063366863	0.00485374135312673
chr1:8470602:8470684:clu_328_NA	-2.70685972707074	0.943284280246777	0.0874454720366912	-0.855838808210086
chr1:8470602:8470699:clu_328_NA	2.78703672947245	0.0394967547696636	0.890481821626622	0.850985066856959
chr1:632806:632881:clu_33_NA	-0.111764386204009	0.169223983555343	0.14007516509804	-0.0291488184573029
chr1:632806:632884:clu_33_NA	0.111764386204009	0.830776016444657	0.85992483490196	0.0291488184573031
chr1:8617437:8617617:clu_332_NA	0.305190809098136	0.509585021751128	0.656723403085946	0.147138381334817
chr1:8617452:8617617:clu_332_NA	-0.305190809098136	0.490414978248872	0.343276596914054	-0.147138381334817
chr1:8639172:8639285:clu_333_NA	0.291917733086339	0.128959201125673	0.176490831036309	0.047531629910636
chr1:8639172:8639369:clu_333_NA	-0.166057046684541	0.221763707575236	0.191983704721119	-0.0297800028541168
chr1:8639172:8639506:clu_333_NA	-0.22413868954331	0.263050674887493	0.214876428857402	-0.0481742460300906
chr1:8639418:8639506:clu_333_NA	0.025453738338939	0.155957963569333	0.163513467032751	0.00755550346341782
chr1:8639422:8639506:clu_333_NA	0.072824264802573	0.230268452842265	0.253135568352419	0.0228671155101536
chr1:8755026:8755127:clu_336_NA	3.56511481491501	0.0341683730774214	0.97787212020619	0.943703747128769
chr1:8755026:8755177:clu_336_NA	-3.56511481491501	0.965831626922579	0.0221278797938097	-0.943703747128769
chr1:8758362:8758437:clu_337_NA	0.0110944756740552	0.495485238985186	0.501032352649663	0.00554711366447674
chr1:8758362:8758722:clu_337_NA	-0.0110944756740552	0.504514761014814	0.498967647350337	-0.0055471136644768
chr1:8860999:8861125:clu_338_NA	-0.0932821170831313	0.577213281303659	0.531154527909967	-0.0460587533936926
chr1:8861032:8861125:clu_338_NA	0.0932821170831313	0.422786718696341	0.468845472090033	0.0460587533936925
chr1:8946317:8946600:clu_342_NA	-2.13522665084105	0.781264373460837	0.0475433114700567	-0.733721061990781
chr1:8946322:8946600:clu_342_NA	2.13522665084105	0.218735626539163	0.952456688529943	0.733721061990781
chr1:8973614:8973807:clu_344_NA	-0.0152464746790602	0.335705333992669	0.329378973476487	-0.00632636051618274
chr1:8973614:8974343:clu_344_NA	0.0870595090940551	0.34255886550754	0.372309198085811	0.0297503325782719
chr1:8973837:8974343:clu_344_NA	-0.0718130344149948	0.321735800499791	0.298311828437702	-0.0234239720620892
chr1:9033327:9033583:clu_346_NA	2.56720986789254	0.0932568637360469	0.945829107960556	0.852572244224509
chr1:9033484:9033583:clu_346_NA	-2.56720986789254	0.906743136263953	0.0541708920394437	-0.852572244224509
chr1:644256:644350:clu_35_NA	2.8900977456635	0.0498263329481953	0.944385701763688	0.894559368815493
chr1:644261:644350:clu_35_NA	-2.8900977456635	0.950173667051805	0.055614298236312	-0.894559368815493
chr1:9501142:9502077:clu_357_NA	0.179490418259333	0.479266859029562	0.539305270948013	0.0600384119184508
chr1:9501869:9502077:clu_357_NA	-0.247347249118641	0.232923298856172	0.171039711282464	-0.0618835875737075
chr1:9501973:9502077:clu_357_NA	0.0678568308593078	0.287809842114267	0.289655017769523	0.00184517565525666
chr1:9507023:9507212:clu_358_NA	-0.142977381434962	0.170098131969125	0.158776240843203	-0.0113218911259215
chr1:9507023:9508147:clu_358_NA	-0.172568686443343	0.673565058332236	0.610399515928675	-0.0631655424035614
chr1:9507051:9508147:clu_358_NA	0.315546067878305	0.156336809698639	0.230824243228122	0.0744874335294829
chr1:9512216:9512571:clu_359_NA	-4.34087670031586	0.991127333408167	0.0185987729417198	-0.972528560466447
chr1:9512219:9512571:clu_359_NA	4.34087670031586	0.00887266659183335	0.98140122705828	0.972528560466447
chr1:646310:646406:clu_36_NA	0.21044883118704	0.411611973076291	0.462777810788279	0.051165837711988
chr1:646310:646567:clu_36_NA	-0.238081245321737	0.0630556314776244	0.0452703935820283	-0.0177852378955961
chr1:646489:646567:clu_36_NA	0.0276324141346972	0.525332395446084	0.491951795629693	-0.0333805998163918
chr1:9532963:9533365:clu_361_NA	0.142564283270734	0.903352530986959	0.92554386903167	0.0221913380447105
chr1:9533038:9533365:clu_361_NA	-0.142564283270734	0.0966474690130409	0.0744561309683303	-0.0221913380447105
chr1:9669265:9669342:clu_365_NA	-0.754208893777053	0.109165816863514	0.0263981601800397	-0.0827676566834745
chr1:9669265:9669354:clu_365_NA	0.754208893777053	0.890834183136486	0.97360183981996	0.0827676566834744
chr1:9695641:9695721:clu_366_NA	1.87743890951432	0.136884964203182	0.871408565010269	0.734523600807086
chr1:9695641:9695892:clu_366_NA	-1.87743890951432	0.863115035796817	0.128591434989731	-0.734523600807086
chr1:9802954:9803207:clu_368_NA	0.862713742668786	0.970246218092015	0.994568108205853	0.0243218901138377
chr1:9802978:9803207:clu_368_NA	-0.862713742668786	0.0297537819079849	0.00543189179414717	-0.0243218901138377
chr1:9803676:9803771:clu_369_NA	2.32799521745849	0.0320126120938725	0.776763005666157	0.744750393572284
chr1:9803680:9803771:clu_369_NA	-2.32799521745849	0.967987387906127	0.223236994333843	-0.744750393572284
chr1:9934288:9934794:clu_371_NA	3.1063600096695	0.045000922496241	0.95921076524698	0.914209842750739
chr1:9934566:9934794:clu_371_NA	-3.1063600096695	0.954999077503759	0.0407892347530195	-0.914209842750739
chr1:9969587:9969772:clu_372_NA	-0.0578915461741965	0.226664484418617	0.220680154300948	-0.00598433011766905
chr1:9969587:9970113:clu_372_NA	0.698609405680769	0.0471177163876759	0.0977480775813244	0.0506303611936485
chr1:9969587:9971073:clu_372_NA	-0.0895085301301571	0.140872912269559	0.13288507730522	-0.00798783496433916
chr1:9969836:9970113:clu_372_NA	-0.00125999697255734	0.17164996912265	0.17685539034428	0.00520542122162979
chr1:9969836:9971073:clu_372_NA	-0.644486441678705	0.164188658650744	0.0889135664631252	-0.0752750921876191
chr1:9970153:9971073:clu_372_NA	0.0945371092748473	0.249506259150754	0.282917734005103	0.0334114748543491
chr1:10039889:10040008:clu_374_NA	1.35923475148346	0.103225629002348	0.510139568399517	0.406913939397169
chr1:10039889:10040205:clu_374_NA	-2.73108995607402	0.812317979200929	0.0671772294405513	-0.745140749760378
chr1:10040040:10040205:clu_374_NA	1.37185520459057	0.0844563917967224	0.422683202159931	0.338226810363209
chr1:10042672:10043048:clu_375_NA	-1.14775014902922	0.43507268953837	0.156836837793878	-0.278235851744492
chr1:10042672:10043851:clu_375_NA	2.29550029852265	0.0585716317132006	0.660629931951486	0.602058300238286
chr1:10043263:10043851:clu_375_NA	-1.14775014949343	0.506355678748429	0.182533230254636	-0.323822448493793
chr1:10062032:10062186:clu_376_NA	-0.0186614874251433	0.452951028631532	0.475239983448624	0.0222889548170913
chr1:10062032:10062439:clu_376_NA	0.183652263390618	0.0765004361378025	0.0982628550573859	0.0217624189195834
chr1:10062299:10062439:clu_376_NA	-0.164990775965475	0.470548535230665	0.426497161493991	-0.0440513737366746
chr1:10062540:10062689:clu_377_NA	-0.13607626443527	0.336962308848205	0.27908330143641	-0.0578790074117948
chr1:10062543:10062689:clu_377_NA	0.13607626443527	0.663037691151795	0.72091669856359	0.0578790074117947
chr1:10087820:10087894:clu_379_NA	-2.09952045703749	0.922459331573147	0.15151083470288	-0.770948496870266
chr1:10087820:10088041:clu_379_NA	2.09952045703749	0.0775406684268534	0.84848916529712	0.770948496870266
chr1:666256:666351:clu_38_NA	3.29536646892845	0.0479905420611499	0.973484744812048	0.925494202750898
chr1:666262:666351:clu_38_NA	-3.29536646892845	0.95200945793885	0.0265152551879523	-0.925494202750898
chr1:10134536:10134686:clu_381_NA	-1.52227658296663	0.597461223145524	0.0660102633109821	-0.531450959834541
chr1:10134581:10134686:clu_381_NA	1.52227658296663	0.402538776854476	0.933989736689018	0.531450959834541
chr1:10177042:10177135:clu_382_NA	31.1088738797473	2.22158566369107e-10	1	0.999999999777841
chr1:10177042:10177138:clu_382_NA	-31.1088738797473	0.999999999777841	4.29054446700585e-18	-0.999999999777841
chr1:10190632:10190747:clu_383_NA	-0.00876033975315779	0.465513026246329	0.461156438463583	-0.00435658778274622
chr1:10190646:10190747:clu_383_NA	0.00876033975315774	0.534486973753671	0.538843561536417	0.00435658778274617
chr1:667437:667541:clu_39_NA	-0.337985948469797	0.94460460804948	0.896627184206147	-0.0479774238433333
chr1:667464:667541:clu_39_NA	0.337985948469797	0.0553953919505198	0.103372815793853	0.0479774238433333
chr1:10448745:10448846:clu_391_NA	4.89988014778391	0.00477885173076485	0.988581041436143	0.983802189705378
chr1:10448745:10448849:clu_391_NA	-4.89988014778391	0.995221148269235	0.0114189585638572	-0.983802189705378
chr1:10449480:10449598:clu_392_NA	21.8943728839835	0.00682097193442323	1	0.993179028065577
chr1:10449485:10449598:clu_392_NA	-21.8943728839835	0.993179028065577	1.39949264812297e-17	-0.993179028065577
chr1:10491833:10492436:clu_393_NA	1.13113710292277	0.0383271148166833	0.183266410410179	0.144939295593496
chr1:10492354:10492436:clu_393_NA	-0.660822524894947	0.65971750331388	0.525649885775564	-0.134067617538316
chr1:10492354:10492451:clu_393_NA	-0.470314578027824	0.301955381869437	0.291083703814257	-0.0108716780551803
chr1:10499244:10499359:clu_394_NA	0.220508816732677	0.0511879583198923	0.0701092986569445	0.0189213403370522
chr1:10499244:10500120:clu_394_NA	-0.0860291114700015	0.39182660298342	0.394978997571074	0.00315239458765365
chr1:10500011:10500120:clu_394_NA	-0.134479705262676	0.556985438696687	0.534911703771982	-0.0220737349247059
chr1:10500234:10500492:clu_395_NA	0.017201765402827	0.269146780027399	0.285922853202164	0.0167760731747658
chr1:10500234:10500819:clu_395_NA	-0.148327552261769	0.537523682257778	0.483914699420167	-0.0536089828376109
chr1:10500715:10500819:clu_395_NA	0.131125786858942	0.193329537714824	0.230162447377669	0.0368329096628452
chr1:10606306:10606467:clu_398_NA	-3.03158068233744	0.911929611918627	0.0235284585282795	-0.888401153390348
chr1:10606306:10606480:clu_398_NA	3.03158068233744	0.0880703880813727	0.97647154147172	0.888401153390348
chr1:10626309:10626650:clu_399_NA	1.21961397015438	0.238366439775397	0.782036116106803	0.543669676331406
chr1:10626309:10626661:clu_399_NA	-1.21961397015438	0.761633560224603	0.217963883893197	-0.543669676331406
chr1:50963:51064:clu_4_NA	-0.211409531588024	0.241615522948495	0.189552466158621	-0.0520630567898736
chr1:50963:51123:clu_4_NA	0.383158034577346	0.31612303094654	0.449446659368292	0.133323628421752
chr1:50963:51126:clu_4_NA	-0.171748502989322	0.442261446104965	0.361000874473087	-0.0812605716318782
chr1:10805141:10805233:clu_405_NA	1.64542286419624	0.168516508026289	0.844837061173914	0.676320553147625
chr1:10805153:10805233:clu_405_NA	-1.64542286419624	0.831483491973711	0.155162938826086	-0.676320553147625
chr1:10854873:10854990:clu_408_NA	1.78965634498158	0.019764463362122	0.466616109267767	0.446851645905645
chr1:10854873:10855430:clu_408_NA	-4.19219267443515	0.969320761355309	0.0577641244714026	-0.911556636883907
chr1:10855050:10855430:clu_408_NA	2.40253632945358	0.0109147752825686	0.475619766260831	0.464704990978262
chr1:10855936:10856041:clu_409_NA	-8.96438426767975	0.808248701816904	6.89352620263577e-08	-0.808248632881642
chr1:10855939:10856041:clu_409_NA	8.96438426767975	0.191751298183096	0.999999931064738	0.808248632881642
chr1:10941580:10941767:clu_411_NA	-1.23540528954455	0.465133054420857	0.097985346275973	-0.367147708144883
chr1:10941580:10942046:clu_411_NA	2.47081057915369	0.0943831842982813	0.809221949647124	0.714838765348843
chr1:10941825:10942046:clu_411_NA	-1.23540528960914	0.440483761280862	0.0927927040769029	-0.347691057203959
chr1:11118854:11118965:clu_414_NA	1.81892410695911	0.14497472272683	0.865678403500636	0.720703680773806
chr1:11118854:11118971:clu_414_NA	-1.81892410695911	0.85502527727317	0.134321596499364	-0.720703680773806
chr1:11315633:11316403:clu_422_NA	3.11134918228091	0.0344625531066085	0.947344234871008	0.9128816817644
chr1:11315640:11316403:clu_422_NA	-3.11134918228091	0.965537446893391	0.0526557651289916	-0.9128816817644
chr1:11436889:11437252:clu_425_NA	-1.72644201913028	0.86638688017381	0.170300234246622	-0.696086645927188
chr1:11436889:11437269:clu_425_NA	1.72644201913028	0.13361311982619	0.829699765753378	0.696086645927188
chr1:11535337:11535458:clu_427_NA	-0.560380571080807	0.0302036687065416	0.0100519698515596	-0.020151698854982
chr1:11535340:11535458:clu_427_NA	0.560380571080807	0.969796331293458	0.98994803014844	0.020151698854982
chr1:11536174:11536249:clu_428_NA	-2.90330593385864	0.922272279866445	0.0344568383740803	-0.887815441492364
chr1:11536177:11536249:clu_428_NA	2.90330593385864	0.0777277201335553	0.96554316162592	0.887815441492364
chr1:730023:730140:clu_43_NA	0.0741228361739356	0.0380052416502685	0.0438123164048446	0.00580707475457614
chr1:730056:730140:clu_43_NA	-0.0741228361739356	0.961994758349731	0.956187683595155	-0.00580707475457598
chr1:11693921:11694368:clu_434_NA	0.44400835175445	0.267757705252069	0.430015312525852	0.162257607273783
chr1:11693921:11694375:clu_434_NA	-0.282599457403838	0.435897799907547	0.338504821072946	-0.0973929788346011
chr1:11693925:11694368:clu_434_NA	0.0860615318575173	0.0749352533792854	0.0841344373714793	0.00919918399219391
chr1:11693925:11694375:clu_434_NA	0.348749630410716	0.0243041088637194	0.0354855309892117	0.0111814221254923
chr1:11693925:11694389:clu_434_NA	-0.596220056618845	0.197105132597379	0.111859898040511	-0.0852452345568681
chr1:11772668:11772868:clu_435_NA	8.55191163800902	1.73317386299623e-06	0.528605384772466	0.528603651598603
chr1:11772668:11773119:clu_435_NA	-16.9293216746712	0.999996426571858	2.61775429063186e-06	-0.999993808817567
chr1:11772915:11773119:clu_435_NA	8.37741003666219	1.84025427905864e-06	0.471391997473243	0.471390157218964
chr1:12119334:12119473:clu_442_NA	1.5228812797992	0.296844364674528	0.898748187174277	0.601903822499748
chr1:12119334:12119521:clu_442_NA	-1.5228812797992	0.703155635325472	0.101251812825723	-0.601903822499748
chr1:12350970:12351081:clu_447_NA	0.322063110851212	0.172205088210047	0.253155067888042	0.0809499796779947
chr1:12350970:12351142:clu_447_NA	0.0582968844656858	0.359111049510914	0.405524593727842	0.0464135442169282
chr1:12350970:12351207:clu_447_NA	-0.380359995316898	0.468683862279039	0.341320338384116	-0.127363523894923
chr1:12351858:12352106:clu_448_NA	-1.03743885189242	0.695824653319117	0.223153249880673	-0.472671403438445
chr1:12351864:12352106:clu_448_NA	1.03743885189242	0.304175346680883	0.776846750119327	0.472671403438445
chr1:12978340:12978440:clu_460_NA	-10.6295941524051	0.839740626987027	3.06600990733216e-09	-0.839740623921017
chr1:12978355:12978440:clu_460_NA	10.6295941524051	0.160259373012973	0.99999999693399	0.839740623921017
chr1:13124815:13125118:clu_463_NA	0.0187878914544439	0.394152608466061	0.403160334086399	0.00900772562033764
chr1:13124827:13125118:clu_463_NA	-0.0187878914544439	0.605847391533939	0.596839665913601	-0.00900772562033769
chr1:13470266:13470339:clu_464_NA	-1.72715420786343	0.909098724130766	0.240191709675761	-0.668907014455004
chr1:13470269:13470339:clu_464_NA	1.72715420786343	0.0909012758692345	0.759808290324239	0.668907014455004
chr1:13533559:13534167:clu_465_NA	-0.0815654515054586	0.425897841460798	0.386573424861264	-0.0393244165995336
chr1:13533898:13534167:clu_465_NA	0.0815654515054587	0.574102158539202	0.613426575138736	0.0393244165995335
chr1:14176744:14176827:clu_468_NA	-2.41278394790181	0.936804824798381	0.106279479142962	-0.830525345655419
chr1:14176754:14176827:clu_468_NA	2.41278394790181	0.0631951752016191	0.893720520857038	0.830525345655419
chr1:15937045:15937170:clu_470_NA	9.24814841452326	0.142041124352705	0.999999943996819	0.857958819644114
chr1:15937045:15937219:clu_470_NA	-9.24814841452326	0.857958875647295	5.60031811831907e-08	-0.857958819644114
chr1:15937249:15937451:clu_471_NA	-2.16953590187863	0.300234274486547	0.0064141079986279	-0.293820166487919
chr1:15937249:15937621:clu_471_NA	4.33907180375729	0.068381833783096	0.980097210613885	0.911715376830789
chr1:15937499:15937621:clu_471_NA	-2.16953590187867	0.631383891730357	0.0134886813874869	-0.61789521034287
chr1:16266790:16266976:clu_475_NA	-0.908517059735298	0.0621186475457565	0.00483230317118465	-0.0572863443745718
chr1:16266790:16266979:clu_475_NA	-0.908919650397156	0.78020091420806	0.0606685749305024	-0.719532339277558
chr1:16266790:16266982:clu_475_NA	-0.908919650397052	0.060441138345571	0.00469991468072755	-0.0557412236648435
chr1:16266790:16266985:clu_475_NA	-0.908919650397143	0.0299825398967141	0.0023314481375313	-0.0276510917591828
chr1:16266790:16266988:clu_475_NA	-0.908919650397156	0.0162424788145422	0.00126301831370883	-0.0149794605008334
chr1:16266790:16267477:clu_475_NA	4.5441956613238	0.0510142811893559	0.926204740766345	0.875190459576989
chr1:16278193:16278455:clu_476_NA	-24.3919365323019	0.999999999908028	7.07581836695976e-12	-0.999999999900952
chr1:16278193:16278503:clu_476_NA	24.3919365323019	9.19721726474968e-11	0.999999999992924	0.999999999900952
chr1:16429558:16429643:clu_477_NA	0.0993148745794731	0.389870206616751	0.413696820853492	0.0238266142367408
chr1:16429558:16430029:clu_477_NA	-0.212318688763496	0.234444209224425	0.182163309752065	-0.0522808994723591
chr1:16429754:16430029:clu_477_NA	0.113003814184023	0.375685584158825	0.404139869394443	0.0284542852356184
chr1:16617231:16617612:clu_479_NA	1.31851864666755	0.167320036153944	0.737360836265261	0.570040800111317
chr1:16617492:16617612:clu_479_NA	-1.31851864666755	0.832679963846056	0.262639163734739	-0.570040800111317
chr1:16798439:16798551:clu_480_NA	0.284740255013325	0.320474118986524	0.454597091416579	0.134122972430055
chr1:16798439:16799819:clu_480_NA	-0.284740255013325	0.679525881013476	0.545402908583421	-0.134122972430055
chr1:16994170:16994474:clu_486_NA	1.11482287469671	0.134647958138347	0.591259129854096	0.45661117171575
chr1:16994185:16994474:clu_486_NA	-1.11482287469671	0.865352041861653	0.408740870145904	-0.45661117171575
chr1:17163276:17163346:clu_489_NA	4.59023232957628	0.0378482674000369	0.523809569946961	0.485961302546924
chr1:17163276:17163535:clu_489_NA	-9.36681104947202	0.933594652482168	1.12155056262261e-05	-0.933583436976542
chr1:17163399:17163535:clu_489_NA	4.77657871989574	0.0285570801177947	0.476179214547413	0.447622134429619
chr1:17165782:17166037:clu_491_NA	-1.63878701479367	0.449260150053852	0.042133163614013	-0.407126986439839
chr1:17165782:17166342:clu_491_NA	3.27757402958748	0.071310024808904	0.912904256772547	0.841594231963643
chr1:17166069:17166342:clu_491_NA	-1.63878701479381	0.479429825137244	0.04496257961344	-0.434467245523804
chr1:17307577:17307672:clu_492_NA	2.75770814897	0.0707038173614594	0.949764320859028	0.879060503497569
chr1:17307577:17307675:clu_492_NA	-2.75770814897	0.929296182638541	0.0502356791409716	-0.879060503497569
chr1:17455937:17456086:clu_496_NA	-1.90210801782953	0.843251220079619	0.107015502771126	-0.736235717308493
chr1:17455940:17456086:clu_496_NA	1.90210801782953	0.156748779920381	0.892984497228874	0.736235717308493
chr1:948595:948697:clu_50_NA	0.452604241456202	0.558990272874455	0.758096834285733	0.199106561411277
chr1:948640:948697:clu_50_NA	-0.452604241456202	0.441009727125544	0.241903165714267	-0.199106561411277
chr1:17717316:17717421:clu_500_NA	-0.24142940704278	0.693051499193052	0.582140241213072	-0.11091125797998
chr1:17717320:17717421:clu_500_NA	0.24142940704278	0.306948500806948	0.417859758786928	0.11091125797998
chr1:17942172:17942265:clu_505_NA	3.3909635819859	0.0114402588682138	0.910749161616316	0.899308902748102
chr1:17942176:17942265:clu_505_NA	-3.3909635819859	0.988559741131786	0.089250838383684	-0.899308902748102
chr1:17953430:17953553:clu_507_NA	-1.06089485985415	0.563400769067572	0.165206168938685	-0.398194600128887
chr1:17953430:17953673:clu_507_NA	2.12178971981096	0.104290063670874	0.737350718742336	0.633060655071463
chr1:17953609:17953673:clu_507_NA	-1.06089485995681	0.332309167261554	0.0974431123189787	-0.234866054942576
chr1:948816:948912:clu_51_NA	0.118623851146682	0.400061159003294	0.434099310895945	0.0340381518926505
chr1:948816:949076:clu_51_NA	-0.47791598834845	0.33498576013593	0.200177422603566	-0.134808337532365
chr1:948992:949076:clu_51_NA	0.359292137201769	0.264953080860775	0.365723266500489	0.100770185639714
chr1:18060963:18061243:clu_510_NA	-3.94506524778814	0.963845734621643	0.00988312560255287	-0.95396260901909
chr1:18060978:18061243:clu_510_NA	3.94506524778814	0.0361542653783568	0.990116874397447	0.95396260901909
chr1:18118805:18119232:clu_513_NA	0.020008846038204	0.743686287307264	0.751239672648322	0.00755338534105887
chr1:18118805:18119244:clu_513_NA	-0.020008846038204	0.256313712692736	0.248760327351677	-0.00755338534105884
chr1:18120306:18120379:clu_514_NA	0.280438917701064	0.728392138583303	0.824531824624441	0.0961396860411382
chr1:18120306:18120397:clu_514_NA	-0.280438917701064	0.271607861416697	0.175468175375559	-0.0961396860411381
chr1:18151239:18151339:clu_515_NA	2.63986954801875	0.0714184114024504	0.937884808454012	0.866466397051562
chr1:18151243:18151339:clu_515_NA	-2.63986954801875	0.92858158859755	0.0621151915459879	-0.866466397051562
chr1:18181471:18181613:clu_516_NA	0.304939174793109	0.301645234753438	0.406190474217591	0.104545239464154
chr1:18181471:18181781:clu_516_NA	-0.105660567476346	0.323648809669303	0.289058721280865	-0.0345900883884381
chr1:18181650:18181781:clu_516_NA	-0.199278607316762	0.374705955577259	0.304750804501544	-0.0699551510757155
chr1:18382960:18383117:clu_519_NA	0.0635815397219475	0.60156903107263	0.631619344738982	0.030050313666352
chr1:18383029:18383117:clu_519_NA	-0.0635815397219475	0.39843096892737	0.368380655261018	-0.030050313666352
chr1:949621:949734:clu_52_NA	-0.00278520819452167	0.433509582698334	0.426395946596497	-0.00711363610183635
chr1:949621:949883:clu_52_NA	-0.299933531963098	0.302305360198999	0.220907436531524	-0.0813979236674743
chr1:949796:949883:clu_52_NA	0.30271874015762	0.264185057102668	0.352696616871979	0.0885115597693107
chr1:18488403:18488983:clu_524_NA	-1.3739578833356	0.0561039085214604	0.0203338095706667	-0.0357700989507937
chr1:18488731:18488827:clu_524_NA	2.4597112144139	0.0305955693029705	0.512655365992326	0.482059796689355
chr1:18488731:18488983:clu_524_NA	-3.60913389400727	0.889078583698087	0.034469991452847	-0.85460859224524
chr1:18488907:18488983:clu_524_NA	2.52338056292897	0.024221938477482	0.432540832984161	0.408318894506679
chr1:18574758:18575748:clu_527_NA	0.973538188166576	0.0983794734825167	0.419597811538969	0.321218338056452
chr1:18574758:18576670:clu_527_NA	-2.4365074964145	0.835118982768647	0.117682816069152	-0.717436166699495
chr1:18575813:18576670:clu_527_NA	1.46296930824792	0.0665015437488365	0.46271937239188	0.396217828643043
chr1:18592045:18592130:clu_528_NA	-1.92509490987918	0.863680713845957	0.118785001126474	-0.744895712719483
chr1:18592045:18592154:clu_528_NA	1.92509490987918	0.136319286154043	0.881214998873526	0.744895712719483
chr1:18727574:18727828:clu_532_NA	0.127867269711381	0.607364984465936	0.666408126548923	0.059043142082987
chr1:18727574:18728109:clu_532_NA	-0.127867269711381	0.392635015534064	0.333591873451077	-0.0590431420829871
chr1:19323932:19324051:clu_544_NA	-0.484143929829261	0.467307667770071	0.249881568881427	-0.217426098888644
chr1:19323940:19324051:clu_544_NA	0.484143929829261	0.532692332229929	0.750118431118573	0.217426098888644
chr1:19487212:19487317:clu_548_NA	0.766414274091412	0.015171475179338	0.0289122798925968	0.0137408047132588
chr1:19487212:19487581:clu_548_NA	-5.03974723494111	0.969634432467925	0.00556004944107003	-0.964074383026855
chr1:19487212:19487855:clu_548_NA	4.27333296084969	0.0151940923527369	0.965527670666333	0.950333578313596
chr1:19522759:19522858:clu_550_NA	-3.06199783058239	0.921322893471328	0.0250005931043176	-0.89632230036701
chr1:19522759:19522870:clu_550_NA	3.06199783058239	0.0786771065286721	0.974999406895682	0.89632230036701
chr1:19601329:19601691:clu_554_NA	3.86202623299422	0.0187240520768123	0.977357142120567	0.958633090043755
chr1:19601352:19601691:clu_554_NA	-3.86202623299422	0.981275947923188	0.0226428578794327	-0.958633090043755
chr1:19837228:19837464:clu_559_NA	0.194423429652074	0.170227845855953	0.232336188404293	0.0621083425483396
chr1:19837340:19837464:clu_559_NA	-0.194423429652074	0.829772154144047	0.767663811595707	-0.0621083425483395
chr1:19888088:19888229:clu_561_NA	-0.0528383758009139	0.392206109147984	0.367321457546721	-0.0248846516012639
chr1:19888088:19888305:clu_561_NA	0.0528383758009139	0.607793890852016	0.632678542453279	0.0248846516012639
chr1:19990400:19990478:clu_565_NA	31.7626328287089	0.0228051658145308	1	0.977194834185469
chr1:19990400:19990481:clu_565_NA	-31.7626328287089	0.977194834185469	1.10477946110933e-26	-0.977194834185469
chr1:20030667:20030944:clu_566_NA	-0.28016362823494	0.790399840545882	0.682873736656003	-0.107526103889879
chr1:20030667:20030962:clu_566_NA	0.28016362823494	0.209600159454118	0.317126263343997	0.107526103889879
chr1:20135536:20135800:clu_575_NA	-0.462734569139985	0.57963163616671	0.353381622472745	-0.226250013693965
chr1:20135536:20135806:clu_575_NA	0.462734569139985	0.42036836383329	0.646618377527255	0.226250013693965
chr1:20260737:20260862:clu_582_NA	1.82622781767622	0.120903263944145	0.841382595684208	0.720479331740063
chr1:20260752:20260862:clu_582_NA	-1.82622781767622	0.879096736055855	0.158617404315792	-0.720479331740063
chr1:20291357:20291458:clu_584_NA	-0.336331848088081	0.17228305294109	0.0960247370712979	-0.0762583158697917
chr1:20291378:20291458:clu_584_NA	0.336331848088081	0.82771694705891	0.903975262928702	0.0762583158697918
chr1:20306777:20306898:clu_585_NA	-0.101671525753673	0.275219983972219	0.236558581578266	-0.0386614023939536
chr1:20306798:20306898:clu_585_NA	0.101671525753673	0.724780016027781	0.763441418421734	0.0386614023939537
chr1:20327518:20327614:clu_586_NA	0.201754329692884	0.700820818015604	0.778115542361845	0.0772947243462412
chr1:20327518:20327620:clu_586_NA	-0.201754329692884	0.299179181984396	0.221884457638155	-0.0772947243462412
chr1:20442303:20442394:clu_593_NA	-35.6202241048788	0.983202151142749	6.73062826510828e-30	-0.983202151142749
chr1:20442303:20443760:clu_593_NA	35.6202241048788	0.016797848857251	1	0.983202151142749
chr1:20542001:20542770:clu_597_NA	-2.20463483780576	0.822374278953449	0.0533147975173142	-0.769059481436135
chr1:20542001:20542774:clu_597_NA	2.20463483780576	0.177625721046551	0.946685202482686	0.769059481436135
chr1:20566186:20567032:clu_598_NA	-0.0271866017666139	0.351388105702307	0.339098001951777	-0.0122901037505297
chr1:20566938:20567032:clu_598_NA	0.0271866017666138	0.648611894297693	0.660901998048223	0.0122901037505299
chr1:72669:72915:clu_6_NA	2.95935243383661	0.0126440440820994	0.546286237959252	0.533642193877153
chr1:72669:73087:clu_6_NA	-5.06307568291245	0.963391198840856	0.0136533954942905	-0.949737803346566
chr1:73016:73087:clu_6_NA	2.10372324907585	0.023964757077044	0.440060366546457	0.416095609469413
chr1:20652822:20652902:clu_607_NA	0.0267893954160223	0.190547949943285	0.198949195562299	0.00840124561901404
chr1:20652822:20652932:clu_607_NA	-0.0267893954160223	0.809452050056715	0.801050804437701	-0.00840124561901401
chr1:20720471:20720570:clu_610_NA	2.85387023246948	0.0258516629719656	0.888800983412859	0.862949320440894
chr1:20720471:20720609:clu_610_NA	-2.85387023246948	0.974148337028034	0.111199016587141	-0.862949320440894
chr1:20722292:20722394:clu_611_NA	-2.64877511646195	0.955042825470794	0.0960848005434799	-0.858958024927314
chr1:20722308:20722394:clu_611_NA	2.64877511646195	0.0449571745292063	0.90391519945652	0.858958024927314
chr1:20726055:20726144:clu_612_NA	-1.93221081644775	0.872164452222734	0.125188450006738	-0.746976002215996
chr1:20726058:20726144:clu_612_NA	1.93221081644775	0.127835547777266	0.874811549993262	0.746976002215996
chr1:20737534:20737677:clu_614_NA	3.04283294672378	0.0230218665269561	0.911947251928589	0.888925385401633
chr1:20737534:20737686:clu_614_NA	-3.04283294672378	0.976978133473044	0.0880527480714109	-0.888925385401633
chr1:20811922:20812173:clu_615_NA	1.41487441317493	0.228763947209949	0.571648698406569	0.342884751196621
chr1:20811922:20812617:clu_615_NA	-2.8283254036431	0.608321975944098	0.0218311632531516	-0.586490812690947
chr1:20812296:20812617:clu_615_NA	1.41345099046817	0.162914076845953	0.406520138340279	0.243606061494326
chr1:20863419:20863486:clu_618_NA	0.108734398659076	0.393266297083875	0.446175814564439	0.0529095174805643
chr1:20863419:20863501:clu_618_NA	-0.108734398659076	0.606733702916125	0.553824185435561	-0.0529095174805643
chr1:20896030:20896105:clu_621_NA	-3.19323585071505	0.962537894531713	0.0414780470034065	-0.921059847528306
chr1:20896030:20896175:clu_621_NA	3.19323585071505	0.0374621054682873	0.958521952996593	0.921059847528306
chr1:21047609:21047720:clu_625_NA	-1.92205743885647	0.873346800531728	0.128617876543293	-0.744728923988435
chr1:21047639:21047720:clu_625_NA	1.92205743885647	0.126653199468272	0.871382123456707	0.744728923988435
chr1:21664250:21664352:clu_640_NA	1.20043391973276	0.181143231554641	0.486471247569252	0.305328016014611
chr1:21664250:21664685:clu_640_NA	-1.94042432570452	0.553770821037822	0.0643143270225228	-0.4894564940153
chr1:21664600:21664685:clu_640_NA	0.739990405971753	0.265085947407536	0.449214425408225	0.184128478000689
chr1:21764158:21764770:clu_643_NA	0.153528619842658	0.474594919542649	0.55115768961499	0.0765627700723409
chr1:21764158:21765051:clu_643_NA	-0.153528619842658	0.525405080457351	0.44884231038501	-0.0765627700723409
chr1:21884207:21884510:clu_644_NA	0.107033567449278	0.628112779062386	0.676601295750905	0.0484885166885191
chr1:21884207:21884517:clu_644_NA	-0.107033567449278	0.371887220937614	0.323398704249095	-0.0484885166885191
chr1:22032639:22033000:clu_646_NA	-2.78985244965769	0.939926930444039	0.055752587060436	-0.884174343383603
chr1:22032844:22033000:clu_646_NA	2.78985244965769	0.0600730695559614	0.944247412939564	0.884174343383603
chr1:22329713:22330125:clu_652_NA	-0.155363081177575	0.947485561826741	0.929693936965799	-0.0177916248609421
chr1:22329721:22330125:clu_652_NA	0.155363081177575	0.0525144381732588	0.070306063034201	0.0177916248609422
chr1:22338074:22338174:clu_653_NA	-0.878724389699178	0.683164207364429	0.148800882431394	-0.534363324933035
chr1:22338074:22338467:clu_653_NA	2.63617316901263	0.110115194907781	0.806173035949913	0.696057841042132
chr1:22338381:22338467:clu_653_NA	-0.878724389615028	0.0883954902075119	0.0192535364194274	-0.0691419537880845
chr1:22338384:22338467:clu_653_NA	-0.87872438969842	0.118325107520278	0.0257725451992657	-0.0925525623210122
chr1:22338233:22338319:clu_654_NA	-1.15041561134998	0.191408687055897	0.0221611688499522	-0.169247518205945
chr1:22338233:22338618:clu_654_NA	-1.15041652181675	0.558519578636426	0.0646649617073159	-0.49385461692911
chr1:22338526:22338618:clu_654_NA	2.30083213316673	0.250071734307677	0.913173869442732	0.663102135135055
chr1:22346339:22346540:clu_655_NA	0.262572553139132	0.32463215673885	0.409858330106424	0.0852261733675735
chr1:22346339:22346717:clu_655_NA	-0.201371994903948	0.223466774773712	0.177405317485401	-0.0460614572883105
chr1:22346601:22346717:clu_655_NA	-0.0612005582351842	0.451901068487438	0.412736352408175	-0.039164716079263
chr1:1407205:1407314:clu_66_NA	0.262102104671137	0.387890138589943	0.516997093748385	0.129106955158442
chr1:1407205:1407429:clu_66_NA	-0.262102104671137	0.612109861410057	0.483002906251615	-0.129106955158442
chr1:22462390:22462720:clu_660_NA	0.356759479692456	0.830296018349467	0.90898014736935	0.0786841290198832
chr1:22462393:22462720:clu_660_NA	-0.356759479692456	0.169703981650533	0.09101985263065	-0.0786841290198832
chr1:22542673:22542817:clu_662_NA	0.290851827360952	0.0210693482714708	0.0294737221582815	0.00840437388681068
chr1:22542673:22542837:clu_662_NA	-0.0130962385118341	0.107071836217074	0.110523891047424	0.00345205483034935
chr1:22542673:22542863:clu_662_NA	-0.0507705170060471	0.0715265945867702	0.0711028048047879	-0.000423789781982362
chr1:22542673:22542958:clu_662_NA	-0.0150436633980798	0.159683642902596	0.16451124583981	0.00482760293721413
chr1:22542673:22543107:clu_662_NA	-0.0781598153066073	0.0261843070550008	0.0253259210229169	-0.000858386032083925
chr1:22542862:22542958:clu_662_NA	-0.0585389994922355	0.183943045592198	0.181438208071035	-0.00250483752116309
chr1:22542981:22543107:clu_662_NA	-0.0752425936461484	0.43052122537489	0.417624207055746	-0.0128970183191448
chr1:22581721:22582082:clu_664_NA	0.427515614299757	0.163516625196506	0.32783308816079	0.164316462964284
chr1:22581721:22582297:clu_664_NA	0.335235324343288	0.0920496865460965	0.168281495462877	0.0762318089167807
chr1:22582114:22582297:clu_664_NA	-0.819177363810787	0.65167579448911	0.375569727136537	-0.276106067352573
chr1:22582128:22582297:clu_664_NA	0.0564264251677431	0.0927578937682872	0.128315689239795	0.0355577954715082
chr1:22882958:22883059:clu_672_NA	0.0891159808861913	0.454411652615881	0.470433060254826	0.0160214076389448
chr1:22882958:22883182:clu_672_NA	-0.14035978046927	0.0820824614257084	0.0675520743282537	-0.0145303870974547
chr1:22883070:22883182:clu_672_NA	0.0512437995830784	0.463505885958411	0.46201486541692	-0.00149102054149014
chr1:23012687:23013416:clu_675_NA	0.070074706432063	0.538870408687269	0.573451041436897	0.0345806327496279
chr1:23012687:23013511:clu_675_NA	-0.070074706432063	0.461129591312731	0.426548958563103	-0.0345806327496277
chr1:23292196:23292788:clu_680_NA	1.31873039906493	0.230834193696066	0.807501090312287	0.576666896616221
chr1:23292196:23294393:clu_680_NA	-1.31873039906493	0.769165806303934	0.192498909687713	-0.576666896616221
chr1:23348998:23349089:clu_681_NA	-4.02156949349056	0.951822538636301	0.00630773013858987	-0.945514808497711
chr1:23349004:23349089:clu_681_NA	4.02156949349056	0.0481774613636987	0.99369226986141	0.945514808497711
chr1:23405445:23405638:clu_683_NA	0.149729161157811	0.769191072435101	0.818052378436384	0.0488613060012822
chr1:23405445:23405658:clu_683_NA	-0.149729161157811	0.230808927564899	0.181947621563616	-0.0488613060012822
chr1:23467040:23467173:clu_684_NA	0.125873521350065	0.362909509419863	0.422867949693297	0.0599584402734344
chr1:23467040:23467249:clu_684_NA	-0.125873521350065	0.637090490580137	0.577132050306703	-0.0599584402734343
chr1:1513744:1513825:clu_69_NA	3.20300231450763	0.0894250607864205	0.983460554940088	0.894035494153668
chr1:1513744:1513831:clu_69_NA	-3.20300231450763	0.91057493921358	0.0165394450599118	-0.894035494153668
chr1:23658332:23658412:clu_691_NA	-2.93932165578577	0.869428399948183	0.0182938145561884	-0.851134585391994
chr1:23658332:23658416:clu_691_NA	2.93932165578577	0.130571600051817	0.981706185443811	0.851134585391994
chr1:23660644:23660686:clu_692_NA	0.315578677754804	0.948343624053846	0.971839233192747	0.0234956091389014
chr1:23660644:23660722:clu_692_NA	-0.315578677754804	0.0516563759461543	0.0281607668072529	-0.0234956091389014
chr1:23660733:23660834:clu_693_NA	0.110094441238878	0.075955501571551	0.0914075988853833	0.0154520973138322
chr1:23660733:23661089:clu_693_NA	-0.109507427614174	0.781814080433925	0.75536119984678	-0.0264528805871452
chr1:23660999:23661089:clu_693_NA	-0.000587013624704377	0.142230417994524	0.153231201267837	0.011000783273313
chr1:23663863:23664166:clu_694_NA	-0.303259001700789	0.931101195248147	0.900116412923536	-0.0309847823246105
chr1:23663863:23664614:clu_694_NA	0.0683550475863031	0.0559087648818116	0.078373930189099	0.0224651653072874
chr1:23664272:23664614:clu_694_NA	0.234903954114486	0.0129900398700417	0.0215096568873648	0.00851961701732315
chr1:23685299:23685397:clu_695_NA	-2.05444527369116	0.723378887456586	0.0411857059092339	-0.682193181547352
chr1:23685299:23685406:clu_695_NA	2.05444527369116	0.276621112543414	0.958814294090766	0.682193181547352
chr1:23732903:23732991:clu_699_NA	0.103690981063384	0.707465227047423	0.748473396942658	0.0410081698952349
chr1:23732903:23733003:clu_699_NA	-0.103690981063384	0.292534772952577	0.251526603057342	-0.041008169895235
chr1:1517057:1517149:clu_70_NA	1.90600530003464	0.0253685356230338	0.510906408517002	0.485537872893968
chr1:1517057:1517176:clu_70_NA	-3.23676149376983	0.942323741891844	0.110858971389069	-0.831464770502775
chr1:1517057:1518181:clu_70_NA	-0.09212067174852	0.00238578061717675	0.00651480429191779	0.00412902367474104
chr1:1517234:1518181:clu_70_NA	1.42287686548371	0.0299219418679453	0.371719815802011	0.341797873934065
chr1:23739892:23740006:clu_700_NA	-1.97747578495688	0.887254293301637	0.131021740563943	-0.756232552737694
chr1:23739916:23740006:clu_700_NA	1.97747578495688	0.112745706698363	0.868978259436057	0.756232552737694
chr1:23789584:23789704:clu_702_NA	0.123747041074984	0.384507902182384	0.391243852478617	0.00673595029623236
chr1:23789584:23789824:clu_702_NA	-0.424037019365131	0.2212867145498	0.130196108382329	-0.0910906061674712
chr1:23789751:23789824:clu_702_NA	0.300289978290146	0.394205383267816	0.478560039139054	0.0843546558712387
chr1:23833671:23833750:clu_704_NA	0.0400215269957599	0.392937806396961	0.378093278314704	-0.0148445280822571
chr1:23833671:23833771:clu_704_NA	-0.23132377091682	0.149352274211167	0.109557777809885	-0.039794496401282
chr1:23833671:23833774:clu_704_NA	0.19130224392106	0.457709919391872	0.512348943875411	0.0546390244835391
chr1:23833861:23834477:clu_705_NA	0.109818958068626	0.239713221478619	0.248948517185806	0.0092352957071869
chr1:23833861:23834566:clu_705_NA	-0.329334152057215	0.0904157662790147	0.0605257180376597	-0.029890048241355
chr1:23833861:23834692:clu_705_NA	0.409999313662037	0.16032463525866	0.224793882382746	0.0644692471240862
chr1:23834592:23834692:clu_705_NA	-0.286287376923076	0.172443058126399	0.120513715448545	-0.0519293426778545
chr1:23834602:23834692:clu_705_NA	0.0958032572496281	0.337103318857307	0.345218166945244	0.00811484808793639
chr1:24052917:24053273:clu_708_NA	0.267706843513248	0.0423559042590101	0.0774066582623201	0.03505075400331
chr1:24052917:24053619:clu_708_NA	-0.404305468280434	0.914577794680096	0.853559450015907	-0.061018344664189
chr1:24053395:24053619:clu_708_NA	0.136598624767186	0.0430663010608942	0.0690338917217732	0.0259675906608791
chr1:24100556:24100638:clu_711_NA	3.64336316751802	0.00897981896450134	0.929757558800232	0.920777739835731
chr1:24100556:24100643:clu_711_NA	-3.64336316751802	0.991020181035499	0.0702424411997677	-0.920777739835731
chr1:24181194:24181536:clu_713_NA	0.151290255520201	0.298897220774832	0.350429455212273	0.0515322344374405
chr1:24181194:24181955:clu_713_NA	-0.0652325507372829	0.0648730827997544	0.0612503539822983	-0.00362272881745614
chr1:24181623:24181955:clu_713_NA	-0.0860577047829185	0.636229696425413	0.588320190805429	-0.0479095056199843
chr1:24205563:24205694:clu_714_NA	1.71555270211715	0.233174595018827	0.903839555650796	0.670664960631969
chr1:24205571:24205694:clu_714_NA	-1.71555270211715	0.766825404981173	0.0961604443492038	-0.670664960631969
chr1:24294067:24294194:clu_715_NA	3.00013258006493	0.0544118025310494	0.958712802250855	0.904300999719805
chr1:24294067:24294202:clu_715_NA	-3.00013258006493	0.945588197468951	0.0412871977491452	-0.904300999719805
chr1:24313564:24314080:clu_716_NA	23.3795109898072	2.92846385925666e-11	0.999999999831665	0.99999999980238
chr1:24313868:24314080:clu_716_NA	-23.3795109898072	0.999999999970715	1.6833518720103e-10	-0.99999999980238
chr1:24398513:24399713:clu_719_NA	-0.289594210413922	0.164214335573747	0.108729353621349	-0.055484981952398
chr1:24398960:24399713:clu_719_NA	-0.0960558099608814	0.393916715271678	0.316513915126411	-0.0774028001452678
chr1:24399314:24399713:clu_719_NA	0.385650020374803	0.441868949154574	0.57475673125224	0.132887782097666
chr1:24434697:24434777:clu_720_NA	1.28683437913681	0.0607674262338661	0.470368343838269	0.409600917604403
chr1:24434697:24435530:clu_720_NA	-2.88010770044877	0.89912621364556	0.107871806342062	-0.791254407303498
chr1:24435186:24435530:clu_720_NA	1.59327332131196	0.0401063601205739	0.421759849819669	0.381653489699095
chr1:24435894:24436173:clu_721_NA	-1.35489569299374	0.507685095889602	0.0771788235383703	-0.430506272351232
chr1:24435894:24436182:clu_721_NA	-1.35489560441427	0.39487629685096	0.0600295162896176	-0.334846780561342
chr1:24435894:24436242:clu_721_NA	2.70979129740801	0.0974386072594384	0.862791660172012	0.765353052912574
chr1:24597569:24598367:clu_725_NA	-0.298306852080834	0.762608705866641	0.638860439792925	-0.123748266073716
chr1:24597578:24598367:clu_725_NA	0.298306852080834	0.237391294133359	0.361139560207075	0.123748266073716
chr1:24686590:24686778:clu_728_NA	-3.88640590539651	0.991769668788615	0.048284884626337	-0.943484784162278
chr1:24686590:24687229:clu_728_NA	3.88640590539651	0.00823033121138513	0.951715115373663	0.943484784162278
chr1:24828781:24828946:clu_731_NA	1.51764413282414	0.226731052575705	0.859171519433176	0.63244046685747
chr1:24828781:24828961:clu_731_NA	-1.51764413282414	0.773268947424295	0.140828480566824	-0.63244046685747
chr1:24835478:24835837:clu_732_NA	-0.258286897652781	0.463507608169017	0.399909061219174	-0.0635985469498426
chr1:24835478:24836001:clu_732_NA	0.503299488303308	0.134275442057643	0.248115407006826	0.113839964949183
chr1:24835889:24836001:clu_732_NA	-0.299768587001393	0.348133801968116	0.28816106571821	-0.0599727362499067
chr1:24835900:24836001:clu_732_NA	0.0547559963508669	0.0540831478052241	0.0638144660557903	0.00973131825056615
chr1:24966530:24966623:clu_735_NA	-2.82187504986831	0.440944156922095	0.0109904785834586	-0.429953678338636
chr1:24966530:24966724:clu_735_NA	5.64375010405419	0.00823990566067735	0.975280502350429	0.967040596689752
chr1:24966646:24966724:clu_735_NA	-2.82187505418589	0.550815937417228	0.0137290190661123	-0.537086918351116
chr1:25122724:25123429:clu_738_NA	3.34816058919855	0.0487974356359406	0.976483875437807	0.927686439801866
chr1:25122724:25123441:clu_738_NA	-3.34816058919855	0.951202564364059	0.0235161245621929	-0.927686439801866
chr1:25210307:25210504:clu_743_NA	-0.0230551516648805	0.652096841512528	0.641563952602605	-0.0105328889099238
chr1:25210310:25210504:clu_743_NA	0.0230551516648805	0.347903158487472	0.358436047397395	0.0105328889099237
chr1:25263145:25263238:clu_746_NA	1.22941182521781	0.221491028164242	0.768849320567635	0.547358292403394
chr1:25263145:25263454:clu_746_NA	-1.22941182521781	0.778508971835758	0.231150679432365	-0.547358292403393
chr1:25307807:25308200:clu_749_NA	0.0137889059643333	0.354105607326191	0.360438139063026	0.0063325317368359
chr1:25308105:25308200:clu_749_NA	-0.0137889059643333	0.645894392673809	0.639561860936974	-0.00633253173683579
chr1:25518107:25518201:clu_757_NA	-2.23381977846326	0.929866239685061	0.132044313112474	-0.797821926572587
chr1:25518107:25518261:clu_757_NA	2.23381977846326	0.070133760314939	0.867955686887526	0.797821926572587
chr1:25562702:25563607:clu_759_NA	-2.4927700535751	0.900431560903601	0.0582217315068401	-0.842209829396761
chr1:25562702:25563610:clu_759_NA	2.4927700535751	0.0995684390963993	0.94177826849316	0.842209829396761
chr1:1715384:1716064:clu_76_NA	-2.58531345008189	0.452054984023821	0.00378176915976186	-0.448273214864059
chr1:1715384:1716196:clu_76_NA	7.75594035340325	0.00382571247984074	0.991666276607528	0.987840564127688
chr1:1715842:1716196:clu_76_NA	-2.58531345166068	0.0296212862086043	0.00024780363105878	-0.0293734825775455
chr1:1716102:1716196:clu_76_NA	-2.58531345166068	0.514498017287734	0.0043041506016511	-0.510193866686083
chr1:25572508:25572625:clu_760_NA	1.39373836976145	0.181637428350009	0.782821279507102	0.601183851157093
chr1:25572541:25572625:clu_760_NA	-1.39373836976145	0.818362571649991	0.217178720492898	-0.601183851157093
chr1:25599530:25599801:clu_761_NA	-2.07906386852659	0.882303650695622	0.104921454026035	-0.777382196669588
chr1:25599669:25599801:clu_761_NA	2.07906386852659	0.117696349304378	0.895078545973965	0.777382196669588
chr1:25939070:25939181:clu_767_NA	-3.30328537455892	0.963546460128773	0.0344899473981605	-0.929056512730613
chr1:25939070:25939202:clu_767_NA	3.30328537455892	0.0364535398712266	0.965510052601839	0.929056512730613
chr1:26172834:26172914:clu_770_NA	0.0485946479318796	0.586283776130876	0.609643262660472	0.0233594865295963
chr1:26172834:26172917:clu_770_NA	-0.0485946479318796	0.413716223869125	0.390356737339528	-0.0233594865295964
chr1:26176449:26177142:clu_771_NA	0.232894502693161	0.237512584992447	0.332595888737652	0.0950833037452048
chr1:26176449:26179205:clu_771_NA	-0.481334906074055	0.566108344425542	0.388100243795756	-0.178008100629787
chr1:26177250:26179205:clu_771_NA	0.248440403380895	0.19637907058201	0.279303867466592	0.082924796884582
chr1:26228063:26228138:clu_772_NA	1.7982148850531	0.182613347524877	0.890678319011455	0.708064971486579
chr1:26228063:26228146:clu_772_NA	-1.7982148850531	0.817386652475124	0.109321680988545	-0.708064971486579
chr1:26231936:26232051:clu_773_NA	-1.58772904543231	0.489822022212128	0.268219008654394	-0.221603013557733
chr1:26231936:26232193:clu_773_NA	3.17545812430205	0.00711515384250262	0.456311532442172	0.449196378599669
chr1:26232107:26232193:clu_773_NA	-1.58772907886974	0.50306282394537	0.275469458903434	-0.227593365041936
chr1:26295159:26295448:clu_774_NA	0.797436499318852	0.0220259651704183	0.0497388454650504	0.0277128802946321
chr1:26295159:26295590:clu_774_NA	0.171408299873825	0.0695894685165839	0.0840279327487161	0.0144384642321322
chr1:26295159:26295703:clu_774_NA	-0.47572666026829	0.041638694996092	0.0263226813897188	-0.0153160136063732
chr1:26295179:26295703:clu_774_NA	0.462678948475606	0.297644846732329	0.480923238324615	0.183278391592286
chr1:26295187:26295590:clu_774_NA	-0.477898342118339	0.0874662137044692	0.0551734567980666	-0.0322927569064026
chr1:26295187:26295703:clu_774_NA	-0.477898745281653	0.481634810880107	0.303813845273833	-0.177820965606275
chr1:26612760:26613170:clu_779_NA	-0.327428437639263	0.271771571765356	0.239783883151816	-0.0319876886135408
chr1:26612791:26613170:clu_779_NA	0.310131755568107	0.0121720142175893	0.0203173605548475	0.00814534633725817
chr1:26612974:26613170:clu_779_NA	0.410735061265833	0.145580985848984	0.26872059552714	0.123139609678156
chr1:26613093:26613170:clu_779_NA	-0.393438379194677	0.570475428168071	0.471178160766197	-0.0992972674018736
chr1:26711053:26711148:clu_785_NA	-0.530779095910639	0.137382178605534	0.0522147329772329	-0.085167445628301
chr1:26711053:26711152:clu_785_NA	0.530779095910639	0.862617821394466	0.947785267022767	0.085167445628301
chr1:26715706:26715929:clu_786_NA	2.75113863309155	0.0410736661572738	0.913079591691078	0.872005925533804
chr1:26715706:26715933:clu_786_NA	-2.75113863309155	0.958926333842726	0.0869204083089221	-0.872005925533804
chr1:26951059:26951161:clu_789_NA	2.77606308324329	0.0658453650267801	0.947836214040568	0.881990849013788
chr1:26951059:26951165:clu_789_NA	-2.77606308324329	0.93415463497322	0.0521637859594316	-0.881990849013788
chr1:27194649:27194729:clu_798_NA	3.81533330135199	0.0356044676137803	0.987024555273274	0.951420087659494
chr1:27194649:27194743:clu_798_NA	-3.81533330135199	0.96439553238622	0.0129754447267261	-0.951420087659494
chr1:27194805:27194883:clu_799_NA	3.2601538657671	0.0268023889055611	0.949223546478143	0.922421157572582
chr1:27194805:27194893:clu_799_NA	-3.2601538657671	0.973197611094439	0.0507764535218567	-0.922421157572582
chr1:27439930:27440072:clu_816_NA	-0.10271329664001	0.118068526486905	0.0982984116662704	-0.0197701148206341
chr1:27439973:27440072:clu_816_NA	0.10271329664001	0.881931473513095	0.90170158833373	0.0197701148206342
chr1:27529628:27530358:clu_820_NA	1.75951178515176	0.13147667654827	0.83631460494558	0.70483792839731
chr1:27529634:27530358:clu_820_NA	-1.75951178515176	0.86852332345173	0.16368539505442	-0.70483792839731
chr1:27594166:27594495:clu_823_NA	-0.320065079948365	0.18034666762571	0.103945853772077	-0.0764008138536335
chr1:27594166:27594499:clu_823_NA	0.320065079948365	0.81965333237429	0.896054146227923	0.0764008138536335
chr1:27706328:27706888:clu_827_NA	-2.2685488732367	0.928163666959757	0.121502305725296	-0.806661361234461
chr1:27706601:27706888:clu_827_NA	2.2685488732367	0.0718363330402428	0.878497694274704	0.806661361234461
chr1:27877846:27877996:clu_831_NA	-0.00833095542096999	0.386888790184063	0.382944013171349	-0.00394477701271367
chr1:27877903:27877996:clu_831_NA	0.00833095542097004	0.613111209815937	0.617055986828651	0.00394477701271378
chr1:27879270:27879360:clu_832_NA	0.266088374312286	0.131989738520575	0.181564645383857	0.0495749068632821
chr1:27879279:27879360:clu_832_NA	-0.089476015739289	0.350368102992894	0.337750520093364	-0.0126175828995292
chr1:27879279:27879489:clu_832_NA	-0.0266007136853375	0.09225742254459	0.0947063673498232	0.00244894480523321
chr1:27879401:27879489:clu_832_NA	-0.15001164488766	0.425384735941941	0.385978467172955	-0.0394062687689861
chr1:27962815:27963012:clu_834_NA	-3.01793240102152	0.968046537121853	0.0675551819196337	-0.900491355202219
chr1:27962815:27963045:clu_834_NA	3.01793240102152	0.031953462878147	0.932444818080366	0.900491355202219
chr1:1900107:1900297:clu_84_NA	1.28339983106574	0.106271281786579	0.412695546112531	0.306424264325953
chr1:1900107:1900512:clu_84_NA	-2.29109778393455	0.721113733286229	0.0784933816755178	-0.642620351610711
chr1:1900429:1900512:clu_84_NA	1.00769795286881	0.172614984927192	0.508811072211951	0.336196087284759
chr1:28214747:28214830:clu_841_NA	3.23635578393247	0.0623458637840881	0.97729110222777	0.914945238443682
chr1:28214747:28214837:clu_841_NA	-3.23635578393247	0.937654136215912	0.02270889777223	-0.914945238443682
chr1:28317373:28317461:clu_848_NA	-2.61211105650825	0.882715672140919	0.0389472884017197	-0.8437683837392
chr1:28317376:28317461:clu_848_NA	2.61211105650825	0.11728432785908	0.96105271159828	0.8437683837392
chr1:1989526:1989668:clu_85_NA	0.212438912220009	0.312675178155426	0.349160358538491	0.0364851803830645
chr1:1989526:1990137:clu_85_NA	0.087215537133988	0.296112589072711	0.29174577512654	-0.00436681394617017
chr1:1989705:1990137:clu_85_NA	0.0430509446964255	0.359074454019405	0.338494622778904	-0.0205798312405015
chr1:1989773:1990137:clu_85_NA	-0.342705394050423	0.0321377787524576	0.0205992435560649	-0.0115385351963928
chr1:28574485:28574584:clu_854_NA	0.380315650691014	0.424547356848817	0.612183058142271	0.187635701293454
chr1:28574485:28574593:clu_854_NA	-0.380315650691014	0.575452643151183	0.387816941857729	-0.187635701293454
chr1:28683009:28683673:clu_859_NA	-0.0250742701770948	0.628052599396063	0.616264544987567	-0.0117880544084952
chr1:28683044:28683673:clu_859_NA	0.0250742701770949	0.371947400603937	0.383735455012433	0.0117880544084952
chr1:28692956:28693070:clu_861_NA	-2.77994047616882	0.937309855485951	0.0544197672076137	-0.882890088278337
chr1:28692970:28693070:clu_861_NA	2.77994047616882	0.0626901445140487	0.945580232792386	0.882890088278337
chr1:29001664:29001964:clu_866_NA	11.2634619531182	1.90148656908511e-08	0.991412977863392	0.991412958848526
chr1:29001840:29001964:clu_866_NA	-11.2634619531182	0.999999980985134	0.00858702213660845	-0.991412958848526
chr1:29293272:29293401:clu_873_NA	2.44963977229056	0.178666373382851	0.895580016037859	0.716913642655008
chr1:29293278:29293401:clu_873_NA	-1.2248198857133	0.0901651661475733	0.011463119133564	-0.0787020470140093
chr1:29293278:29293434:clu_873_NA	-1.22481988657725	0.731168460469575	0.0929568648285772	-0.638211595640998
chr1:29568200:29568265:clu_877_NA	-3.17224971784044	0.482450707887473	0.00950906054258245	-0.47294164734489
chr1:29568200:29568399:clu_877_NA	6.34449943716609	0.00366125748522684	0.980362252015919	0.976700994530692
chr1:29568324:29568399:clu_877_NA	-3.17224971932565	0.5138880346273	0.0101286874414989	-0.503759347185801
chr1:29595877:29595959:clu_879_NA	1.92983420759657	0.212043150081435	0.927372715337526	0.715329565256091
chr1:29595877:29595986:clu_879_NA	-1.92983420759657	0.787956849918565	0.0726272846624741	-0.715329565256091
chr1:29621988:29622078:clu_881_NA	-2.25688758907054	0.747333656152644	0.0313911989603387	-0.715942457192306
chr1:29621997:29622078:clu_881_NA	2.25688758907054	0.252666343847356	0.968608801039661	0.715942457192306
chr1:29622210:29622303:clu_882_NA	-3.49887497306869	0.992434294508735	0.107051896076393	-0.885382398432342
chr1:29622210:29622989:clu_882_NA	3.49887497306869	0.007565705491265	0.892948103923607	0.885382398432342
chr1:29899096:29899189:clu_892_NA	-2.23812949872233	0.90932538050589	0.102400397107669	-0.80692498339822
chr1:29899099:29899189:clu_892_NA	2.23812949872233	0.0906746194941104	0.897599602892331	0.80692498339822
chr1:29942977:29943201:clu_894_NA	-2.51462413734372	0.785046270842429	0.0826481783829621	-0.702398092459466
chr1:29942977:29943247:clu_894_NA	2.25803400283085	0.0516264785186002	0.642613178605726	0.590986700087126
chr1:29942977:29943521:clu_894_NA	0.256590134512864	0.163327250638971	0.274738643011312	0.11141139237234
chr1:29964448:29964622:clu_895_NA	-0.120408322478418	0.0308584508195431	0.0244155458207973	-0.00644290499874582
chr1:29964448:29964906:clu_895_NA	0.120408322478418	0.969141549180457	0.975584454179203	0.00644290499874578
chr1:29972919:29973361:clu_896_NA	-3.46677234990792	0.962960963651136	0.0247105452479696	-0.938250418403166
chr1:29973078:29973361:clu_896_NA	3.46677234990792	0.037039036348864	0.97528945475203	0.938250418403166
chr1:29974309:29974392:clu_897_NA	3.52949354895903	0.0247920894834136	0.967291377339947	0.942499287856533
chr1:29974327:29974392:clu_897_NA	-3.52949354895903	0.975207910516586	0.0327086226600531	-0.942499287856533
chr1:30023327:30023584:clu_900_NA	3.09443814479946	0.0220974130062642	0.552670253427174	0.53057284042091
chr1:30023327:30023981:clu_900_NA	-4.72458781550072	0.902125339717869	0.00907051008693597	-0.893054829630933
chr1:30023727:30023981:clu_900_NA	1.63014967070126	0.0757772472758672	0.43825923648589	0.362481989210023
chr1:30033584:30033714:clu_902_NA	-1.9313452036569	0.841837086719436	0.100586078088297	-0.741251008631139
chr1:30033590:30033714:clu_902_NA	1.9313452036569	0.158162913280564	0.899413921911703	0.741251008631139
chr1:30109866:30110307:clu_909_NA	2.88238061794815	0.0875115707928919	0.968334715491505	0.880823144698613
chr1:30110115:30110307:clu_909_NA	-2.88238061794815	0.912488429207108	0.0316652845084947	-0.880823144698613
chr1:30110621:30110697:clu_910_NA	-0.0495080139474997	0.0134572063642715	0.0122040536680239	-0.00125315269624753
chr1:30110621:30110881:clu_910_NA	0.0495080139474997	0.986542793635728	0.987795946331976	0.00125315269624759
chr1:30181053:30181227:clu_912_NA	-0.310563423697811	0.390692573306613	0.287658310463595	-0.103034262843018
chr1:30181053:30181232:clu_912_NA	0.0168647790429392	0.333288761810157	0.340457339568141	0.00716857775798357
chr1:30181077:30181232:clu_912_NA	0.293698644654872	0.27601866488323	0.371884349968264	0.0958656850850346
chr1:30217575:30217863:clu_913_NA	-0.0589470979253989	0.50381425706288	0.474363283605373	-0.0294509734575063
chr1:30217632:30217863:clu_913_NA	0.0589470979253989	0.49618574293712	0.525636716394627	0.0294509734575064
chr1:30218927:30219061:clu_914_NA	0.113931843144951	0.15909718883344	0.191995275984385	0.0328980871509451
chr1:30218945:30219061:clu_914_NA	-0.113931843144951	0.84090281116656	0.808004724015615	-0.032898087150945
chr1:2136002:2136415:clu_92_NA	0.174950988896058	0.905635219655977	0.931589800558287	0.0259545809023103
chr1:2136002:2136450:clu_92_NA	-0.174950988896058	0.0943647803440232	0.0684101994417129	-0.0259545809023103
chr1:30318252:30318357:clu_920_NA	2.08946029007223	0.0406489910783212	0.734512171882129	0.693863180803808
chr1:30318279:30318357:clu_920_NA	-2.08946029007223	0.959351008921679	0.265487828117871	-0.693863180803808
chr1:2137143:2137264:clu_93_NA	-0.141258215137799	0.598642385602536	0.52929020965115	-0.0693521759513852
chr1:2137146:2137264:clu_93_NA	0.141258215137799	0.401357614397464	0.47070979034885	0.0693521759513852
chr1:2200219:2200330:clu_94_NA	-0.204186203474299	0.101217924362238	0.100095671279564	-0.00112225308267377
chr1:2200219:2200463:clu_94_NA	0.409055977874009	0.155898679713326	0.284661020502484	0.128762340789158
chr1:2200219:2200638:clu_94_NA	-0.55587946649341	0.647073620613283	0.450166446153337	-0.196907174459946
chr1:2200539:2200638:clu_94_NA	0.3510096920937	0.0958097753111534	0.165076862064615	0.0692670867534611
