ID	GeneID	geneSymbol	chr	strand	longExonStart_0base	longExonEnd	shortES	shortEE	flankingES	flankingEE	ID	IJC_SAMPLE_1	SJC_SAMPLE_1	IJC_SAMPLE_2	SJC_SAMPLE_2	IncFormLen	SkipFormLen	PValue	FDR	IncLevel1	IncLevel2	IncLevelDifference
0	"AT4G35785"	"AT4G35785"	chr4	-	16953724	16953890	16953853	16953890	16953522	16953592	0	101,64,123	0,2,2	57,46,87	11,2,8	198	99	2.41431520986e-06	4.64085034784e-05	1.0,0.941,0.969	0.722,0.92,0.845	0.141
2	"AT4G32590"	"AT4G32590"	chr4	+	15722237	15722304	15722237	15722300	15722545	15722608	2	0,0,1	419,299,420	0,0,1	979,650,1173	102	99	1	1.0	0.0,0.0,0.002	0.0,0.0,0.001	0.0
4	"AT1G52220"	"CURT1C"	chr1	-	19454377	19454697	19454380	19454697	19454186	19454273	4	1283,1183,1698	1,2,3	2466,1366,2693	1,4,1	101	99	1	1.0	0.999,0.998,0.998	1.0,0.997,1.0	-0.001
6	"AT4G33520"	"PAA1"	chr4	+	16125440	16125525	16125440	16125521	16125625	16126150	6	1,0,2	5,2,1	2,1,0	0,1,2	102	99	0.708058621743	1.0	0.163,0.0,0.66	1.0,0.493,0.0	-0.223
10	"AT4G20350"	"AT4G20350"	chr4	+	10988717	10988760	10988717	10988756	10988855	10988968	10	4,0,3	11,11,16	2,3,0	19,4,23	102	99	0.461262632672	1.0	0.261,0.0,0.154	0.093,0.421,0.0	-0.033
11	"AT1G78870"	"UBC35"	chr1	+	29650928	29651018	29650928	29651015	29651315	29651374	11	2,1,3	314,190,355	2,2,6	377,171,356	101	99	1	1.0	0.006,0.005,0.008	0.005,0.011,0.016	-0.004
12	"AT3G03100"	"AT3G03100"	chr3	-	706206	706302	706210	706302	705821	705927	12	19,11,20	0,0,0	18,13,25	0,0,2	102	99	1	1.0	1.0,1.0,1.0	1.0,1.0,0.924	0.025
13	"AT5G37370"	"ATSRL1"	chr5	-	14814207	14814279	14814231	14814279	14812684	14813582	13	167,149,194	0,0,0	170,85,249	0,0,1	122	99	1	1.0	1.0,1.0,1.0	1.0,1.0,0.995	0.002
15	"AT4G03200"	"AT4G03200"	chr4	+	1408158	1408858	1408158	1408589	1409307	1409386	15	2,5,6	4,4,5	4,0,2	3,2,2	198	99	0.439935888005	1.0	0.2,0.385,0.375	0.4,0.0,0.333	0.076
16	"AT1G78510"	"SPS1"	chr1	-	29536972	29537417	29536976	29537417	29536697	29536822	16	0,0,0	120,95,126	1,0,2	191,96,218	102	99	1	1.0	0.0,0.0,0.0	0.005,0.0,0.009	-0.005
18	"AT1G07890"	"APX1"	chr1	+	2437677	2437833	2437677	2437741	2437992	2438123	18	23,16,30	4,2,8	42,19,55	3,0,4	190	99	0.00743645456267	0.0476483940497	0.75,0.807,0.661	0.879,1.0,0.878	-0.18
20	"AT1G32190"	"AT1G32190"	chr1	-	11594627	11594664	11594632	11594664	11594171	11594408	20	28,16,38	1,1,1	22,17,40	1,0,0	103	99	0.4412886879	1.0	0.964,0.939,0.973	0.955,1.0,1.0	-0.026
26	"AT1G67500"	"REV3"	chr1	-	25294487	25294841	25294657	25294841	25292788	25294409	26	4,9,17	6,2,0	14,5,11	2,1,3	198	99	0.893245384251	1.0	0.25,0.692,1.0	0.778,0.714,0.647	-0.066
27	"AT3G04910"	"WNK1"	chr3	+	1355239	1355277	1355239	1355275	1355717	1355945	27	164,151,238	15,14,20	214,82,215	8,2,15	100	99	0.0147936654109	0.0853101372029	0.915,0.914,0.922	0.964,0.976,0.934	-0.041
28	"AT5G57290"	"RPP3B"	chr5	-	23207637	23207926	23207640	23207926	23206801	23207213	28	706,469,1226	43,41,73	849,814,982	77,52,59	101	99	0.620063830664	1.0	0.941,0.918,0.943	0.915,0.939,0.942	0.002
29	"AT2G47690"	"AT2G47690"	chr2	+	19551262	19551521	19551262	19551517	19551950	19552358	29	0,0,0	438,325,511	2,3,4	513,319,549	102	99	1	1.0	0.0,0.0,0.0	0.004,0.009,0.007	-0.007
34	"AT1G59750"	"ARF1"	chr1	+	21979383	21979619	21979383	21979423	21980383	21980450	34	139,114,174	19,20,16	130,49,112	20,6,9	198	99	0.68653116058	1.0	0.785,0.74,0.845	0.765,0.803,0.862	-0.02
35	"AT1G59750"	"ARF1"	chr1	+	21982823	21982995	21982823	21982989	21983071	21983541	35	153,111,181	4,4,10	131,71,150	0,3,6	104	99	0.17082735437	0.607256143274	0.973,0.964,0.945	1.0,0.957,0.96	-0.012
36	"AT1G59750"	"ARF1"	chr1	+	21982823	21982995	21982823	21982989	21983080	21983541	36	40,27,43	37,20,39	27,16,52	30,18,28	104	99	0.898400795796	1.0	0.507,0.562,0.512	0.461,0.458,0.639	0.008
37	"AT3G03890"	"AT3G03890"	chr3	-	999820	999905	999840	999905	999466	999718	37	4,3,5	173,145,210	0,2,3	227,177,251	118	99	0.381951450185	1.0	0.019,0.017,0.02	0.0,0.009,0.01	0.012
40	"AT1G78620"	"AT1G78620"	chr1	-	29575308	29575794	29575335	29575794	29574727	29574981	40	0,0,1	100,90,140	2,0,0	228,129,193	125	99	1	1.0	0.0,0.0,0.006	0.007,0.0,0.0	-0.0
41	"AT5G42870"	"PAH2"	chr5	-	17187281	17187811	17187296	17187811	17187127	17187201	41	46,49,54	9,7,12	64,51,60	23,14,22	113	99	0.0190449114903	0.104045358563	0.817,0.86,0.798	0.709,0.761,0.705	0.1
45	"AT5G44750"	"REV1"	chr5	+	18056513	18056585	18056513	18056573	18056667	18056754	45	11,9,16	0,2,0	12,4,17	5,3,8	110	99	6.36311528202e-06	0.000106530865528	1.0,0.802,1.0	0.684,0.545,0.657	0.305
47	"AT1G34780"	"APRL4"	chr1	-	12749649	12749837	12749736	12749837	12749441	12749566	47	36,55,77	0,0,0	66,46,76	1,0,1	185	99	1	1.0	1.0,1.0,1.0	0.972,1.0,0.976	0.017
49	"AT5G18630"	"AT5G18630"	chr5	+	6202961	6203037	6202961	6203034	6203415	6203495	49	27,36,61	36,32,58	71,16,63	40,25,53	101	99	0.500191547428	1.0	0.424,0.524,0.508	0.635,0.385,0.538	-0.034
51	"AT4G26510"	"UKL4"	chr4	+	13384061	13384164	13384061	13384106	13384489	13384659	51	1,4,13	17,10,36	4,2,2	44,16,41	156	99	0.00464301388089	0.0344246314883	0.036,0.202,0.186	0.055,0.073,0.03	0.089
53	"AT5G49970"	"PPOX1"	chr5	+	20332398	20332486	20332398	20332469	20332560	20332656	53	0,0,1	257,240,280	0,0,2	346,245,389	115	99	1	1.0	0.0,0.0,0.003	0.0,0.0,0.004	-0.0
59	"AT4G00660"	"RH8"	chr4	+	277359	277487	277359	277444	277838	278737	59	107,69,123	1,3,1	98,117,144	7,13,5	141	99	0.000135552554476	0.00167504228031	0.987,0.942,0.989	0.908,0.863,0.953	0.065
60	"AT4G17830"	"AT4G17830"	chr4	+	9916456	9916716	9916456	9916701	9916792	9916901	60	0,0,0	112,117,188	0,0,1	162,88,200	113	99	1	1.0	0.0,0.0,0.0	0.0,0.0,0.004	-0.001
62	"AT2G11000"	"ATMAK10"	chr2	-	4345755	4345841	4345760	4345841	4344896	4345169	62	41,24,48	12,12,23	44,13,45	13,4,15	103	99	0.303876862068	0.891028765047	0.767,0.658,0.667	0.765,0.758,0.742	-0.058
66	"AT1G35470"	"AT1G35470"	chr1	-	13052507	13052567	13052513	13052567	13052048	13052135	66	44,41,61	0,0,0	74,42,68	1,0,0	104	99	1	1.0	1.0,1.0,1.0	0.986,1.0,1.0	0.005
71	"AT1G51690"	"PP2AB1"	chr1	+	19167361	19167568	19167361	19167565	19167960	19168052	71	72,58,89	24,33,41	125,59,122	37,24,60	101	99	0.534027562443	1.0	0.746,0.633,0.68	0.768,0.707,0.666	-0.027
72	"AT4G09980"	"EMB1691"	chr4	-	6249104	6249224	6249115	6249224	6248510	6248662	72	4,5,6	68,40,47	1,2,3	55,34,66	109	99	0.0228506739904	0.116784309603	0.051,0.102,0.104	0.016,0.051,0.04	0.05
73	"AT3G49010"	"RPL13B"	chr3	-	18167290	18167449	18167296	18167449	18166768	18167192	73	2524,1855,3207	0,4,2	2536,1871,2898	10,6,6	104	99	1	1.0	1.0,0.998,0.999	0.996,0.997,0.998	0.002
74	"AT1G29120"	"AT1G29120"	chr1	+	10177613	10177784	10177613	10177782	10177860	10177958	74	0,0,0	143,127,181	0,0,1	146,116,181	100	99	1	1.0	0.0,0.0,0.0	0.0,0.0,0.005	-0.002
76	"AT1G11170"	"AT1G11170"	chr1	+	3743579	3743667	3743579	3743633	3743793	3743886	76	0,3,5	11,22,26	0,0,0	13,6,11	132	99	0.00281316830778	0.0214710934079	0.0,0.093,0.126	0.0,0.0,0.0	0.073
77	"AT3G43740"	"AT3G43740"	chr3	+	15644587	15644893	15644587	15644659	15645035	15645107	77	132,85,170	1,0,2	147,69,134	0,0,0	198	99	1	1.0	0.985,1.0,0.977	1.0,1.0,1.0	-0.013
79	"AT2G39470"	"PNSL1"	chr2	+	16476476	16476558	16476476	16476534	16476643	16476748	79	916,833,1136	94,73,105	1252,702,1481	247,145,273	122	99	5.31603649989e-11	2.12232534111e-09	0.888,0.903,0.898	0.804,0.797,0.815	0.091
80	"AT4G35030"	"AT4G35030"	chr4	+	16676954	16677123	16676954	16677118	16677197	16677428	80	0,0,2	36,18,19	0,2,3	24,27,28	103	99	0.242053669608	0.761368815312	0.0,0.0,0.092	0.0,0.066,0.093	-0.022
82	"AT4G17570"	"GATA26"	chr4	-	9785983	9786364	9785995	9786364	9785503	9785903	82	25,29,29	44,32,49	21,9,30	60,30,50	110	99	0.0643849552817	0.271673103994	0.338,0.449,0.348	0.24,0.213,0.351	0.11
83	"AT2G01070"	"AT2G01070"	chr2	+	77144	77400	77144	77281	77474	77865	83	0,0,0	83,44,86	0,0,1	138,68,106	198	99	1	1.0	0.0,0.0,0.0	0.0,0.0,0.005	-0.002
84	"AT1G32410"	"AT1G32410"	chr1	+	11693831	11693925	11693831	11693921	11694367	11694496	84	31,25,33	4,6,7	31,25,37	8,2,3	102	99	0.40797149317	1.0	0.883,0.802,0.821	0.79,0.924,0.923	-0.044
85	"AT1G15110"	"PSS1"	chr1	+	5201592	5201685	5201592	5201681	5201780	5202175	85	4,6,12	57,64,76	7,6,3	59,50,74	102	99	0.444526612794	1.0	0.064,0.083,0.133	0.103,0.104,0.038	0.012
86	"AT5G09230"	"SRT2"	chr5	+	2872304	2872361	2872304	2872350	2872459	2872620	86	22,5,25	42,25,51	20,10,22	59,24,63	109	99	0.56959289233	1.0	0.322,0.154,0.308	0.235,0.275,0.241	0.011
89	"AT5G44740"	"POLH"	chr5	-	18051099	18051211	18051140	18051211	18050834	18051005	89	10,6,11	0,0,0	13,8,18	1,0,0	139	99	1	1.0	1.0,1.0,1.0	0.903,1.0,1.0	0.032
90	"AT2G45640"	"SAP18"	chr2	-	18800504	18800600	18800513	18800600	18800032	18800107	90	291,212,291	0,0,1	306,203,300	2,1,0	107	99	1	1.0	1.0,1.0,0.996	0.993,0.995,1.0	0.003
96	"AT1G06570"	"PDS1"	chr1	-	2012296	2013545	2012303	2013545	2011884	2012189	96	130,93,114	0,0,0	211,109,218	2,1,0	105	99	1	1.0	1.0,1.0,1.0	0.99,0.99,1.0	0.007
97	"AT1G01060"	"LHY"	chr1	-	37372	37780	37568	37780	37022	37203	97	124,123,140	6,2,3	432,177,426	2,5,5	198	99	0.0865805233195	0.351056965647	0.912,0.969,0.959	0.991,0.947,0.977	-0.025
99	"AT1G61140"	"EDA16"	chr1	-	22539749	22540040	22539776	22540040	22538538	22539665	99	0,0,0	17,29,49	2,2,4	31,16,45	125	99	0.00813357219024	0.0514795605699	0.0,0.0,0.0	0.049,0.09,0.066	-0.068
101	"AT4G26700"	"FIM1"	chr4	+	13466807	13466928	13466807	13466904	13466998	13467090	101	9,6,10	80,75,111	8,8,14	151,75,158	122	99	0.599334388849	1.0	0.084,0.061,0.068	0.041,0.08,0.067	0.008
104	"AT5G27290"	"AT5G27290"	chr5	-	9618868	9618964	9618908	9618964	9618391	9618790	104	228,197,258	0,0,0	269,210,355	1,2,2	138	99	1	1.0	1.0,1.0,1.0	0.995,0.987,0.992	0.009
106	"AT2G28800"	"ALB3"	chr2	-	12357448	12357556	12357452	12357556	12356994	12357144	106	0,1,0	1055,816,1325	0,0,0	1517,795,1491	102	99	1	1.0	0.0,0.001,0.0	0.0,0.0,0.0	0.0
109	"AT1G76050"	"AT1G76050"	chr1	+	28541812	28542034	28541812	28542015	28542153	28542232	109	2,3,0	24,23,34	1,0,0	68,30,82	117	99	0.428846289558	1.0	0.066,0.099,0.0	0.012,0.0,0.0	0.051
110	"AT1G47600"	"TGG4"	chr1	+	17493896	17493928	17493896	17493925	17494021	17494118	110	23,47,152	0,1,0	100,10,143	0,0,0	101	99	1	1.0	1.0,0.979,1.0	1.0,1.0,1.0	-0.007
111	"AT2G46270"	"GBF3"	chr2	+	19002054	19002230	19002054	19002161	19002321	19002399	111	22,25,46	24,22,32	42,20,39	40,24,37	167	99	0.457676169924	1.0	0.352,0.403,0.46	0.384,0.331,0.385	0.038
112	"AT4G38510"	"VHA-B2"	chr4	-	18014883	18014975	18014902	18014975	18014734	18014796	112	0,3,2	20,12,23	14,3,12	193,86,190	117	99	0.646381020987	1.0	0.0,0.175,0.069	0.058,0.029,0.051	0.035
113	"AT4G38510"	"VHA-B2"	chr4	-	18014883	18014975	18014959	18014975	18014734	18014796	113	6,7,14	80,69,113	73,31,75	74,39,70	174	99	0	0.0	0.041,0.055,0.066	0.359,0.311,0.379	-0.296
114	"AT4G38510"	"VHA-B2"	chr4	-	18014902	18014975	18014959	18014975	18014734	18014796	114	26,16,35	80,69,113	252,114,253	74,39,70	155	99	0	0.0	0.172,0.129,0.165	0.685,0.651,0.698	-0.523
115	"AT5G14200"	"IMDH3"	chr5	+	4577348	4577467	4577348	4577465	4577554	4577662	115	0,1,0	806,591,962	0,0,0	796,497,815	100	99	1	1.0	0.0,0.002,0.0	0.0,0.0,0.0	0.001
116	"AT2G38185"	"AT2G38185"	chr2	+	16001638	16001739	16001638	16001721	16001803	16001950	116	0,1,2	22,13,31	1,1,1	28,23,24	116	99	1	1.0	0.0,0.062,0.052	0.03,0.036,0.034	0.005
121	"AT3G10770"	"AT3G10770"	chr3	-	3372900	3373555	3372924	3373555	3372572	3372812	121	165,113,211	32,21,38	224,113,239	10,12,15	122	99	3.79899537717e-07	8.96217545796e-06	0.807,0.814,0.818	0.948,0.884,0.928	-0.107
124	"AT3G07300"	"AT3G07300"	chr3	-	2326718	2327012	2326724	2327012	2326090	2326220	124	23,11,27	49,37,59	22,9,16	60,34,69	104	99	0.117981057144	0.45695648252	0.309,0.221,0.303	0.259,0.201,0.181	0.064
125	"AT5G13220"	"TIFY9"	chr5	+	4219466	4219684	4219466	4219629	4219934	4219992	125	18,9,17	2,4,0	27,12,21	6,2,0	153	99	0.892080635546	1.0	0.853,0.593,1.0	0.744,0.795,1.0	-0.031
126	"AT4G24230"	"ACBP3"	chr4	-	12567237	12567362	12567250	12567362	12566630	12567138	126	0,0,0	25,34,45	7,2,7	45,37,53	111	99	5.60301563224e-06	9.91802809621e-05	0.0,0.0,0.0	0.122,0.046,0.105	-0.091
127	"AT4G24230"	"ACBP3"	chr4	-	12567237	12567362	12567250	12567362	12566943	12567132	127	0,0,0	1,1,1	5,0,2	4,2,2	111	99	8.50196822133e-05	0.00110313037672	0.0,0.0,0.0	0.527,0.0,0.471	-0.333
128	"AT5G32440"	"AT5G32440"	chr5	+	12077471	12077634	12077471	12077631	12077745	12077933	128	4,0,1	160,156,238	1,1,1	281,155,337	101	99	1	1.0	0.024,0.0,0.004	0.003,0.006,0.003	0.005
129	"AT3G01310"	"AT3G01310"	chr3	-	101513	101660	101531	101660	101296	101356	129	18,21,20	65,62,159	29,2,28	109,24,83	116	99	0.491697249921	1.0	0.191,0.224,0.097	0.185,0.066,0.224	0.012
130	"AT4G37070"	"PLP1"	chr4	-	17466920	17467109	17466953	17467109	17466525	17466707	130	78,79,190	4,2,5	116,72,103	1,1,1	131	99	0.0213281546121	0.115305335872	0.936,0.968,0.966	0.989,0.982,0.987	-0.029
132	"AT5G09890"	"AT5G09890"	chr5	-	3086140	3086222	3086143	3086222	3085951	3086008	132	2,1,1	106,101,150	3,1,3	168,96,148	101	99	0.62498298648	1.0	0.018,0.01,0.006	0.017,0.01,0.019	-0.004
133	"AT2G41430"	"ERD15"	chr2	+	17269231	17269490	17269231	17269402	17269719	17270075	133	1,1,1	1698,1310,2637	5,1,4	2810,958,2228	186	99	1	1.0	0.0,0.0,0.0	0.001,0.001,0.001	-0.001
134	"AT2G41430"	"ERD15"	chr2	+	17269231	17269509	17269231	17269402	17269719	17270075	134	2,0,3	1698,1310,2637	1,4,1	2810,958,2228	198	99	1	1.0	0.001,0.0,0.001	0.0,0.002,0.0	0.0
135	"AT2G41430"	"ERD15"	chr2	+	17269231	17269509	17269231	17269490	17269719	17270075	135	2,0,3	1,1,1	2,4,0	5,1,3	117	99	0.424033748715	1.0	0.629,0.0,0.717	0.253,0.772,0.0	0.107
136	"AT1G17110"	"UBP15"	chr1	-	5848199	5848339	5848211	5848339	5848030	5848119	136	35,24,33	26,42,64	20,22,37	51,28,45	110	99	0.66643181404	1.0	0.548,0.34,0.317	0.261,0.414,0.425	0.035
137	"AT3G14010"	"CID4"	chr3	+	4638722	4638938	4638722	4638932	4639006	4639107	137	97,69,141	4,11,12	80,55,91	29,24,17	104	99	1.67071376744e-06	3.46840178121e-05	0.958,0.857,0.918	0.724,0.686,0.836	0.162
138	"AT1G67140"	"SWEETIE"	chr1	-	25102561	25102699	25102564	25102699	25102274	25102439	138	9,6,12	96,64,116	2,1,7	114,61,111	101	99	0.00192157776572	0.0158301406414	0.084,0.084,0.092	0.017,0.016,0.058	0.056
139	"AT3G57050"	"CBL"	chr3	-	21114161	21114330	21114206	21114330	21113943	21114059	139	82,83,170	62,55,85	238,112,255	44,15,34	143	99	2.22044604925e-16	1.44051437445e-14	0.478,0.511,0.581	0.789,0.838,0.839	-0.299
140	"AT2G40640"	"PUB63"	chr2	-	16961871	16961960	16961881	16961960	16961682	16961778	140	30,25,26	9,2,4	48,13,38	8,4,9	108	99	0.640754481029	1.0	0.753,0.92,0.856	0.846,0.749,0.795	0.046
141	"AT5G20580"	"AT5G20580"	chr5	-	6962214	6962306	6962218	6962306	6962000	6962109	141	2,2,0	43,29,66	1,1,3	40,32,63	102	99	0.63150556506	1.0	0.043,0.063,0.0	0.024,0.029,0.044	0.003
142	"AT5G48160"	"OBE2"	chr5	-	19530154	19530316	19530216	19530316	19528724	19529838	142	2,1,13	71,88,139	13,2,11	171,47,132	160	99	0.263346851893	0.818425246302	0.017,0.007,0.055	0.045,0.026,0.049	-0.014
145	"AT1G79870"	"HPR2"	chr1	+	30044745	30045216	30044745	30045193	30045332	30046027	145	186,127,219	10,14,23	288,167,329	7,12,15	121	99	0.00379059335175	0.0285118543414	0.938,0.881,0.886	0.971,0.919,0.947	-0.044
146	"AT1G79870"	"HPR2"	chr1	+	30044745	30045216	30044745	30045193	30045366	30046027	146	1,1,1	3,2,3	2,1,2	1,0,3	121	99	0.158983863861	0.579047991039	0.214,0.29,0.214	0.621,1.0,0.353	-0.419
149	"AT4G17620"	"AT4G17620"	chr4	+	9824425	9824514	9824425	9824510	9824579	9824639	149	12,3,8	0,0,1	3,3,6	0,0,0	102	99	1	1.0	1.0,1.0,0.886	1.0,1.0,1.0	-0.038
150	"AT5G07790"	"AT5G07790"	chr5	+	2483310	2483638	2483310	2483340	2484052	2484300	150	9,2,6	2,4,5	9,7,6	1,1,5	198	99	0.179291116263	0.615930129178	0.692,0.2,0.375	0.818,0.778,0.375	-0.235
151	"AT3G04600"	"AT3G04600"	chr3	+	1244653	1244750	1244653	1244746	1244816	1244897	151	2,0,0	111,109,160	0,1,0	188,87,160	102	99	1	1.0	0.017,0.0,0.0	0.0,0.011,0.0	0.002
152	"AT5G49215"	"AT5G49215"	chr5	+	19953486	19953681	19953486	19953675	19953907	19954231	152	6,7,15	0,0,2	19,3,27	1,0,2	104	99	0.477609732025	1.0	1.0,1.0,0.877	0.948,1.0,0.928	0.0
154	"AT3G55630"	"FPGS3"	chr3	+	20637574	20637658	20637574	20637592	20637739	20637796	154	279,236,346	23,7,16	359,211,402	18,19,23	164	99	0.458082415274	1.0	0.88,0.953,0.929	0.923,0.87,0.913	0.019
155	"AT3G55630"	"FPGS3"	chr3	+	20637739	20637796	20637739	20637793	20637873	20637934	155	252,175,266	0,1,0	278,185,306	2,0,1	101	99	1	1.0	1.0,0.994,1.0	0.993,1.0,0.997	0.001
156	"AT1G21350"	"AT1G21350"	chr1	-	7477331	7477418	7477335	7477418	7476944	7477126	156	2,1,2	208,134,190	3,1,2	299,225,327	102	99	1	1.0	0.009,0.007,0.01	0.01,0.004,0.006	0.002
158	"AT1G20020"	"LFNR2"	chr1	+	6943227	6943486	6943227	6943483	6943581	6943715	158	0,2,0	3570,3198,5410	0,0,0	4638,2364,5604	101	99	1	1.0	0.0,0.001,0.0	0.0,0.0,0.0	0.0
160	"AT1G20020"	"LFNR2"	chr1	+	6943581	6943715	6943581	6943658	6943790	6943869	160	3802,3191,5398	3,3,1	4560,2525,5475	1,0,0	155	99	1	1.0	0.999,0.999,1.0	1.0,1.0,1.0	-0.001
161	"AT1G23950"	"AT1G23950"	chr1	-	8470346	8470602	8470351	8470602	8470134	8470215	161	4,2,5	0,0,0	3,1,1	1,0,0	103	99	1	1.0	1.0,1.0,1.0	0.742,1.0,1.0	0.086
162	"AT1G23950"	"AT1G23950"	chr1	-	8470346	8470602	8470351	8470602	8470134	8470221	162	0,0,0	155,135,189	0,0,3	163,94,152	103	99	1	1.0	0.0,0.0,0.0	0.0,0.0,0.019	-0.006
163	"AT1G23950"	"AT1G23950"	chr1	-	8470683	8470897	8470698	8470897	8470351	8470512	163	4,2,3	3,1,1	1,1,3	0,1,1	113	99	0.0113329398563	0.0683929742491	0.539,0.637,0.724	1.0,0.467,0.724	-0.097
164	"AT1G23950"	"AT1G23950"	chr1	-	8470683	8470897	8470698	8470897	8470351	8470602	164	72,45,91	20,12,20	85,46,80	16,6,12	113	99	0.0693605507479	0.285699411414	0.759,0.767,0.799	0.823,0.87,0.854	-0.074
165	"AT5G48340"	"AT5G48340"	chr5	+	19591207	19592322	19591207	19592320	19592412	19592526	165	34,33,37	0,0,0	60,32,32	0,0,1	100	99	1	1.0	1.0,1.0,1.0	1.0,1.0,0.969	0.01
168	"AT3G52180"	"DSP4"	chr3	-	19350286	19350708	19350612	19350708	19350104	19350212	168	318,258,336	0,1,0	364,209,442	0,0,0	198	99	1	1.0	1.0,0.992,1.0	1.0,1.0,1.0	-0.003
171	"AT2G32700"	"LUH"	chr2	+	13868274	13868443	13868274	13868386	13868631	13868681	171	0,0,2	555,454,632	0,0,0	274,125,257	155	99	1	1.0	0.0,0.0,0.002	0.0,0.0,0.0	0.001
172	"AT4G27800"	"PPH1"	chr4	-	13852251	13852415	13852382	13852415	13851869	13852133	172	981,643,1055	11,10,16	1098,708,1367	0,2,0	198	99	1.62658822761e-05	0.00024119979718	0.978,0.97,0.971	1.0,0.994,1.0	-0.025
173	"AT4G27800"	"PPH1"	chr4	-	13852505	13852564	13852509	13852564	13852382	13852415	173	1,0,0	755,602,930	1,0,1	878,574,1095	102	99	1	1.0	0.001,0.0,0.0	0.001,0.0,0.001	-0.0
174	"AT2G45500"	"AT2G45500"	chr2	-	18752149	18752241	18752161	18752241	18752007	18752030	174	5,8,8	10,13,33	15,5,9	11,14,11	110	99	0.102402716451	0.39960157773	0.31,0.356,0.179	0.551,0.243,0.424	-0.124
176	"AT1G55500"	"ECT4"	chr1	+	20722145	20722308	20722145	20722292	20722393	20722739	176	9,5,3	136,88,153	7,6,5	123,103,149	114	99	0.847226473903	1.0	0.054,0.047,0.017	0.047,0.048,0.028	-0.002
178	"AT4G30310"	"AT4G30310"	chr4	+	14834586	14834659	14834586	14834655	14834753	14834881	178	266,261,304	1,0,0	288,179,360	0,0,1	102	99	1	1.0	0.996,1.0,1.0	1.0,1.0,0.997	-0.0
179	"AT1G08600"	"ATRX"	chr1	+	2723823	2723957	2723823	2723938	2724074	2724133	179	3,5,5	26,40,61	3,6,6	58,16,34	117	99	0.465445111861	1.0	0.089,0.096,0.065	0.042,0.241,0.13	-0.054
181	"AT3G07565"	"AT3G07565"	chr3	+	2415271	2415381	2415271	2415354	2415552	2415614	181	11,0,8	70,47,94	8,2,10	85,59,84	125	99	0.819640315747	1.0	0.111,0.0,0.063	0.069,0.026,0.086	-0.002
182	"AT5G16800"	"AT5G16800"	chr5	-	5524810	5525039	5524835	5525039	5524313	5524701	182	46,30,71	1,0,1	60,48,80	0,0,0	123	99	1	1.0	0.974,1.0,0.983	1.0,1.0,1.0	-0.014
183	"AT3G63480"	"AT3G63480"	chr3	-	23442677	23442771	23442689	23442771	23442559	23442601	183	1,0,1	4,1,4	2,0,0	5,2,8	110	99	1	1.0	0.184,0.0,0.184	0.265,0.0,0.0	0.034
185	"AT2G19880"	"AT2G19880"	chr2	+	8584049	8584264	8584049	8584261	8584468	8584614	185	44,34,66	0,0,0	60,41,87	1,0,1	101	99	1	1.0	1.0,1.0,1.0	0.983,1.0,0.988	0.01
186	"AT4G21910"	"AT4G21910"	chr4	-	11625968	11626075	11625988	11626075	11625821	11625883	186	14,2,13	296,208,280	7,4,5	295,209,346	118	99	0.0286397367783	0.141562127504	0.038,0.008,0.037	0.02,0.016,0.012	0.012
187	"AT2G25840"	"OVA4"	chr2	+	11023413	11023538	11023413	11023526	11023674	11023696	187	2,0,2	98,63,85	2,2,9	88,69,105	110	99	0.0118171074179	0.0696940767033	0.018,0.0,0.021	0.02,0.025,0.072	-0.026
189	"AT2G44980"	"AT2G44980"	chr2	-	18555237	18555418	18555246	18555418	18554985	18555121	189	19,15,31	0,1,0	19,3,14	0,0,0	107	99	1	1.0	1.0,0.933,1.0	1.0,1.0,1.0	-0.022
192	"AT3G13460"	"ECT2"	chr3	-	4386059	4386655	4386061	4386655	4385760	4385973	192	0,1,0	429,302,441	0,0,2	534,311,503	100	99	1	1.0	0.0,0.003,0.0	0.0,0.0,0.004	-0.0
193	"AT1G23970"	"AT1G23970"	chr1	-	8483090	8483304	8483105	8483304	8482758	8483009	193	23,29,45	17,18,18	45,24,33	6,0,2	113	99	2.49139121555e-08	7.18351133817e-07	0.542,0.585,0.687	0.868,1.0,0.935	-0.33
194	"AT3G05870"	"APC11"	chr3	+	1754686	1755052	1754686	1755025	1755591	1755631	194	6,3,6	1,0,1	5,8,7	0,0,0	125	99	1	1.0	0.826,1.0,0.826	1.0,1.0,1.0	-0.116
195	"AT2G22690"	"AT2G22690"	chr2	-	9651177	9651439	9651344	9651439	9649689	9650980	195	2,2,0	9,11,11	0,0,0	24,17,19	198	99	0.67893112965	1.0	0.1,0.083,0.0	0.0,0.0,0.0	0.061
198	"AT4G40040"	"HTR8"	chr4	-	18558481	18558743	18558645	18558743	18558164	18558236	198	2,0,5	1028,861,1525	7,9,9	1615,885,1661	198	99	1	1.0	0.001,0.0,0.002	0.002,0.005,0.003	-0.002
199	"AT1G48550"	"AT1G48550"	chr1	-	17951936	17952033	17951943	17952033	17951770	17951839	199	1,0,2	8,6,15	0,0,0	13,6,8	105	99	0.454816523177	1.0	0.105,0.0,0.112	0.0,0.0,0.0	0.072
200	"AT4G25880"	"APUM6"	chr4	+	13158571	13158760	13158571	13158743	13159055	13159382	200	7,8,7	123,87,158	18,10,9	118,110,120	115	99	0.037182785779	0.177044640544	0.047,0.073,0.037	0.116,0.073,0.061	-0.031
204	"AT2G23010"	"SCPL9"	chr2	+	9802271	9802321	9802271	9802317	9802404	9802674	204	1,1,2	94,56,81	2,2,0	81,48,90	102	99	1	1.0	0.01,0.017,0.023	0.023,0.039,0.0	-0.004
205	"AT5G13050"	"5FCL"	chr5	-	4137548	4137594	4137552	4137594	4137210	4137281	205	82,49,81	2,2,6	90,52,121	1,2,3	102	99	0.122483133552	0.470879602322	0.975,0.96,0.929	0.989,0.962,0.975	-0.021
206	"AT1G16270"	"AT1G16270"	chr1	+	5563086	5563364	5563086	5563200	5563717	5566376	206	12,13,29	4,3,6	23,11,24	13,10,4	198	99	0.152175204286	0.560134262585	0.6,0.684,0.707	0.469,0.355,0.75	0.139
208	"AT4G39710"	"PNSL4"	chr4	-	18427558	18427619	18427562	18427619	18427413	18427482	208	401,369,492	1,0,1	715,483,965	4,2,2	102	99	1	1.0	0.997,1.0,0.998	0.994,0.996,0.998	0.002
210	"AT5G12240"	"AT5G12240"	chr5	-	3960048	3960280	3960210	3960280	3959631	3959672	210	2,2,1	159,122,203	1,0,1	173,108,171	198	99	1	1.0	0.006,0.008,0.002	0.003,0.0,0.003	0.003
214	"AT3G45240"	"GRIK1"	chr3	-	16571447	16571543	16571456	16571543	16571170	16571353	214	201,132,215	0,0,1	127,93,173	0,0,0	107	99	1	1.0	1.0,1.0,0.995	1.0,1.0,1.0	-0.002
216	"AT4G32900"	"AT4G32900"	chr4	-	15879537	15879623	15879545	15879623	15879345	15879418	216	27,24,39	91,62,98	36,25,38	80,60,88	106	99	0.311998149736	0.909702470298	0.217,0.266,0.271	0.296,0.28,0.287	-0.036
218	"AT5G23830"	"AT5G23830"	chr5	+	8034064	8034163	8034064	8034154	8034277	8034459	218	94,62,146	0,0,1	166,134,136	0,0,1	107	99	1	1.0	1.0,1.0,0.993	1.0,1.0,0.992	0.0
219	"AT4G31340"	"AT4G31340"	chr4	+	15208727	15208793	15208727	15208789	15208871	15208983	219	1,0,0	468,316,564	0,0,0	555,379,572	102	99	1	1.0	0.002,0.0,0.0	0.0,0.0,0.0	0.001
220	"AT2G47410"	"AT2G47410"	chr2	+	19449671	19449829	19449671	19449826	19450266	19450503	220	13,8,17	2,6,12	35,1,27	7,4,8	101	99	0.944240286787	1.0	0.864,0.567,0.581	0.831,0.197,0.768	0.072
221	"AT5G40580"	"PBB2"	chr5	-	16250307	16250467	16250325	16250467	16249737	16249879	221	146,114,213	0,0,0	188,78,155	0,0,1	116	99	1	1.0	1.0,1.0,1.0	1.0,1.0,0.992	0.003
223	"AT5G50020"	"PAT09"	chr5	+	20352841	20353141	20352841	20353120	20353329	20353563	223	73,60,78	0,0,0	95,65,108	0,0,2	119	99	1	1.0	1.0,1.0,1.0	1.0,1.0,0.978	0.007
225	"AT1G45191"	"BGLU1"	chr1	+	17117993	17118217	17117993	17118202	17118336	17118411	225	50,46,46	1,0,1	100,59,101	0,0,1	113	99	1	1.0	0.978,1.0,0.976	1.0,1.0,0.989	-0.012
226	"AT1G16890"	"UBC36"	chr1	-	5778034	5778089	5778061	5778089	5777851	5777938	226	0,1,0	521,388,701	0,1,0	700,407,774	125	99	1	1.0	0.0,0.002,0.0	0.0,0.002,0.0	0.0
229	"AT5G23540"	"RPN11"	chr5	+	7937668	7937901	7937668	7937858	7938091	7938269	229	333,279,492	1,0,0	376,164,462	0,0,0	141	99	1	1.0	0.996,1.0,1.0	1.0,1.0,1.0	-0.001
231	"AT2G15000"	"AT2G15000"	chr2	-	6481827	6481989	6481870	6481989	6480922	6481207	231	6,1,2	31,120,52	15,11,9	130,39,37	141	99	8.01699836636e-05	0.00106687747491	0.12,0.006,0.026	0.075,0.165,0.146	-0.078
234	"AT4G02570"	"CUL1"	chr4	+	1128757	1128858	1128757	1128813	1129282	1129445	234	252,219,501	1,1,1	496,119,404	2,0,3	143	99	1	1.0	0.994,0.993,0.997	0.994,1.0,0.989	0.0
235	"AT4G34090"	"AT4G34090"	chr4	-	16328564	16328663	16328568	16328663	16328397	16328479	235	12,7,6	241,205,270	7,6,14	307,224,385	102	99	0.607258897943	1.0	0.046,0.032,0.021	0.022,0.025,0.034	0.006
236	"AT4G34090"	"AT4G34090"	chr4	-	16328564	16328663	16328568	16328663	16328397	16328493	236	2,6,2	1,0,1	5,2,0	4,0,2	102	99	0.0100050126147	0.0618166850837	0.66,1.0,0.66	0.548,1.0,0.0	0.257
237	"AT1G23080"	"PIN7"	chr1	-	8182205	8183570	8182217	8183570	8181857	8182128	237	22,13,23	194,139,251	89,37,85	243,128,265	110	99	1.20137233495e-12	6.92791379821e-11	0.093,0.078,0.076	0.248,0.206,0.224	-0.144
238	"AT5G35210"	"AT5G35210"	chr5	-	13475969	13477057	13476226	13477057	13475836	13475889	238	4,5,7	0,0,0	47,30,55	11,2,8	198	99	5.73296421746e-06	9.91802809621e-05	1.0,1.0,1.0	0.681,0.882,0.775	0.221
239	"AT5G55520"	"AT5G55520"	chr5	-	22489451	22489505	22489463	22489505	22488593	22489364	239	4,1,3	30,18,31	1,0,9	23,14,32	110	99	0.782726347513	1.0	0.107,0.048,0.08	0.038,0.0,0.202	-0.002
240	"AT2G03810"	"AT2G03810"	chr2	+	1161525	1161729	1161525	1161724	1162632	1162712	240	3,1,6	5,11,7	11,3,10	11,7,10	103	99	0.162520791706	0.585752020107	0.366,0.08,0.452	0.49,0.292,0.49	-0.125
241	"AT3G08690"	"UBC11"	chr3	+	2641055	2641365	2641055	2641225	2641467	2641556	241	7,3,6	162,118,202	6,4,11	203,100,165	198	99	0.356147536999	0.988452255093	0.021,0.013,0.015	0.015,0.02,0.032	-0.006
242	"AT4G38930"	"AT4G38930"	chr4	+	18150892	18151113	18150892	18151101	18151188	18151427	242	28,23,33	49,36,46	33,26,48	43,38,56	110	99	0.338603335207	0.946295080313	0.34,0.365,0.392	0.409,0.381,0.435	-0.043
243	"AT2G05440"	"ATGRP9"	chr2	+	1993573	1993744	1993573	1993723	1993807	1994166	243	24,13,23	0,0,0	23,15,11	0,0,7	119	99	0.00702453733131	0.0463064003774	1.0,1.0,1.0	1.0,1.0,0.567	0.144
244	"AT2G05440"	"ATGRP9"	chr2	+	1993573	1993765	1993573	1993723	1993846	1994166	244	14,2,5	0,0,2	18,3,6	0,0,0	140	99	1	1.0	1.0,1.0,0.639	1.0,1.0,1.0	-0.12
245	"AT2G05440"	"ATGRP9"	chr2	+	1993573	1993807	1993573	1993723	1993846	1994166	245	9,0,4	0,0,2	7,1,148	0,0,0	182	99	1	1.0	1.0,NA,0.521	1.0,1.0,1.0	-0.24
246	"AT2G05440"	"ATGRP9"	chr2	+	1993573	1993807	1993573	1993765	1993846	1994166	246	2,2,2	6,2,1	2,1,146	13,2,2	140	99	0.195872929519	0.655858389809	0.191,0.414,0.586	0.098,0.261,0.981	-0.05
247	"AT2G05440"	"ATGRP9"	chr2	+	1993573	1993807	1993573	1993723	1993876	1994166	247	23,8,20	0,0,0	13,3,15	2,0,0	182	99	1	1.0	1.0,1.0,1.0	0.78,1.0,1.0	0.073
248	"AT2G05440"	"ATGRP9"	chr2	+	1993573	1993807	1993573	1993765	1993885	1994166	248	21,2,2	0,4,1	2,1,4	0,4,0	140	99	0.416975436895	1.0	1.0,0.261,0.586	1.0,0.15,1.0	-0.101
249	"AT2G05440"	"ATGRP9"	chr2	+	1993573	1993807	1993573	1993786	1993909	1994166	249	2,1,1	145,77,106	2,0,6	32,0,1	119	99	1	1.0	0.011,0.011,0.008	0.049,NA,0.833	-0.431
250	"AT1G61560"	"MLO6"	chr1	-	22709745	22709819	22709783	22709819	22709622	22709652	250	6,0,6	0,0,0	7,4,1	0,0,2	136	99	1	1.0	1.0,NA,1.0	1.0,1.0,0.267	0.244
252	"AT5G38410"	"RBCS-3B"	chr5	-	15377895	15378045	15377910	15378045	15377172	15377740	252	0,0,1	41604,34723,50374	1,0,0	65381,39422,80603	113	99	1	1.0	0.0,0.0,0.0	0.0,0.0,0.0	0.0
254	"AT3G24890"	"ATVAMP728"	chr3	+	9098465	9098543	9098465	9098515	9098615	9098945	254	0,2,0	34,24,33	0,0,1	19,17,38	126	99	1	1.0	0.0,0.061,0.0	0.0,0.0,0.02	0.014
257	"AT3G46220"	"AT3G46220"	chr3	+	16981349	16981761	16981349	16981737	16981831	16981986	257	0,2,0	48,47,68	1,0,0	80,23,73	122	99	1	1.0	0.0,0.033,0.0	0.01,0.0,0.0	0.008
258	"AT1G47550"	"SEC3A"	chr1	+	17462053	17462227	17462053	17462224	17462308	17462388	258	43,38,44	78,56,83	35,16,25	128,52,118	101	99	1.17983660552e-05	0.000180098587725	0.351,0.399,0.342	0.211,0.232,0.172	0.159
259	"AT1G67420"	"AT1G67420"	chr1	+	25258276	25258406	25258276	25258403	25258487	25258547	259	12,7,12	0,0,0	14,5,11	1,1,0	101	99	1	1.0	1.0,1.0,1.0	0.932,0.831,1.0	0.079
261	"AT3G10970"	"AT3G10970"	chr3	-	3435375	3435480	3435378	3435480	3434920	3434975	261	263,230,348	0,1,3	354,182,374	2,1,2	101	99	1	1.0	1.0,0.996,0.991	0.994,0.994,0.995	0.001
262	"AT4G13730"	"AT4G13730"	chr4	+	7973496	7973644	7973496	7973613	7973899	7974248	262	3,0,1	77,62,113	2,1,0	100,55,119	129	99	1	1.0	0.029,0.0,0.007	0.015,0.014,0.0	0.002
264	"AT4G09680"	"CTC1"	chr4	+	6118501	6118572	6118501	6118564	6118673	6118751	264	1,4,6	28,15,35	12,7,17	28,17,35	106	99	0.000928370485789	0.00909102419103	0.032,0.199,0.138	0.286,0.278,0.312	-0.169
265	"AT2G36360"	"AT2G36360"	chr2	-	15243286	15243517	15243415	15243517	15242903	15243208	265	1,0,2	78,58,85	5,1,4	83,56,106	198	99	0.48000804881	1.0	0.006,0.0,0.012	0.029,0.009,0.019	-0.013
266	"AT2G36360"	"AT2G36360"	chr2	-	15246849	15246886	15246857	15246886	15246646	15246743	266	0,0,0	40,35,54	5,1,2	72,32,59	106	99	0.0527880585379	0.23618105501	0.0,0.0,0.0	0.061,0.028,0.031	-0.04
267	"AT3G61160"	"ASK2"	chr3	+	22636377	22636536	22636377	22636515	22636628	22636721	267	3,0,4	12,9,28	8,2,9	18,4,12	119	99	0.0019918536396	0.0161526881086	0.172,0.0,0.106	0.27,0.294,0.384	-0.223
269	"AT5G13950"	"AT5G13950"	chr5	-	4499125	4499254	4499170	4499254	4498768	4498918	269	2,0,0	41,55,69	2,1,0	88,38,105	143	99	1	1.0	0.033,0.0,0.0	0.015,0.018,0.0	0.0
270	"AT1G30620"	"MUR4"	chr1	+	10855814	10855939	10855814	10855936	10856040	10856154	270	22,21,48	0,0,0	36,20,34	0,1,0	101	99	1	1.0	1.0,1.0,1.0	1.0,0.951,1.0	0.016
273	"AT4G17486"	"AT4G17486"	chr4	-	9750394	9750682	9750398	9750682	9750227	9750308	273	85,62,92	3,0,0	105,63,115	3,2,3	102	99	0.221005887333	0.721519434277	0.965,1.0,1.0	0.971,0.968,0.974	0.017
277	"AT1G51805"	"AT1G51805"	chr1	-	19224896	19225422	19224968	19225422	19223705	19224184	277	78,57,146	0,1,0	143,45,164	0,0,0	170	99	1	1.0	1.0,0.971,1.0	1.0,1.0,1.0	-0.01
278	"AT1G55320"	"AAE18"	chr1	+	20633940	20634195	20633940	20634191	20634282	20634484	278	4,5,3	61,39,65	5,1,5	49,32,65	102	99	0.976892563426	1.0	0.06,0.111,0.043	0.09,0.029,0.069	0.009
279	"AT3G18140"	"AT3G18140"	chr3	-	6213068	6213311	6213228	6213311	6212929	6212989	279	238,171,277	0,2,0	263,158,255	0,0,1	198	99	1	1.0	1.0,0.977,1.0	1.0,1.0,0.992	-0.005
280	"AT5G09600"	"SDH3-1"	chr5	+	2979766	2979847	2979766	2979843	2979932	2980005	280	1,5,1	79,78,124	5,5,6	113,62,125	102	99	0.0428474279769	0.198551920714	0.012,0.059,0.008	0.041,0.073,0.045	-0.027
282	"AT5G20730"	"ARF7"	chr5	-	7019820	7019988	7019823	7019988	7019533	7019729	282	1,0,2	67,49,103	0,0,0	93,29,66	101	99	1	1.0	0.014,0.0,0.019	0.0,0.0,0.0	0.011
283	"AT2G22980"	"SCPL13"	chr2	+	9779450	9779533	9779450	9779527	9779606	9779729	283	12,9,16	158,138,241	6,2,8	221,95,188	104	99	0.00632877275117	0.0437951074381	0.067,0.058,0.059	0.025,0.02,0.039	0.033
285	"AT5G15540"	"EMB2773"	chr5	-	5056536	5056646	5056550	5056646	5055961	5056209	285	35,36,42	0,3,5	45,11,33	2,1,0	112	99	0.0651511302696	0.272689004919	1.0,0.914,0.881	0.952,0.907,1.0	-0.021
286	"AT4G38560"	"AT4G38560"	chr4	+	18029855	18030308	18029855	18030302	18030468	18031333	286	2,2,1	9,0,5	1,1,1	2,3,3	104	99	0.553427266128	1.0	0.175,1.0,0.16	0.322,0.241,0.241	0.177
287	"AT5G57870"	"EIF(ISO)4G1"	chr5	+	23440763	23440871	23440763	23440859	23440961	23441171	287	269,246,368	2,0,4	384,184,424	3,0,1	110	99	1	1.0	0.992,1.0,0.988	0.991,1.0,0.997	-0.003
288	"AT1G55540"	"NUP214"	chr1	-	20737676	20738028	20737685	20738028	20737350	20737534	288	0,0,0	18,12,30	1,0,0	40,12,17	107	99	1	1.0	0.0,0.0,0.0	0.023,0.0,0.0	-0.008
289	"AT2G27040"	"AGO4"	chr2	-	11542207	11542357	11542226	11542357	11541230	11541506	289	1,0,0	64,59,89	0,0,0	80,26,70	117	99	1	1.0	0.013,0.0,0.0	0.0,0.0,0.0	0.004
293	"AT5G43930"	"AT5G43930"	chr5	+	17677787	17677876	17677787	17677872	17678107	17678216	293	15,13,11	6,5,9	20,8,17	6,5,5	102	99	0.396101713812	1.0	0.708,0.716,0.543	0.764,0.608,0.767	-0.057
294	"AT5G43930"	"AT5G43930"	chr5	+	17680508	17680608	17680508	17680583	17680690	17681082	294	28,22,34	34,40,45	21,10,26	43,28,36	123	99	0.228802695234	0.731294790428	0.399,0.307,0.378	0.282,0.223,0.368	0.07
295	"AT1G80245"	"AT1G80245"	chr1	+	30174177	30174349	30174177	30174289	30174545	30174627	295	0,1,0	0,0,1	0,0,0	0,0,2	158	99	1	1.0	NA,1.0,0.0	NA,NA,0.0	0.5
296	"AT1G80245"	"AT1G80245"	chr1	+	30174177	30174349	30174177	30174289	30174709	30174812	296	2,1,0	0,0,0	0,0,1	0,0,1	158	99	1	1.0	1.0,1.0,NA	NA,NA,0.385	0.615
297	"AT2G16940"	"AT2G16940"	chr2	-	7345529	7345613	7345556	7345613	7345399	7345455	297	7,3,7	277,215,323	5,2,4	291,200,334	125	99	0.331003212213	0.946295080313	0.02,0.011,0.017	0.013,0.008,0.009	0.006
300	"AT3G45050"	"AT3G45050"	chr3	+	16477019	16477165	16477019	16477128	16477299	16477524	300	0,1,0	82,75,51	2,1,8	100,99,141	135	99	0.186554519377	0.62871295816	0.0,0.01,0.0	0.014,0.007,0.04	-0.017
301	"AT3G02090"	"MPPBETA"	chr3	+	368219	368331	368219	368327	368439	368911	301	0,0,1	1227,982,1536	0,0,0	1286,970,1521	102	99	1	1.0	0.0,0.0,0.001	0.0,0.0,0.0	0.0
303	"AT3G05160"	"AT3G05160"	chr3	-	1456533	1457150	1456883	1457150	1456017	1456107	303	75,48,104	3,0,8	117,32,107	5,4,8	198	99	0.3340337782	0.946295080313	0.926,1.0,0.867	0.921,0.8,0.87	0.067
304	"AT1G18620"	"AT1G18620"	chr1	+	6410557	6410854	6410557	6410690	6411259	6413109	304	117,101,185	0,0,0	170,64,163	1,0,0	198	99	1	1.0	1.0,1.0,1.0	0.988,1.0,1.0	0.004
306	"AT3G18520"	"HDA15"	chr3	+	6365003	6365182	6365003	6365178	6365257	6365615	306	0,0,4	105,104,129	0,0,0	125,101,145	102	99	1	1.0	0.0,0.0,0.029	0.0,0.0,0.0	0.01
308	"AT3G52560"	"UEV1D"	chr3	-	19495265	19495408	19495268	19495408	19494902	19495028	308	72,53,105	475,357,716	146,105,193	572,366,656	101	99	1.80575334574e-07	4.46279041161e-06	0.129,0.127,0.126	0.2,0.219,0.224	-0.087
309	"AT3G52560"	"UEV1D"	chr3	-	19495897	19496084	19495920	19496084	19495265	19495408	309	17,8,11	426,385,627	7,9,8	663,348,687	121	99	0.0363255532872	0.1758615932	0.032,0.017,0.014	0.009,0.021,0.009	0.008
313	"AT5G12920"	"AT5G12920"	chr5	-	4081274	4081404	4081370	4081404	4081104	4081192	313	0,0,0	8,5,16	1,1,0	11,6,14	194	99	1	1.0	0.0,0.0,0.0	0.044,0.078,0.0	-0.041
315	"AT5G19130"	"AT5G19130"	chr5	-	6418387	6418487	6418391	6418487	6417443	6418246	315	2,0,3	9,8,9	2,0,5	11,5,15	102	99	0.359323312858	0.991961698794	0.177,0.0,0.244	0.15,0.0,0.244	0.009
316	"AT5G19130"	"AT5G19130"	chr5	-	6418387	6418487	6418391	6418487	6417443	6418251	316	22,21,31	4,4,4	30,6,37	11,5,8	102	99	0.0558412871304	0.245607017124	0.842,0.836,0.883	0.726,0.538,0.818	0.16
318	"AT3G57060"	"AT3G57060"	chr3	-	21115260	21115665	21115302	21115665	21114797	21115160	318	28,20,33	1,0,0	29,20,39	0,0,0	140	99	1	1.0	0.952,1.0,1.0	1.0,1.0,1.0	-0.016
321	"AT2G40316"	"AT2G40316"	chr2	+	16836734	16836794	16836734	16836777	16837117	16837171	321	1,6,8	64,68,107	13,7,10	74,36,67	115	99	0.00171014589264	0.0153028572117	0.013,0.071,0.06	0.131,0.143,0.114	-0.081
322	"AT2G04900"	"AT2G04900"	chr2	+	1722989	1723033	1722989	1723029	1723506	1723831	322	294,250,443	3,1,0	392,247,377	2,2,1	102	99	1	1.0	0.99,0.996,1.0	0.995,0.992,0.997	0.001
323	"AT1G26130"	"ALA12"	chr1	+	9033217	9033484	9033217	9033327	9033582	9034004	323	5,1,11	6,1,5	20,6,22	3,1,10	198	99	0.0609788896539	0.261554080416	0.294,0.333,0.524	0.769,0.75,0.524	-0.297
325	"AT1G51680"	"4CL1"	chr1	-	19159209	19159319	19159216	19159319	19158751	19159120	325	0,0,0	555,462,651	0,1,0	658,374,786	105	99	1	1.0	0.0,0.0,0.0	0.0,0.003,0.0	-0.001
327	"AT4G39260"	"RBG8"	chr4	-	18274314	18274567	18274416	18274567	18273898	18274185	327	89,52,96	46,30,57	124,51,88	45,28,48	198	99	0.32438954868	0.935323198694	0.492,0.464,0.457	0.579,0.477,0.478	-0.04
328	"AT4G30210"	"ATR2"	chr4	+	14799116	14799203	14799116	14799200	14799295	14799447	328	1,1,1	228,157,279	0,0,0	323,126,254	101	99	1	1.0	0.004,0.006,0.004	0.0,0.0,0.0	0.005
329	"AT4G39420"	"AT4G39420"	chr4	+	18339979	18342106	18339979	18340102	18342642	18342718	329	28,15,26	0,0,0	20,8,19	0,2,0	198	99	1	1.0	1.0,1.0,1.0	1.0,0.667,1.0	0.111
330	"AT3G55770"	"WLIM2B"	chr3	+	20703509	20703590	20703509	20703554	20703748	20703933	330	23,5,25	394,333,566	50,21,47	648,278,608	134	99	0.000425189811924	0.00450354106915	0.041,0.011,0.032	0.054,0.053,0.054	-0.026
331	"AT4G01600"	"AT4G01600"	chr4	+	693413	693515	693413	693500	693612	693890	331	20,17,36	0,0,0	31,22,46	4,0,0	113	99	0.909423300991	1.0	1.0,1.0,1.0	0.872,1.0,1.0	0.043
332	"AT5G67030"	"ZEP"	chr5	-	26754267	26754335	26754280	26754335	26754109	26754189	332	5,5,6	8,3,5	13,6,4	4,1,8	111	99	0.303078667339	0.891028765047	0.358,0.598,0.517	0.744,0.843,0.308	-0.141
334	"AT4G02430"	"SR34B"	chr4	+	1068973	1069081	1068973	1069010	1069174	1069272	334	2,1,3	15,12,18	7,3,5	23,12,17	169	99	0.0546206575525	0.242291634784	0.072,0.047,0.089	0.151,0.128,0.147	-0.073
335	"AT3G13062"	"AT3G13062"	chr3	+	4185210	4185382	4185210	4185358	4185463	4185724	335	0,0,1	99,91,155	0,2,2	183,87,196	122	99	1	1.0	0.0,0.0,0.005	0.0,0.018,0.008	-0.007
337	"AT3G13920"	"TIF4A-1"	chr3	-	4594056	4594129	4594060	4594129	4593872	4593976	337	1,0,1	934,925,1517	1,0,0	1460,745,1462	102	99	1	1.0	0.001,0.0,0.001	0.001,0.0,0.0	0.0
338	"AT3G52940"	"FK"	chr3	-	19631349	19631435	19631353	19631435	19631129	19631206	338	0,0,3	75,52,73	2,1,1	82,56,84	102	99	1	1.0	0.0,0.0,0.038	0.023,0.017,0.011	-0.004
339	"AT1G68990"	"RPOT1"	chr1	-	25939180	25939268	25939201	25939268	25939011	25939070	339	2,1,6	36,32,56	2,0,0	43,18,57	119	99	0.010857671788	0.0662956665644	0.044,0.025,0.082	0.037,0.0,0.0	0.038
341	"AT4G00830"	"AT4G00830"	chr4	+	352015	352379	352015	352196	352781	353213	341	16,10,25	102,100,106	15,11,25	126,63,136	198	99	0.860279998557	1.0	0.073,0.048,0.105	0.056,0.08,0.084	0.002
344	"AT2G35550"	"BPC7"	chr2	+	14929320	14929612	14929320	14929401	14929889	14930892	344	0,0,1	6,2,5	0,0,0	9,0,1	198	99	1	1.0	0.0,0.0,0.091	0.0,NA,0.0	0.03
345	"AT1G24030"	"AT1G24030"	chr1	+	8503233	8503502	8503233	8503460	8503601	8503789	345	4,1,9	1,5,5	5,0,2	8,2,5	140	99	0.130009806904	0.492518903527	0.739,0.124,0.56	0.307,0.0,0.22	0.299
346	"AT1G13460"	"B'THETA"	chr1	+	4615812	4616059	4615812	4615978	4616427	4617667	346	5,10,5	42,23,42	12,8,12	55,23,62	179	99	0.490173696938	1.0	0.062,0.194,0.062	0.108,0.161,0.097	-0.016
347	"AT4G21540"	"SPHK1"	chr4	+	11461293	11461364	11461293	11461341	11461547	11461811	347	34,16,34	5,3,9	86,50,77	3,0,3	121	99	8.64571717774e-06	0.000140222725476	0.848,0.814,0.756	0.959,1.0,0.955	-0.165
348	"AT2G34450"	"HMGB14"	chr2	-	14528680	14528741	14528683	14528741	14528530	14528575	348	0,0,0	42,25,63	0,1,1	56,34,61	101	99	1	1.0	0.0,0.0,0.0	0.0,0.028,0.016	-0.015
349	"AT1G72740"	"AT1G72740"	chr1	-	27381146	27381248	27381164	27381248	27380621	27380901	349	51,34,49	74,47,84	48,29,39	66,38,88	116	99	0.733064578526	1.0	0.37,0.382,0.332	0.383,0.394,0.274	0.011
351	"AT5G16660"	"AT5G16660"	chr5	-	5466414	5466553	5466420	5466553	5466238	5466335	351	345,314,502	0,0,2	598,269,530	1,1,5	104	99	1	1.0	1.0,1.0,0.996	0.998,0.996,0.99	0.004
353	"AT3G11470"	"AT3G11470"	chr3	-	3611723	3611904	3611728	3611904	3611339	3611402	353	17,21,25	8,6,5	21,10,28	4,6,9	103	99	0.871058691629	1.0	0.671,0.771,0.828	0.835,0.616,0.749	0.023
354	"AT3G11470"	"AT3G11470"	chr3	-	3611723	3611904	3611728	3611904	3611339	3611407	354	4,2,1	11,17,11	3,2,1	29,10,21	103	99	0.407096347627	1.0	0.259,0.102,0.08	0.09,0.161,0.044	0.049
355	"AT2G29290"	"AT2G29290"	chr2	+	12586041	12586562	12586041	12586522	12586656	12586864	355	152,114,170	7,3,8	228,97,242	2,2,3	138	99	0.0023699137652	0.0186361400627	0.94,0.965,0.938	0.988,0.972,0.983	-0.033
358	"AT2G46610"	"RS31A"	chr2	-	19137830	19138514	19138386	19138514	19137568	19137681	358	12,4,12	6,6,16	9,4,8	13,1,13	198	99	0.810180058642	1.0	0.5,0.25,0.273	0.257,0.667,0.235	-0.045
360	"AT5G25560"	"AT5G25560"	chr5	+	8897870	8898361	8897870	8898022	8899425	8899670	360	5,3,12	0,0,3	1,2,5	7,4,4	198	99	9.49780562343e-06	0.00014937457935	1.0,1.0,0.667	0.067,0.2,0.385	0.672
361	"AT5G25560"	"AT5G25560"	chr5	+	8897870	8898983	8897870	8898022	8899425	8899670	361	9,2,5	0,0,3	1,1,0	7,4,4	198	99	1.25413663898e-08	4.06810572269e-07	1.0,1.0,0.455	0.067,0.111,0.0	0.759
362	"AT5G25560"	"AT5G25560"	chr5	+	8897870	8898983	8897870	8898361	8899425	8899670	362	5,2,1	0,1,7	4,0,1	0,1,5	198	99	0.248585343592	0.777203574242	1.0,0.5,0.067	1.0,0.0,0.091	0.159
364	"AT4G38270"	"GAUT3"	chr4	+	17939038	17939176	17939038	17939168	17939441	17939582	364	20,24,41	5,6,12	28,18,33	18,6,14	106	99	0.0682271829807	0.283279263736	0.789,0.789,0.761	0.592,0.737,0.688	0.107
365	"AT4G38270"	"GAUT3"	chr4	+	17939038	17939176	17939038	17939168	17939445	17939582	365	2,2,1	5,5,7	8,1,9	11,0,5	106	99	0.0153955199587	0.0868508136801	0.272,0.272,0.118	0.404,1.0,0.627	-0.456
367	"AT5G19140"	"ATAILP1"	chr5	+	6425342	6425463	6425342	6425427	6425551	6425661	367	933,716,1364	0,0,1	1892,893,1775	0,1,1	134	99	1	1.0	1.0,1.0,0.999	1.0,0.998,0.999	0.001
368	"AT4G14160"	"AT4G14160"	chr4	+	8170469	8170554	8170469	8170551	8171298	8171376	368	0,0,0	223,180,316	1,4,3	288,165,359	101	99	1	1.0	0.0,0.0,0.0	0.003,0.023,0.008	-0.011
369	"AT5G01470"	"AT5G01470"	chr5	+	192128	192227	192128	192215	192301	192517	369	1,0,3	11,14,15	3,1,4	5,7,8	110	99	0.0189957328339	0.104045358563	0.076,0.0,0.153	0.351,0.114,0.31	-0.182
371	"AT5G61060"	"HDA5"	chr5	-	24569048	24569125	24569060	24569125	24568724	24568895	371	0,0,1	77,56,114	0,0,0	91,48,97	110	99	1	1.0	0.0,0.0,0.008	0.0,0.0,0.0	0.003
374	"AT2G23930"	"SNRNP-G"	chr2	+	10182250	10182387	10182250	10182365	10182491	10182514	374	689,526,936	7,2,5	757,435,849	8,5,10	120	99	0.565409404523	1.0	0.988,0.995,0.994	0.987,0.986,0.986	0.006
375	"AT2G04845"	"AT2G04845"	chr2	-	1702662	1702824	1702691	1702824	1702557	1702596	375	25,21,41	9,7,12	7,3,5	53,30,39	127	99	0	0.0	0.684,0.7,0.727	0.093,0.072,0.091	0.618
376	"AT1G02100"	"AT1G02100"	chr1	+	392020	392076	392020	392072	392261	392300	376	3,4,1	97,76,118	1,2,4	122,45,123	102	99	0.772988853586	1.0	0.029,0.049,0.008	0.008,0.041,0.031	0.002
377	"AT1G79830"	"GC5"	chr1	-	30030362	30030482	30030422	30030482	30030203	30030287	377	4,4,4	179,134,254	0,1,1	234,145,265	158	99	0.731719537968	1.0	0.014,0.018,0.01	0.0,0.004,0.002	0.012
379	"AT1G04510"	"PRP19A"	chr1	+	1230302	1230379	1230302	1230373	1230470	1230827	379	3,2,1	0,0,0	2,0,0	0,0,1	104	99	1	1.0	1.0,1.0,1.0	1.0,NA,0.0	0.5
380	"AT2G27340"	"AT2G27340"	chr2	+	11696936	11697558	11696936	11697554	11697647	11697696	380	0,0,0	71,59,65	0,1,0	46,31,48	102	99	1	1.0	0.0,0.0,0.0	0.0,0.03,0.0	-0.01
381	"AT4G35770"	"STR15"	chr4	+	16945774	16945832	16945774	16945828	16945908	16946192	381	1,0,4	24,12,47	1,0,0	34,9,34	102	99	0.31564772951	0.915202076065	0.039,0.0,0.076	0.028,0.0,0.0	0.029
387	"AT2G39730"	"RCA"	chr2	-	16571179	16571472	16571190	16571472	16570745	16571066	387	11481,9009,12763	23431,19177,26688	19625,13892,24848	23485,16473,28486	109	99	3.04423153352e-12	1.31663013825e-10	0.308,0.299,0.303	0.431,0.434,0.442	-0.132
388	"AT1G32370"	"TOM2B"	chr1	+	11677832	11677925	11677832	11677923	11678023	11678447	388	3,1,6	1,0,2	6,2,2	13,5,17	100	99	2.85467705627e-05	0.000411549275612	0.748,1.0,0.748	0.314,0.284,0.104	0.598
389	"AT1G77890"	"AT1G77890"	chr1	+	29293206	29293278	29293206	29293272	29293400	29293478	389	43,31,54	0,3,0	30,2,32	1,2,4	104	99	0.0221067684154	0.116605537934	1.0,0.908,1.0	0.966,0.488,0.884	0.19
390	"AT1G77890"	"AT1G77890"	chr1	+	29293206	29293278	29293206	29293272	29293433	29293478	390	1,1,1	0,0,0	2,2,3	0,0,1	104	99	1	1.0	1.0,1.0,1.0	1.0,1.0,0.741	0.086
391	"AT5G60120"	"TOE2"	chr5	+	24209970	24210161	24209970	24210095	24210295	24210409	391	1,0,1	72,43,77	0,0,0	54,38,95	164	99	1	1.0	0.008,0.0,0.008	0.0,0.0,0.0	0.005
392	"AT2G47470"	"PDIL2-1"	chr2	+	19483051	19483213	19483051	19483208	19483293	19483418	392	0,0,0	613,459,735	1,0,1	714,599,893	103	99	1	1.0	0.0,0.0,0.0	0.001,0.0,0.001	-0.001
393	"AT1G79990"	"AT1G79990"	chr1	+	30091482	30091648	30091482	30091624	30091926	30092238	393	234,129,268	3,1,4	252,167,319	0,0,0	122	99	0.649817447393	1.0	0.984,0.991,0.982	1.0,1.0,1.0	-0.014
394	"AT5G58140"	"PHOT2"	chr5	+	23528406	23528775	23528406	23528510	23528911	23529018	394	843,649,849	0,1,0	501,293,565	0,0,0	198	99	1	1.0	1.0,0.997,1.0	1.0,1.0,1.0	-0.001
395	"AT5G58140"	"PHOT2"	chr5	+	23529645	23529786	23529645	23529781	23529870	23533111	395	1496,1063,1583	19,17,18	984,598,1134	16,5,12	103	99	0.669539361084	1.0	0.987,0.984,0.988	0.983,0.991,0.989	-0.001
396	"AT1G59890"	"SNL5"	chr1	+	22046138	22046241	22046138	22046226	22046501	22046719	396	31,25,49	11,9,24	48,19,43	16,5,12	113	99	0.221043526108	0.721519434277	0.712,0.709,0.641	0.724,0.769,0.758	-0.063
398	"AT5G53860"	"emb2737"	chr5	+	21865931	21866027	21865931	21865996	21866132	21866231	398	0,0,2	164,158,224	6,2,3	263,108,245	129	99	0.720323593155	1.0	0.0,0.0,0.007	0.017,0.014,0.009	-0.011
399	"AT3G13445"	"TBP1"	chr3	+	4381486	4381768	4381486	4381588	4381868	4382224	399	78,72,91	0,0,1	117,84,132	0,0,0	198	99	1	1.0	1.0,1.0,0.978	1.0,1.0,1.0	-0.007
400	"AT3G46130"	"MYB48"	chr3	+	16945432	16945550	16945432	16945492	16945620	16945750	400	11,9,7	1,0,3	21,7,12	6,5,9	156	99	0.00859419448318	0.0537396016478	0.875,1.0,0.597	0.69,0.47,0.458	0.285
401	"AT3G47160"	"AT3G47160"	chr3	-	17361811	17362118	17361813	17362118	17360994	17361145	401	58,76,145	1,0,0	149,54,104	0,0,0	100	99	1	1.0	0.983,1.0,1.0	1.0,1.0,1.0	-0.006
405	"AT2G02080"	"IDD4"	chr2	-	520976	521205	520980	521205	520263	520660	405	1,0,1	69,62,133	8,2,3	157,57,181	102	99	0.0224190112525	0.116605537934	0.014,0.0,0.007	0.047,0.033,0.016	-0.025
406	"AT3G12250"	"TGA6"	chr3	+	3906243	3906525	3906243	3906416	3906620	3906692	406	5,3,7	11,9,18	2,1,5	35,9,28	198	99	0.00572517934627	0.0401536227124	0.185,0.143,0.163	0.028,0.053,0.082	0.109
407	"AT5G22000"	"RHF2A"	chr5	+	7279240	7279583	7279240	7279556	7279798	7280255	407	212,152,286	3,4,5	256,182,286	3,2,0	125	99	0.146961841379	0.544808540541	0.982,0.968,0.978	0.985,0.986,1.0	-0.014
408	"AT1G73170"	"AT1G73170"	chr1	-	27514350	27514797	27514354	27514797	27514053	27514268	408	36,53,76	66,60,74	56,33,56	113,58,136	102	99	0.00704856576072	0.0463064003774	0.346,0.462,0.499	0.325,0.356,0.286	0.113
409	"AT5G35360"	"CAC2"	chr5	+	13587557	13587637	13587557	13587633	13587787	13587834	409	3,2,2	505,326,535	1,1,1	558,355,687	102	99	1	1.0	0.006,0.006,0.004	0.002,0.003,0.001	0.003
411	"AT5G40500"	"AT5G40500"	chr5	+	16227833	16228049	16227833	16228022	16228119	16228245	411	69,65,110	7,5,10	62,25,65	90,52,98	125	99	0	0.0	0.886,0.911,0.897	0.353,0.276,0.344	0.574
413	"AT1G27840"	"ATCSA-1"	chr1	-	9695720	9695981	9695891	9695981	9695481	9695641	413	42,40,74	0,1,0	58,32,55	1,0,0	198	99	1	1.0	1.0,0.952,1.0	0.967,1.0,1.0	-0.005
414	"AT2G15530"	"MBR1"	chr2	+	6773916	6773983	6773916	6773964	6774083	6775826	414	10,18,11	21,16,29	34,15,35	18,7,25	117	99	0.00140493148711	0.0132194613402	0.287,0.488,0.243	0.615,0.645,0.542	-0.261
415	"AT2G15530"	"MBR1"	chr2	+	6773916	6773992	6773916	6773964	6774083	6775826	415	3,3,2	21,16,29	11,2,9	18,7,25	126	99	0.00167372705596	0.015239725299	0.101,0.128,0.051	0.324,0.183,0.22	-0.149
416	"AT2G15530"	"MBR1"	chr2	+	6773916	6773992	6773916	6773983	6774083	6775826	416	0,0,0	7,15,9	4,2,3	27,15,29	107	99	0.000692067821533	0.00690736921876	0.0,0.0,0.0	0.121,0.11,0.087	-0.106
418	"AT1G23860"	"RSZ21"	chr1	-	8428604	8428818	8428616	8428818	8428234	8428399	418	134,96,202	2,0,0	163,97,209	1,0,0	110	99	1	1.0	0.984,1.0,1.0	0.993,1.0,1.0	-0.003
420	"AT2G30480"	"AT2G30480"	chr2	-	12988669	12989016	12988673	12989016	12988523	12988582	420	3,4,4	13,8,16	5,2,9	10,2,17	102	99	0.173172852277	0.611406192733	0.183,0.327,0.195	0.327,0.493,0.339	-0.151
421	"AT3G14110"	"FLU"	chr3	-	4677129	4677308	4677132	4677308	4676835	4677001	421	0,0,1	436,338,552	0,0,0	492,254,559	101	99	1	1.0	0.0,0.0,0.002	0.0,0.0,0.0	0.001
425	"AT3G14120"	"NUP107"	chr3	+	4684417	4684631	4684417	4684559	4684716	4684877	425	0,0,1	50,33,67	0,0,0	49,32,53	170	99	1	1.0	0.0,0.0,0.009	0.0,0.0,0.0	0.003
426	"AT5G67380"	"CKA1"	chr5	-	26882659	26882789	26882758	26882789	26882393	26882588	426	206,162,328	3,1,1	306,158,355	2,0,1	197	99	1	1.0	0.972,0.988,0.994	0.987,1.0,0.994	-0.009
427	"AT1G32870"	"NAC13"	chr1	+	11912155	11913163	11912155	11913145	11913282	11913947	427	71,42,51	2,1,2	33,29,45	0,0,1	116	99	0.427882374155	1.0	0.968,0.973,0.956	1.0,1.0,0.975	-0.026
428	"AT3G45310"	"AT3G45310"	chr3	-	16628870	16629006	16628873	16629006	16628383	16628741	428	212,182,283	1,1,0	215,152,247	4,2,1	101	99	1	1.0	0.995,0.994,1.0	0.981,0.987,0.996	0.008
430	"AT2G20950"	"AT2G20950"	chr2	+	9003898	9004021	9003898	9003970	9004105	9004228	430	70,49,104	4,9,14	109,59,93	2,0,1	149	99	3.55262596008e-08	9.70427828043e-07	0.921,0.783,0.832	0.973,1.0,0.984	-0.14
431	"AT1G05400"	"AT1G05400"	chr1	+	1584313	1584588	1584313	1584581	1584680	1585060	431	4,2,1	0,0,0	0,2,3	0,0,4	105	99	1	1.0	1.0,1.0,1.0	NA,1.0,0.414	0.293
434	"AT2G04790"	"AT2G04790"	chr2	+	1679804	1679909	1679804	1679886	1680014	1680176	434	58,37,60	124,97,128	63,43,79	79,71,124	121	99	0.00728191388772	0.0472414163466	0.277,0.238,0.277	0.395,0.331,0.343	-0.092
440	"AT1G68010"	"HPR"	chr1	+	25494761	25494839	25494761	25494836	25494907	25495015	440	11,14,16	3737,3250,4519	12,7,31	4299,2797,5693	101	99	1	1.0	0.003,0.004,0.003	0.003,0.002,0.005	0.0
442	"AT3G14415"	"GLO2"	chr3	+	4818297	4818576	4818297	4818536	4818650	4818803	442	0,0,1	1212,1311,1881	1,0,0	2177,1125,2402	138	99	1	1.0	0.0,0.0,0.0	0.0,0.0,0.0	0.0
443	"AT3G14415"	"GLO2"	chr3	+	4819687	4819772	4819687	4819754	4819884	4819947	443	94,73,101	2349,1993,2964	95,58,106	3279,1776,3608	116	99	0.10218728588	0.39960157773	0.033,0.03,0.028	0.024,0.027,0.024	0.005
445	"AT2G41700"	"ABCA1"	chr2	-	17384159	17384252	17384177	17384252	17383785	17384089	445	0,0,2	57,60,84	0,0,1	69,46,81	116	99	1	1.0	0.0,0.0,0.02	0.0,0.0,0.01	0.003
447	"AT3G50500"	"SRK2D"	chr3	-	18742882	18742996	18742903	18742996	18742601	18742694	447	0,3,0	427,368,673	0,2,0	508,286,442	119	99	1	1.0	0.0,0.007,0.0	0.0,0.006,0.0	0.0
451	"AT2G47760"	"ALG3"	chr2	-	19567531	19567600	19567534	19567600	19567196	19567354	451	46,53,72	0,1,0	76,44,85	0,0,1	101	99	1	1.0	1.0,0.981,1.0	1.0,1.0,0.988	-0.002
452	"AT5G66060"	"P4H10"	chr5	+	26420734	26420922	26420734	26420836	26421044	26421130	452	116,86,194	0,0,0	171,105,220	0,0,1	184	99	1	1.0	1.0,1.0,1.0	1.0,1.0,0.992	0.003
454	"AT2G21940"	"SK1"	chr2	+	9351068	9351328	9351068	9351325	9351414	9351464	454	2,0,1	45,27,57	0,0,3	47,32,62	101	99	1	1.0	0.042,0.0,0.017	0.0,0.0,0.045	0.005
456	"AT1G70620"	"AT1G70620"	chr1	+	26627195	26627540	26627195	26627512	26627841	26628053	456	19,12,15	0,2,1	12,8,22	5,0,8	126	99	0.00179495241029	0.0153789801695	1.0,0.825,0.922	0.653,1.0,0.684	0.137
457	"AT4G39850"	"ABCC1"	chr4	+	18494630	18494748	18494630	18494703	18494904	18495085	457	1,2,2	82,63,90	1,0,0	93,54,115	143	99	1	1.0	0.008,0.022,0.015	0.007,0.0,0.0	0.013
458	"AT3G17440"	"NPSN13"	chr3	-	5970246	5970343	5970250	5970343	5970091	5970166	458	2,1,1	130,85,176	4,2,3	145,82,191	102	99	0.558335432649	1.0	0.015,0.011,0.005	0.026,0.023,0.015	-0.011
459	"AT1G16710"	"HAC12"	chr1	+	5715375	5715651	5715375	5715637	5715723	5716316	459	2,2,2	13,18,17	1,0,0	31,6,31	112	99	0.0149935558493	0.085512697646	0.12,0.089,0.094	0.028,0.0,0.0	0.092
460	"AT4G37550"	"AT4G37550"	chr4	+	17644354	17644545	17644354	17644485	17644640	17644876	460	187,160,282	1,0,0	301,135,308	0,0,0	158	99	1	1.0	0.992,1.0,1.0	1.0,1.0,1.0	-0.003
462	"AT4G12440"	"APT4"	chr4	+	7378614	7378884	7378614	7378764	7379857	7379916	462	0,3,3	1,0,0	0,1,0	7,3,3	198	99	2.03445682845e-06	4.06108882294e-05	0.0,1.0,1.0	0.0,0.143,0.0	0.619
464	"AT1G14270"	"AT1G14270"	chr1	-	4876360	4876767	4876669	4876767	4876111	4876194	464	290,260,405	4,5,9	408,219,482	0,0,0	198	99	0.000351412020999	0.00379964247705	0.973,0.963,0.957	1.0,1.0,1.0	-0.036
466	"AT3G14230"	"RAP2-2"	chr3	-	4738699	4739136	4738711	4739136	4737574	4738451	466	0,2,0	15,17,32	0,0,0	36,11,33	110	99	1	1.0	0.0,0.096,0.0	0.0,0.0,0.0	0.032
467	"AT3G10920"	"MSD1"	chr3	+	3418914	3419040	3418914	3419037	3419151	3419208	467	1206,861,1515	0,0,0	1307,794,1470	3,0,0	101	99	1	1.0	1.0,1.0,1.0	0.998,1.0,1.0	0.001
468	"AT1G67590"	"AT1G67590"	chr1	-	25333550	25333639	25333557	25333639	25333057	25333352	468	2,5,8	0,0,1	5,0,3	0,0,0	105	99	1	1.0	1.0,1.0,0.883	1.0,NA,1.0	-0.039
469	"AT5G43810"	"AGO10"	chr5	+	17610971	17611361	17610971	17611005	17611844	17612421	469	6,8,9	32,22,39	14,4,11	32,18,34	198	99	0.301419236484	0.891028765047	0.086,0.154,0.103	0.179,0.1,0.139	-0.025
471	"AT2G05590"	"AT2G05590"	chr2	+	2068558	2068651	2068558	2068646	2068737	2068822	471	13,8,14	47,38,50	9,4,5	63,44,93	103	99	0.00051937102247	0.00528536393455	0.21,0.168,0.212	0.121,0.08,0.049	0.113
473	"AT3G15980"	"AT3G15980"	chr3	-	5411964	5412194	5412046	5412194	5411666	5411718	473	69,47,61	6,5,7	101,88,162	15,9,21	180	99	0.337032641633	0.946295080313	0.863,0.838,0.827	0.787,0.843,0.809	0.03
474	"AT3G15980"	"AT3G15980"	chr3	-	5411964	5412194	5412061	5412194	5411666	5411718	474	72,50,63	7,0,3	103,90,163	0,4,3	195	99	0.0615161100158	0.261695582772	0.839,1.0,0.914	1.0,0.92,0.965	-0.044
475	"AT3G15980"	"AT3G15980"	chr3	-	5412046	5412194	5412061	5412194	5411666	5411718	475	9,8,9	7,0,3	17,11,22	0,4,3	113	99	0.177228123296	0.614284762208	0.53,1.0,0.724	1.0,0.707,0.865	-0.106
477	"AT1G29850"	"AT1G29850"	chr1	+	10449408	10449485	10449408	10449480	10449597	10449946	477	0,0,1	457,299,488	6,5,7	560,344,666	103	99	1	1.0	0.0,0.0,0.002	0.01,0.014,0.01	-0.011
478	"AT5G50740"	"AT5G50740"	chr5	-	20637956	20637996	20637961	20637996	20637690	20637859	478	1,1,0	55,42,46	0,0,2	72,40,72	103	99	1	1.0	0.017,0.022,0.0	0.0,0.0,0.026	0.004
484	"AT5G10940"	"AT5G10940"	chr5	-	3452075	3452190	3452084	3452190	3451435	3451575	484	6,3,5	120,80,151	9,0,13	65,25,79	107	99	0.00204393987214	0.0163200737483	0.044,0.034,0.03	0.114,0.0,0.132	-0.046
485	"AT5G47900"	"AT5G47900"	chr5	+	19394537	19394634	19394537	19394629	19394713	19394857	485	1,0,1	44,35,37	0,1,1	45,26,39	103	99	1	1.0	0.021,0.0,0.025	0.0,0.036,0.024	-0.005
486	"AT2G18890"	"AT2G18890"	chr2	+	8185150	8185286	8185150	8185242	8185641	8185791	486	26,13,24	0,0,0	60,27,52	0,0,3	142	99	0.978466970348	1.0	1.0,1.0,1.0	1.0,1.0,0.924	0.025
487	"AT1G66970"	"GDPDL1"	chr1	-	24995800	24996117	24995866	24996117	24995314	24995608	487	0,0,0	204,229,435	1,1,0	701,238,564	164	99	1	1.0	0.0,0.0,0.0	0.001,0.003,0.0	-0.001
490	"AT1G73960"	"TAF2"	chr1	-	27806796	27806962	27806856	27806962	27806522	27806706	490	16,19,41	0,0,0	35,19,53	1,0,3	158	99	0.476525717425	1.0	1.0,1.0,1.0	0.956,1.0,0.917	0.042
491	"AT3G02600"	"LPP3"	chr3	+	551604	551847	551604	551718	552436	552529	491	24,22,20	0,1,0	32,20,31	0,0,1	198	99	1	1.0	1.0,0.917,1.0	1.0,1.0,0.939	-0.007
492	"AT3G02600"	"LPP3"	chr3	+	551604	551847	551604	551718	552930	553152	492	6,8,15	1,1,2	24,11,16	3,0,0	198	99	0.200640332316	0.667514951744	0.75,0.8,0.789	0.8,1.0,1.0	-0.154
494	"AT1G67700"	"HHL1"	chr1	+	25375194	25375281	25375194	25375278	25375405	25375453	494	1200,931,1549	8,7,10	1677,965,1795	3,6,6	101	99	1	1.0	0.993,0.992,0.993	0.998,0.994,0.997	-0.004
495	"AT2G35060"	"POT11"	chr2	-	14777713	14777942	14777716	14777942	14777393	14777639	495	0,0,0	67,55,85	1,0,0	123,44,114	101	99	1	1.0	0.0,0.0,0.0	0.008,0.0,0.0	-0.003
496	"AT1G22200"	"AT1G22200"	chr1	-	7838207	7838304	7838211	7838304	7838047	7838114	496	0,0,2	101,79,137	1,1,0	185,106,112	102	99	1	1.0	0.0,0.0,0.014	0.005,0.009,0.0	0.0
498	"AT1G80380"	"GLYK"	chr1	+	30217218	30217632	30217218	30217575	30217862	30218248	498	9,5,12	491,551,769	28,5,20	1108,407,1046	155	99	0.28247725547	0.856551858318	0.012,0.006,0.01	0.016,0.008,0.012	-0.003
499	"AT1G80380"	"GLYK"	chr1	+	30217862	30218248	30217862	30218233	30218337	30218417	499	576,667,855	1,3,3	1129,527,1160	0,1,0	113	99	1	1.0	0.998,0.995,0.996	1.0,0.998,1.0	-0.003
500	"AT1G80380"	"GLYK"	chr1	+	30218913	30218945	30218913	30218927	30219060	30219204	500	845,673,977	0,0,0	1236,738,1464	0,0,1	116	99	1	1.0	1.0,1.0,1.0	1.0,1.0,0.999	0.0
501	"AT1G09420"	"G6PD4"	chr1	-	3039513	3039670	3039549	3039670	3039246	3039449	501	1,0,1	26,24,27	0,0,2	17,3,23	134	99	1	1.0	0.028,0.0,0.027	0.0,0.0,0.06	-0.002
504	"AT1G01140"	"CIPK9"	chr1	-	65732	65864	65738	65864	65562	65652	504	0,0,0	84,46,118	0,1,0	125,70,142	104	99	1	1.0	0.0,0.0,0.0	0.0,0.013,0.0	-0.004
505	"AT1G17720"	"PP2AB2"	chr1	-	6096212	6096389	6096215	6096389	6095831	6095923	505	48,37,86	67,68,89	67,46,94	115,67,117	101	99	0.688876830625	1.0	0.413,0.348,0.486	0.363,0.402,0.441	0.014
506	"AT2G04270"	"RNE"	chr2	+	1475325	1475429	1475325	1475413	1475599	1475781	506	28,29,70	0,2,4	56,20,59	1,0,0	114	99	0.144541970072	0.539692679621	1.0,0.926,0.938	0.98,1.0,1.0	-0.039
508	"AT1G69220"	"SIK1"	chr1	-	26025353	26026171	26025434	26026171	26025107	26025196	508	54,57,85	0,0,0	85,37,80	0,0,2	179	99	1	1.0	1.0,1.0,1.0	1.0,1.0,0.957	0.014
510	"AT5G48690"	"AT5G48690"	chr5	-	19748423	19748510	19748427	19748510	19748280	19748341	510	2,3,2	0,1,0	0,0,6	3,0,4	102	99	1	1.0	1.0,0.744,1.0	0.0,NA,0.593	0.618
511	"AT2G37160"	"AT2G37160"	chr2	+	15611441	15611552	15611441	15611547	15611632	15611720	511	0,0,0	0,2,0	1,1,1	0,0,1	103	99	1	1.0	NA,0.0,NA	1.0,1.0,0.49	-0.83
512	"AT5G63090"	"LOB"	chr5	-	25309799	25309929	25309870	25309929	25308571	25309302	512	1,2,1	2,0,0	1,2,0	0,0,0	169	99	1	1.0	0.227,1.0,1.0	1.0,1.0,NA	-0.258
513	"AT5G63090"	"LOB"	chr5	-	25310674	25310973	25310678	25310973	25308571	25309302	513	2,2,4	9,3,11	2,1,10	6,1,5	102	99	0.0953308494971	0.380590083761	0.177,0.393,0.261	0.244,0.493,0.66	-0.189
514	"AT5G63090"	"LOB"	chr5	-	25310674	25310973	25310678	25310973	25309870	25309929	514	0,0,0	0,0,2	0,1,0	0,0,0	102	99	1	1.0	NA,NA,0.0	NA,1.0,NA	-1.0
516	"AT5G55180"	"AT5G55180"	chr5	+	22388984	22390269	22388984	22390265	22390515	22390714	516	0,0,0	177,119,165	2,0,0	180,145,254	102	99	1	1.0	0.0,0.0,0.0	0.011,0.0,0.0	-0.004
519	"AT3G61010"	"AT3G61010"	chr3	-	22572080	22572164	22572090	22572164	22571915	22571988	519	1,1,3	0,1,0	8,6,8	0,0,3	108	99	0.58395731333	1.0	1.0,0.478,1.0	1.0,1.0,0.71	-0.077
520	"AT3G61010"	"AT3G61010"	chr3	-	22573609	22573718	22573636	22573718	22573405	22573458	520	14,18,31	0,1,0	48,27,38	0,0,0	125	99	1	1.0	1.0,0.934,1.0	1.0,1.0,1.0	-0.022
521	"AT3G61010"	"AT3G61010"	chr3	-	22573609	22573718	22573636	22573718	22573477	22573528	521	28,27,32	15,20,35	54,30,57	38,26,35	125	99	0.67540320385	1.0	0.597,0.517,0.42	0.53,0.477,0.563	-0.012
522	"AT5G14740"	"BCA2"	chr5	+	4759095	4759218	4759095	4759213	4760524	4760588	522	5,4,9	5037,4529,7190	15,5,20	6859,3171,6978	103	99	1	1.0	0.001,0.001,0.001	0.002,0.002,0.003	-0.001
523	"AT5G14740"	"BCA2"	chr5	+	4761960	4762070	4761960	4762066	4762217	4762615	523	1,3,3	8437,7001,10458	1,0,2	8831,5915,10571	102	99	1	1.0	0.0,0.0,0.0	0.0,0.0,0.0	0.0
524	"AT5G14740"	"BCA2"	chr5	+	4761960	4762070	4761960	4762066	4762224	4762615	524	0,2,3	3,3,3	1,0,2	2,6,2	102	99	0.181725358912	0.616440923368	0.0,0.393,0.493	0.327,0.0,0.493	0.022
526	"AT1G18390"	"AT1G18390"	chr1	+	6328428	6328473	6328428	6328463	6328681	6329319	526	27,18,49	2,0,1	37,15,32	0,1,0	108	99	0.725176629796	1.0	0.925,1.0,0.978	1.0,0.932,1.0	-0.01
529	"AT5G57565"	"AT5G57565"	chr5	+	23311213	23311285	23311213	23311241	23311383	23311564	529	12,16,18	2,0,0	20,16,29	3,1,4	142	99	0.00540491177528	0.0389604057135	0.807,1.0,1.0	0.823,0.918,0.835	0.077
530	"AT3G14172"	"AT3G14172"	chr3	-	4704450	4704633	4704474	4704633	4704257	4704357	530	33,32,56	0,0,0	47,25,50	0,0,1	122	99	1	1.0	1.0,1.0,1.0	1.0,1.0,0.976	0.008
531	"AT3G52300"	"ATPQ"	chr3	+	19397651	19397720	19397651	19397716	19397819	19397906	531	1,0,2	1268,1059,1611	0,0,1	1450,996,1662	102	99	1	1.0	0.001,0.0,0.001	0.0,0.0,0.001	0.0
532	"AT1G44835"	"AT1G44835"	chr1	+	16941901	16942032	16941901	16942029	16942105	16942180	532	0,2,0	95,83,134	0,0,0	100,84,140	101	99	1	1.0	0.0,0.023,0.0	0.0,0.0,0.0	0.008
533	"AT2G46790"	"APRR9"	chr2	+	19233160	19233330	19233160	19233322	19233419	19233550	533	23,21,33	3,7,8	7,6,6	7,2,19	106	99	0.00250298212781	0.019388772005	0.877,0.737,0.794	0.483,0.737,0.228	0.32
536	"AT1G47570"	"AT1G47570"	chr1	+	17478654	17479011	17478654	17478991	17479130	17479281	536	1,3,0	68,54,79	5,0,2	67,36,81	118	99	0.241622730842	0.761368815312	0.012,0.045,0.0	0.059,0.0,0.02	-0.007
537	"AT3G46210"	"AT3G46210"	chr3	-	16978583	16978892	16978781	16978892	16978383	16978502	537	1,0,0	2,4,10	2,0,4	9,5,7	198	99	0.0174575545828	0.0974244175105	0.2,0.0,0.0	0.1,0.0,0.222	-0.041
538	"AT3G46210"	"AT3G46210"	chr3	-	16978583	16978892	16978851	16978892	16978383	16978502	538	1,0,0	1,0,0	2,1,4	0,0,0	198	99	1	1.0	0.333,NA,NA	1.0,1.0,1.0	-0.667
539	"AT3G46210"	"AT3G46210"	chr3	-	16978781	16978892	16978851	16978892	16978383	16978502	539	2,4,10	1,0,0	9,6,7	0,0,0	168	99	1	1.0	0.541,1.0,1.0	1.0,1.0,1.0	-0.153
541	"AT5G41140"	"AT5G41140"	chr5	+	16472006	16472138	16472006	16472117	16472221	16472292	541	91,69,128	12,9,7	88,59,92	11,5,9	119	99	0.855397649482	1.0	0.863,0.864,0.938	0.869,0.908,0.895	-0.002
545	"AT5G62620"	"B3GALT19"	chr5	+	25139081	25139255	25139081	25139239	25139351	25139459	545	37,27,36	0,2,1	46,17,41	1,0,0	114	99	0.458740757858	1.0	1.0,0.921,0.969	0.976,1.0,1.0	-0.029
547	"AT1G01040"	"DCL1"	chr1	+	27371	27536	27371	27533	27617	27713	547	2,6,8	11,18,30	1,0,7	29,16,19	101	99	0.0598660684332	0.258920745974	0.151,0.246,0.207	0.033,0.0,0.265	0.102
549	"AT2G43490"	"AT2G43490"	chr2	-	18058044	18058201	18058056	18058201	18057838	18057937	549	31,26,46	12,9,15	46,12,44	6,10,16	110	99	0.87954335405	1.0	0.699,0.722,0.734	0.873,0.519,0.712	0.017
551	"AT2G22920"	"SCPL12"	chr2	+	9756975	9757111	9756975	9757089	9757203	9757249	551	4,1,0	32,20,54	0,6,6	66,42,83	120	99	0.283866897169	0.856551858318	0.093,0.04,0.0	0.0,0.105,0.056	-0.009
552	"AT5G14420"	"RGLG2"	chr5	-	4650731	4650790	4650737	4650790	4650239	4650627	552	1,0,2	2,3,4	1,1,0	1,0,0	104	99	1	1.0	0.322,0.0,0.322	0.488,1.0,NA	-0.529
553	"AT5G60600"	"ISPG"	chr5	+	24361075	24361192	24361075	24361189	24361268	24361343	553	750,728,1072	1,0,8	1269,565,1448	1,0,1	101	99	1	1.0	0.999,1.0,0.992	0.999,1.0,0.999	-0.002
554	"AT3G15020"	"mMDH2"	chr3	+	5057590	5057714	5057590	5057708	5057808	5058248	554	1,2,0	0,0,0	3,0,2	0,0,2	104	99	1	1.0	1.0,1.0,NA	1.0,NA,0.488	0.256
556	"AT4G31170"	"AT4G31170"	chr4	-	15155466	15155703	15155575	15155703	15155047	15155118	556	5,4,8	70,43,95	29,9,15	113,41,89	198	99	0.000315954392067	0.00348894318048	0.034,0.044,0.04	0.114,0.099,0.078	-0.058
558	"AT1G05230"	"HDG2"	chr1	-	1513824	1513920	1513830	1513920	1513373	1513744	558	57,32,73	5,9,4	51,40,80	17,5,19	104	99	0.0224363346924	0.116605537934	0.916,0.772,0.946	0.741,0.884,0.8	0.07
560	"AT2G40935"	"PCR10"	chr2	+	17083143	17083379	17083143	17083346	17083736	17083963	560	14,11,19	2,0,2	20,20,30	0,0,0	131	99	0.339090884511	0.946295080313	0.841,1.0,0.878	1.0,1.0,1.0	-0.094
561	"AT2G40935"	"PCR10"	chr2	+	17083143	17083444	17083143	17083346	17083736	17083963	561	12,11,20	2,0,2	13,6,17	0,0,0	196	99	0.177538948615	0.614284762208	0.752,1.0,0.835	1.0,1.0,1.0	-0.138
562	"AT2G40935"	"PCR10"	chr2	+	17083143	17083444	17083143	17083379	17083736	17083963	562	12,11,20	14,11,19	13,6,17	20,20,30	163	99	0.0365954760417	0.1758615932	0.342,0.378,0.39	0.283,0.154,0.256	0.139
563	"AT1G79700"	"AT1G79700"	chr1	-	29991803	29991880	29991833	29991880	29990335	29990825	563	22,18,36	1,2,0	32,19,31	1,1,0	128	99	1	1.0	0.944,0.874,1.0	0.961,0.936,1.0	-0.026
564	"AT1G18730"	"PNSB4"	chr1	+	6461317	6461910	6461317	6461389	6461993	6462224	564	11,8,11	972,787,1037	8,16,19	1404,908,1808	198	99	1	1.0	0.006,0.005,0.005	0.003,0.009,0.005	-0.0
566	"AT4G38090"	"AT4G38090"	chr4	-	17884122	17884228	17884134	17884228	17883998	17884052	566	31,33,56	6,5,11	73,41,81	14,12,18	110	99	0.374114205762	1.0	0.823,0.856,0.821	0.824,0.755,0.802	0.04
567	"AT1G70570"	"AT1G70570"	chr1	+	26610834	26611053	26610834	26610942	26611127	26611251	567	1,0,0	158,137,217	0,0,0	131,102,150	198	99	1	1.0	0.003,0.0,0.0	0.0,0.0,0.0	0.001
568	"AT2G33120"	"VAMP722"	chr2	-	14045123	14045543	14045147	14045543	14044529	14044671	568	1,0,0	311,253,454	1,1,1	460,241,408	122	99	1	1.0	0.003,0.0,0.0	0.002,0.003,0.002	-0.001
569	"AT1G79230"	"STR1"	chr1	+	29802115	29802244	29802115	29802240	29802347	29802510	569	0,0,1	226,206,346	0,1,0	379,228,384	102	99	1	1.0	0.0,0.0,0.003	0.0,0.004,0.0	-0.0
571	"AT3G06720"	"IMPA1"	chr3	+	2123173	2123567	2123173	2123557	2123647	2124131	571	1,0,0	267,211,296	2,3,3	279,184,259	108	99	1	1.0	0.003,0.0,0.0	0.007,0.015,0.011	-0.01
572	"AT5G64460"	"AT5G64460"	chr5	-	25775477	25775568	25775482	25775568	25775305	25775354	572	0,0,3	0,0,0	2,0,2	0,0,1	103	99	1	1.0	NA,NA,1.0	1.0,NA,0.658	0.171
577	"AT2G43500"	"NLP8"	chr2	+	18062530	18062599	18062530	18062595	18062693	18063659	577	1,2,3	8,1,2	8,2,5	0,3,4	102	99	0.0999364565164	0.395931457496	0.108,0.66,0.593	1.0,0.393,0.548	-0.193
579	"AT3G51830"	"SAC8"	chr3	+	19220687	19220820	19220687	19220815	19220917	19221009	579	5,2,4	36,42,66	7,3,4	69,29,58	103	99	0.633923689752	1.0	0.118,0.044,0.055	0.089,0.09,0.062	-0.008
581	"AT1G18030"	"AT1G18030"	chr1	+	6206124	6206218	6206124	6206214	6206319	6206367	581	4,1,3	35,27,54	5,0,4	46,43,47	102	99	0.671661896367	1.0	0.1,0.035,0.051	0.095,0.0,0.076	0.005
583	"AT3G14420"	"GLO1"	chr3	+	4821787	4821944	4821787	4821940	4822032	4822157	583	0,1,0	4827,4690,6986	0,0,0	7429,3491,9508	102	99	1	1.0	0.0,0.0,0.0	0.0,0.0,0.0	0.0
584	"AT3G14420"	"GLO1"	chr3	+	4823177	4823251	4823177	4823247	4823340	4823437	584	0,0,1	0,0,2	3,0,0	0,0,0	102	99	1	1.0	NA,NA,0.327	1.0,NA,NA	-0.673
585	"AT4G19040"	"EDR2"	chr4	-	10433201	10433256	10433216	10433256	10432977	10433126	585	3,1,0	54,58,68	10,7,7	90,55,87	113	99	7.20090859923e-05	0.000983492516579	0.046,0.015,0.0	0.089,0.1,0.066	-0.065
589	"AT5G59440"	"ZEU1"	chr5	+	23971230	23971402	23971230	23971362	23971514	23971569	589	0,0,0	53,45,74	0,0,1	79,51,67	138	99	1	1.0	0.0,0.0,0.0	0.0,0.0,0.011	-0.004
590	"AT2G36060"	"UEV1C"	chr2	-	15143225	15143351	15143228	15143351	15142676	15143152	590	400,323,521	8,5,20	446,280,449	18,10,23	101	99	0.0324436827086	0.158851616281	0.98,0.984,0.962	0.96,0.965,0.95	0.017
591	"AT2G36060"	"UEV1C"	chr2	-	15143474	15143617	15143477	15143617	15143225	15143351	591	50,34,74	290,202,382	143,71,174	335,144,368	101	99	1.39366296281e-12	7.23311077698e-11	0.145,0.142,0.16	0.295,0.326,0.317	-0.164
593	"AT1G28660"	"AT1G28660"	chr1	-	10072529	10072675	10072532	10072675	10072180	10072457	593	19,15,31	0,1,0	41,25,41	0,0,1	101	99	1	1.0	1.0,0.936,1.0	1.0,1.0,0.976	-0.013
594	"AT5G54130"	"AT5G54130"	chr5	+	21963295	21963401	21963295	21963395	21963492	21963704	594	59,43,63	0,0,0	95,57,127	1,0,3	104	99	1	1.0	1.0,1.0,1.0	0.989,1.0,0.976	0.012
597	"AT4G16695"	"AT4G16695"	chr4	+	9394420	9394573	9394420	9394569	9395060	9395142	597	1,6,1	8,10,18	13,9,4	10,7,11	102	99	0.0049382031624	0.0360975695956	0.108,0.368,0.051	0.558,0.555,0.261	-0.282
598	"AT1G21560"	"AT1G21560"	chr1	+	7554783	7555007	7554783	7554975	7555182	7556032	598	22,11,13	20,25,34	16,17,21	31,21,41	130	99	0.961553442478	1.0	0.456,0.251,0.226	0.282,0.381,0.281	-0.004
599	"AT2G39800"	"P5CSA"	chr2	-	16599875	16599972	16599884	16599972	16599686	16599790	599	513,559,612	0,0,0	435,222,495	2,1,0	107	99	1	1.0	1.0,1.0,1.0	0.995,0.995,1.0	0.003
600	"AT5G59480"	"AT5G59480"	chr5	-	23980392	23980480	23980395	23980480	23980020	23980299	600	151,161,241	1,1,2	238,154,342	2,2,1	101	99	1	1.0	0.993,0.994,0.992	0.991,0.987,0.997	0.001
601	"AT2G05520"	"GRP3"	chr2	+	2026523	2026628	2026523	2026610	2026649	2027117	601	1529,637,1981	0,0,0	2204,844,1516	82,0,57	116	99	0	0.0	1.0,1.0,1.0	0.958,1.0,0.958	0.028
602	"AT2G05520"	"GRP3"	chr2	+	2026523	2026628	2026523	2026610	2026670	2027117	602	623,322,777	21,14,28	1136,405,751	31,20,28	116	99	0.859073804039	1.0	0.962,0.952,0.959	0.969,0.945,0.958	0.0
603	"AT2G05520"	"GRP3"	chr2	+	2026523	2026628	2026523	2026610	2026712	2027117	603	623,320,777	0,0,0	1123,404,744	1,1,0	116	99	1	1.0	1.0,1.0,1.0	0.999,0.997,1.0	0.001
604	"AT2G05520"	"GRP3"	chr2	+	2026523	2026649	2026523	2026610	2026712	2027117	604	680,330,821	0,0,0	1142,441,752	1,1,0	137	99	1	1.0	1.0,1.0,1.0	0.999,0.997,1.0	0.001
605	"AT2G05520"	"GRP3"	chr2	+	2026523	2026649	2026523	2026628	2026712	2027117	605	57,12,44	0,2,0	19,38,8	0,1,0	119	99	1	1.0	1.0,0.833,1.0	1.0,0.969,1.0	-0.045
606	"AT2G05520"	"GRP3"	chr2	+	2026523	2026649	2026523	2026610	2026733	2027117	606	663,376,859	1,0,0	1299,495,875	0,0,0	137	99	1	1.0	0.998,1.0,1.0	1.0,1.0,1.0	-0.001
609	"AT3G51880"	"HMGB1"	chr3	-	19247435	19247525	19247456	19247525	19246990	19247333	609	15,11,23	324,270,465	55,20,51	419,246,438	119	99	9.25770362481e-07	2.00197840887e-05	0.037,0.033,0.04	0.098,0.063,0.088	-0.046
612	"AT3G60250"	"CKB3"	chr3	-	22270992	22271158	22270995	22271158	22270336	22270844	612	69,35,90	72,53,100	61,31,69	102,70,114	101	99	0.0116289767786	0.0693728614723	0.484,0.393,0.469	0.37,0.303,0.372	0.1
616	"AT5G61150"	"VIP4"	chr5	-	24604074	24604326	24604080	24604326	24603655	24603983	616	134,108,171	14,8,11	147,93,171	16,7,23	104	99	0.177365929187	0.614284762208	0.901,0.928,0.937	0.897,0.927,0.876	0.022
617	"AT3G47010"	"AT3G47010"	chr3	-	17317588	17317776	17317593	17317776	17317316	17317518	617	0,0,0	24,17,27	1,0,1	41,17,48	103	99	1	1.0	0.0,0.0,0.0	0.023,0.0,0.02	-0.014
619	"AT5G46110"	"TPT"	chr5	+	18697234	18697890	18697234	18697883	18697957	18698023	619	116,83,135	1989,2149,3096	126,75,129	4995,1621,4881	105	99	0.000172345935657	0.00208017536293	0.052,0.035,0.039	0.023,0.042,0.024	0.012
621	"AT5G46110"	"TPT"	chr5	+	18699958	18700063	18699958	18700059	18700194	18700656	621	0,0,1	3320,2558,3596	0,0,1	5693,3212,5790	102	99	1	1.0	0.0,0.0,0.0	0.0,0.0,0.0	0.0
624	"AT2G17510"	"EMB2763"	chr2	-	7612961	7613066	7612997	7613066	7612561	7612687	624	0,0,0	77,43,93	1,0,1	72,28,68	134	99	1	1.0	0.0,0.0,0.0	0.01,0.0,0.011	-0.007
626	"AT2G46420"	"AT2G46420"	chr2	+	19056544	19056666	19056544	19056634	19056765	19057096	626	4,0,2	84,57,91	2,1,2	112,73,105	130	99	0.563250508059	1.0	0.035,0.0,0.016	0.013,0.01,0.014	0.005
627	"AT3G21250"	"ABCC8"	chr3	-	7460421	7460508	7460454	7460508	7459722	7460334	627	64,84,138	13,9,9	128,61,147	7,0,3	131	99	9.11602583535e-05	0.0011539554655	0.788,0.876,0.921	0.933,1.0,0.974	-0.107
628	"AT5G59130"	"AT5G59130"	chr5	-	23871342	23871552	23871372	23871552	23871140	23871252	628	32,44,72	0,0,2	83,29,89	0,0,0	128	99	1	1.0	1.0,1.0,0.965	1.0,1.0,1.0	-0.012
629	"AT3G26890"	"AT3G26890"	chr3	-	9911414	9911621	9911606	9911621	9909317	9910792	629	37,16,67	8,3,4	29,20,32	3,2,3	198	99	0.526288741762	1.0	0.698,0.727,0.893	0.829,0.833,0.842	-0.062
630	"AT3G56130"	"AT3G56130"	chr3	+	20827622	20827958	20827622	20827954	20828137	20828404	630	6,8,7	283,205,384	7,5,10	366,174,386	102	99	0.99507988193	1.0	0.02,0.036,0.017	0.018,0.027,0.025	0.001
631	"AT3G56130"	"AT3G56130"	chr3	+	20827900	20827954	20827900	20827933	20828137	20828404	631	293,218,397	0,0,1	393,185,410	2,0,1	119	99	1	1.0	1.0,1.0,0.997	0.994,1.0,0.997	0.002
632	"AT4G13040"	"AT4G13040"	chr4	+	7614559	7614668	7614559	7614615	7614767	7614948	632	107,85,161	7,6,0	139,77,185	14,12,18	151	99	0.000219569047969	0.00253236301991	0.909,0.903,1.0	0.867,0.808,0.871	0.089
633	"AT1G73390"	"AT1G73390"	chr1	-	27594494	27594551	27594498	27594551	27593901	27594166	633	15,9,12	26,21,57	33,17,39	12,9,18	102	99	5.4748749978e-10	2.02961437418e-08	0.359,0.294,0.17	0.727,0.647,0.678	-0.41
635	"AT5G47620"	"AT5G47620"	chr5	-	19304365	19304453	19304367	19304453	19304056	19304280	635	4,4,3	158,113,198	2,2,2	177,65,173	100	99	0.225065003119	0.727403006829	0.024,0.034,0.015	0.011,0.03,0.011	0.007
637	"AT1G20696"	"HMGB3"	chr1	+	7180673	7180760	7180673	7180754	7180989	7181069	637	16,10,40	1,0,0	32,13,28	0,0,0	104	99	1	1.0	0.938,1.0,1.0	1.0,1.0,1.0	-0.021
640	"AT2G43950"	"OEP37"	chr2	-	18200931	18201052	18200996	18201052	18200323	18200684	640	229,192,287	0,0,0	230,172,297	0,0,2	163	99	1	1.0	1.0,1.0,1.0	1.0,1.0,0.989	0.004
641	"AT4G25720"	"QCT"	chr4	-	13100785	13100883	13100845	13100883	13100416	13100487	641	145,133,213	3,2,1	218,120,254	2,1,3	158	99	0.982036148256	1.0	0.968,0.977,0.993	0.986,0.987,0.981	-0.005
642	"AT3G18380"	"SHH2"	chr3	-	6312246	6312448	6312255	6312448	6312005	6312081	642	52,54,84	4,3,4	50,29,70	12,1,8	107	99	0.0224673483496	0.116605537934	0.923,0.943,0.951	0.794,0.964,0.89	0.056
643	"AT1G72930"	"TIR"	chr1	+	27439451	27439973	27439451	27439930	27440071	27440464	643	8,4,10	525,369,563	5,2,11	738,514,897	141	99	1	1.0	0.011,0.008,0.012	0.005,0.003,0.009	0.005
644	"AT1G63770"	"AT1G63770"	chr1	-	23658411	23658526	23658415	23658526	23658215	23658332	644	0,0,1	683,502,763	0,0,0	758,495,829	102	99	1	1.0	0.0,0.0,0.001	0.0,0.0,0.0	0.0
645	"AT4G36980"	"AT4G36980"	chr4	-	17434316	17434461	17434319	17434461	17433989	17434142	645	2,0,1	164,92,183	0,1,5	249,133,275	101	99	1	1.0	0.012,0.0,0.005	0.0,0.007,0.018	-0.003
646	"AT4G30160"	"VLN4"	chr4	+	14757777	14757815	14757777	14757788	14757904	14758045	646	4,1,8	125,94,159	3,1,1	163,73,141	125	99	0.0588107290671	0.256493851982	0.025,0.008,0.038	0.014,0.011,0.006	0.013
648	"AT1G02145"	"ALG12"	chr1	+	404756	404953	404756	404842	405064	405110	648	45,60,117	1,0,0	78,49,84	0,0,0	198	99	1	1.0	0.957,1.0,1.0	1.0,1.0,1.0	-0.014
649	"AT2G17560"	"HMGB4"	chr2	-	7642599	7642674	7642611	7642674	7642164	7642506	649	312,250,484	2,7,4	434,246,425	7,3,6	110	99	0.662862081926	1.0	0.993,0.97,0.991	0.982,0.987,0.985	0.0
650	"AT4G12850"	"AT4G12850"	chr4	+	7536974	7537424	7536974	7537203	7538081	7538276	650	10,7,9	2,2,7	6,10,10	3,2,5	198	99	0.946402418049	1.0	0.714,0.636,0.391	0.5,0.714,0.5	0.009
651	"AT2G22540"	"SVP"	chr2	+	9579873	9580598	9579873	9580583	9581505	9581584	651	296,237,362	0,0,0	387,201,407	1,0,0	113	99	1	1.0	1.0,1.0,1.0	0.997,1.0,1.0	0.001
652	"AT5G10605"	"AT5G10605"	chr5	-	3353056	3353392	3353180	3353392	3352897	3352941	652	8,8,8	9,4,10	26,17,27	4,14,17	198	99	0.127721311435	0.487407063491	0.308,0.5,0.286	0.765,0.378,0.443	-0.164
653	"AT5G38470"	"RAD23D"	chr5	+	15406994	15407105	15406994	15407101	15407194	15407273	653	9,9,5	391,327,588	7,1,3	470,336,541	102	99	0.134416222653	0.505521880847	0.022,0.026,0.008	0.014,0.003,0.005	0.011
655	"AT4G32850"	"PAPS4"	chr4	+	15854164	15854241	15854164	15854211	15854326	15854439	655	66,48,83	1,1,0	103,90,135	0,0,1	128	99	1	1.0	0.981,0.974,1.0	1.0,1.0,0.991	-0.012
656	"AT4G32850"	"PAPS4"	chr4	+	15854164	15854241	15854164	15854211	15854362	15854460	656	49,38,63	0,0,0	56,40,86	0,0,2	128	99	1	1.0	1.0,1.0,1.0	1.0,1.0,0.971	0.01
657	"AT4G32850"	"PAPS4"	chr4	+	15854164	15854245	15854164	15854211	15854362	15854460	657	28,24,33	0,0,0	30,21,57	0,0,2	132	99	1	1.0	1.0,1.0,1.0	1.0,1.0,0.955	0.015
658	"AT4G32850"	"PAPS4"	chr4	+	15854164	15854245	15854164	15854241	15854362	15854460	658	3,2,0	24,16,30	1,0,5	27,19,34	102	99	0.792990449173	1.0	0.108,0.108,0.0	0.035,0.0,0.125	0.019
659	"AT2G01890"	"PAP8"	chr2	-	397922	398030	398006	398030	397727	397855	659	137,99,183	0,0,0	198,118,196	0,0,1	182	99	1	1.0	1.0,1.0,1.0	1.0,1.0,0.991	0.003
661	"AT1G74530"	"AT1G74530"	chr1	-	28010054	28010124	28010058	28010124	28009898	28009973	661	2,1,3	110,83,166	0,3,0	146,88,174	102	99	0.661302848374	1.0	0.017,0.012,0.017	0.0,0.032,0.0	0.005
662	"AT5G06250"	"AT5G06250"	chr5	-	1893445	1894124	1893490	1894124	1892713	1892949	662	5,3,9	0,0,0	2,3,4	0,0,2	143	99	1	1.0	1.0,1.0,1.0	1.0,1.0,0.581	0.14
663	"AT2G29890"	"VLN1"	chr2	+	12747605	12747759	12747605	12747753	12747869	12747880	663	2,6,8	11,9,8	6,6,5	16,4,18	104	99	0.859887902325	1.0	0.148,0.388,0.488	0.263,0.588,0.209	-0.012
665	"AT5G61530"	"AT5G61530"	chr5	+	24743833	24744078	24743833	24744051	24744193	24744350	665	119,88,162	8,9,8	117,104,163	4,4,6	125	99	0.0511173232074	0.2347777942	0.922,0.886,0.941	0.959,0.954,0.956	-0.04
666	"AT3G13870"	"RHD3"	chr3	-	4570241	4570312	4570245	4570312	4570053	4570156	666	1,6,13	209,176,311	8,1,7	354,120,343	102	99	0.270042249593	0.834237663921	0.005,0.032,0.039	0.021,0.008,0.019	0.009
667	"AT5G03180"	"AT5G03180"	chr5	-	755161	755330	755173	755330	754625	755081	667	11,11,27	5,3,5	22,10,32	6,3,3	110	99	0.463474166308	1.0	0.664,0.767,0.829	0.767,0.75,0.906	-0.054
670	"AT2G26670"	"HO1"	chr2	+	11341683	11342239	11341683	11342095	11342894	11343118	670	368,331,459	23,24,29	569,332,684	28,7,21	198	99	0.0014263773315	0.0132194613402	0.889,0.873,0.888	0.91,0.96,0.942	-0.054
671	"AT5G04220"	"SYT3"	chr5	-	1157351	1157452	1157377	1157452	1157188	1157265	671	30,13,17	17,5,9	20,4,29	13,2,11	124	99	0.966369959238	1.0	0.585,0.675,0.601	0.551,0.615,0.678	0.006
672	"AT1G27450"	"APT1"	chr1	+	9532870	9533038	9532870	9532963	9533364	9533514	672	6,5,5	939,682,1161	7,6,1	1121,638,1242	173	99	1	1.0	0.004,0.004,0.002	0.004,0.005,0.0	0.0
673	"AT2G26510"	"NAT3"	chr2	+	11276602	11276694	11276602	11276657	11276788	11276866	673	180,118,224	0,1,2	180,86,195	2,4,4	135	99	0.0926218802502	0.372641518216	1.0,0.989,0.988	0.985,0.94,0.973	0.026
674	"AT3G52260"	"AT3G52260"	chr3	-	19384455	19384525	19384459	19384525	19383915	19384000	674	4,7,18	33,10,28	21,16,29	11,11,12	102	99	4.75736114768e-05	0.000667316333958	0.105,0.405,0.384	0.649,0.585,0.701	-0.347
675	"AT1G45248"	"AT1G45248"	chr1	-	17164615	17164779	17164670	17164779	17164196	17164250	675	5,0,1	29,26,46	2,0,0	23,22,37	153	99	0.295831644575	0.887494933725	0.1,0.0,0.014	0.053,0.0,0.0	0.02
676	"AT5G26749"	"AT5G26749"	chr5	-	9398900	9399022	9398957	9399022	9398689	9398753	676	1,0,0	30,15,23	0,1,0	26,12,14	155	99	1	1.0	0.021,0.0,0.0	0.0,0.051,0.0	-0.01
678	"AT1G16060"	"ADAP"	chr1	+	5508833	5509155	5508833	5508916	5509593	5509682	678	38,28,54	1,0,0	32,21,29	0,0,0	198	99	1	1.0	0.95,1.0,1.0	1.0,1.0,1.0	-0.017
680	"AT4G28680"	"TYRDC"	chr4	+	14157417	14157480	14157417	14157474	14157728	14157793	680	0,0,1	33,25,28	0,3,1	40,22,32	104	99	0.638049315775	1.0	0.0,0.0,0.033	0.0,0.115,0.029	-0.037
681	"AT1G24260"	"SEP3"	chr1	-	8594806	8594891	8594809	8594891	8594629	8594697	681	1,0,3	0,6,1	7,3,4	3,0,4	101	99	0.57890409955	1.0	1.0,0.0,0.746	0.696,1.0,0.495	-0.148
683	"AT1G67300"	"AT1G67300"	chr1	-	25194466	25194547	25194473	25194547	25194291	25194376	683	0,0,1	0,0,0	3,0,1	0,1,0	105	99	1	1.0	NA,NA,1.0	1.0,0.0,1.0	0.333
685	"AT4G27050"	"AT4G27050"	chr4	-	13577742	13578051	13577905	13578051	13577550	13577660	685	40,39,39	0,0,0	41,33,51	0,0,2	198	99	1	1.0	1.0,1.0,1.0	1.0,1.0,0.927	0.024
687	"AT1G09932"	"AT1G09932"	chr1	-	3232882	3233109	3232964	3233109	3232669	3232777	687	0,0,1	25,13,34	0,0,3	17,4,15	180	99	0.871428880263	1.0	0.0,0.0,0.016	0.0,0.0,0.099	-0.028
690	"AT5G05800"	"LIMYB"	chr5	-	1744939	1745245	1745136	1745245	1744445	1744781	690	3,8,15	13,6,21	22,9,31	18,13,29	198	99	0.180388014711	0.615930129178	0.103,0.4,0.263	0.379,0.257,0.348	-0.073
691	"AT1G68910"	"WIT2"	chr1	-	25908564	25908715	25908568	25908715	25908130	25908380	691	59,48,70	21,20,23	89,48,96	20,20,31	102	99	0.470355636555	1.0	0.732,0.7,0.747	0.812,0.7,0.75	-0.028
692	"AT3G06400"	"CHR11"	chr3	+	1944493	1944688	1944493	1944682	1944769	1944804	692	0,1,0	160,71,155	2,0,0	156,86,170	104	99	1	1.0	0.0,0.013,0.0	0.012,0.0,0.0	0.0
693	"AT1G03160"	"FZL"	chr1	+	764698	764931	764698	764866	765024	765255	693	0,0,0	193,173,221	4,0,0	187,87,177	163	99	1	1.0	0.0,0.0,0.0	0.013,0.0,0.0	-0.004
694	"AT1G29040"	"AT1G29040"	chr1	+	10134504	10134581	10134504	10134536	10134685	10134797	694	202,135,187	14,9,17	206,140,315	6,6,18	143	99	0.0417816432362	0.195357412969	0.909,0.912,0.884	0.96,0.942,0.924	-0.04
695	"AT3G17300"	"AT3G17300"	chr3	+	5907759	5907804	5907759	5907796	5908277	5908375	695	160,111,217	6,1,6	152,119,180	10,7,8	106	99	0.0236111739106	0.117874058541	0.961,0.99,0.971	0.934,0.941,0.955	0.031
696	"AT2G27810"	"NAT12"	chr2	+	11854963	11855202	11854963	11855198	11855407	11855694	696	1,0,0	125,98,154	4,2,1	165,95,160	102	99	0.642683423339	1.0	0.008,0.0,0.0	0.023,0.02,0.006	-0.014
698	"AT4G40030"	"HTR8"	chr4	-	18556506	18556878	18556743	18556878	18556345	18556417	698	0,2,1	22,16,19	3,2,4	15,13,13	198	99	0.00550530323768	0.0391404435665	0.0,0.059,0.026	0.091,0.071,0.133	-0.07
699	"AT5G57860"	"AT5G57860"	chr5	+	23438273	23438645	23438273	23438459	23439028	23439311	699	137,53,136	1,0,0	104,71,123	0,0,0	198	99	1	1.0	0.986,1.0,1.0	1.0,1.0,1.0	-0.005
700	"AT5G43990"	"SUVR2"	chr5	+	17699083	17699345	17699083	17699285	17699457	17700575	700	13,9,9	21,15,23	11,21,26	7,4,8	158	99	4.42174955551e-06	8.19602864039e-05	0.279,0.273,0.197	0.496,0.767,0.671	-0.395
704	"AT3G47930"	"GLDH"	chr3	+	17686118	17686539	17686118	17686483	17686878	17687019	704	99,74,128	2,0,0	146,70,121	0,1,1	154	99	1	1.0	0.97,1.0,1.0	1.0,0.978,0.987	0.002
705	"AT1G07780"	"PAI1"	chr1	-	2411823	2412219	2412193	2412219	2411478	2411541	705	119,95,166	0,0,0	79,58,103	2,1,0	198	99	0.944894563953	1.0	1.0,1.0,1.0	0.952,0.967,1.0	0.027
706	"AT1G07780"	"PAI1"	chr1	-	2412547	2412677	2412609	2412677	2412193	2412219	706	0,0,0	19,17,34	0,0,2	17,7,18	160	99	1	1.0	0.0,0.0,0.0	0.0,0.0,0.064	-0.021
710	"AT4G35300"	"MSSP2"	chr4	-	16799424	16799553	16799455	16799553	16798992	16799167	710	5,6,4	4,0,9	20,9,19	10,5,18	129	99	0.79949499895	1.0	0.49,1.0,0.254	0.606,0.58,0.448	0.037
712	"AT5G56500"	"CPN60B3"	chr5	+	22873790	22873908	22873790	22873871	22874044	22874261	712	7,1,5	112,72,171	11,9,29	82,44,85	135	99	8.88482065697e-10	3.07414794731e-08	0.044,0.01,0.021	0.09,0.13,0.2	-0.115
715	"AT1G05380"	"AT1G05380"	chr1	+	1576862	1577148	1576862	1577127	1577221	1579195	715	32,24,53	0,1,2	46,7,55	8,2,4	119	99	0.000489837288617	0.00508451105584	1.0,0.952,0.957	0.827,0.744,0.92	0.139
717	"AT1G11360"	"AT1G11360"	chr1	-	3822017	3823088	3822146	3823088	3821442	3821780	717	0,1,0	1,0,1	0,1,1	2,1,4	198	99	1	1.0	0.0,1.0,0.0	0.0,0.333,0.111	0.185
718	"AT1G11360"	"AT1G11360"	chr1	-	3822017	3823088	3822163	3823088	3821442	3821780	718	0,2,0	6,2,5	0,1,2	2,4,11	198	99	0.203647544239	0.673204302293	0.0,0.333,0.0	0.0,0.111,0.083	0.046
719	"AT1G11360"	"AT1G11360"	chr1	-	3822146	3823088	3822163	3823088	3821442	3821780	719	1,1,1	6,2,5	2,1,5	2,4,11	115	99	0.0522299777986	0.235716160674	0.125,0.301,0.147	0.463,0.177,0.281	-0.116
720	"AT1G11360"	"AT1G11360"	chr1	-	3822017	3823088	3822146	3823088	3821442	3821795	720	6,4,8	21,15,25	5,9,2	23,16,23	198	99	0.834006655919	1.0	0.125,0.118,0.138	0.098,0.22,0.042	0.007
721	"AT1G11360"	"AT1G11360"	chr1	-	3822017	3823088	3822163	3823088	3821442	3821795	721	6,5,8	81,56,84	5,9,3	132,74,127	198	99	0.165786571227	0.593401589426	0.036,0.043,0.045	0.019,0.057,0.012	0.012
722	"AT1G11360"	"AT1G11360"	chr1	-	3822146	3823088	3822163	3823088	3821442	3821795	722	21,16,25	81,56,84	23,16,24	132,74,127	115	99	0.0727282079167	0.297212125266	0.182,0.197,0.204	0.13,0.157,0.14	0.052
724	"AT2G32080"	"PURA1"	chr2	-	13643266	13643410	13643269	13643410	13642957	13643191	724	71,63,103	167,170,236	100,49,139	332,145,327	101	99	0.272439641398	0.836663750802	0.294,0.266,0.3	0.228,0.249,0.294	0.03
725	"AT1G72650"	"TRFL6"	chr1	+	27351193	27351264	27351193	27351246	27351417	27352308	725	10,8,18	13,16,25	18,7,9	39,20,46	116	99	0.0236202352376	0.117874058541	0.396,0.299,0.381	0.283,0.23,0.143	0.14
726	"AT1G53165"	"ATMAP4K	chr1	+	19817095	19817248	19817095	19817224	19817312	19817562	726	0,0,0	46,19,33	0,1,0	41,10,47	122	99	1	1.0	0.0,0.0,0.0	0.0,0.075,0.0	-0.025
727	"AT5G57060"	"AT5G57060"	chr5	+	23090626	23090714	23090626	23090675	23091000	23091108	727	3,3,5	35,38,47	5,8,15	59,24,60	137	99	0.0229518296329	0.116784309603	0.058,0.054,0.071	0.058,0.194,0.153	-0.074
728	"AT5G44250"	"AT5G44250"	chr5	-	17825290	17825356	17825298	17825356	17825135	17825216	728	0,0,0	55,51,110	0,1,0	74,35,66	106	99	1	1.0	0.0,0.0,0.0	0.0,0.026,0.0	-0.009
729	"AT4G38970"	"FBA2"	chr4	-	18164126	18164261	18164130	18164261	18163495	18163992	729	1,0,1	10037,8540,12686	0,0,2	15890,9955,18414	102	99	1	1.0	0.0,0.0,0.0	0.0,0.0,0.0	0.0
730	"AT1G71696"	"SOL1"	chr1	+	26967460	26967729	26967460	26967556	26967840	26967897	730	32,28,51	0,0,1	43,28,57	0,0,0	198	99	1	1.0	1.0,1.0,0.962	1.0,1.0,1.0	-0.013
731	"AT3G21175"	"GATA24"	chr3	+	7423241	7423334	7423241	7423328	7423407	7423541	731	21,33,44	48,29,70	28,17,38	64,31,48	104	99	0.569031809513	1.0	0.294,0.52,0.374	0.294,0.343,0.43	0.04
733	"AT5G62000"	"ARF2"	chr5	+	24914502	24914720	24914502	24914605	24914816	24915210	733	402,375,460	1,0,2	541,310,535	3,1,1	198	99	1	1.0	0.995,1.0,0.991	0.989,0.994,0.996	0.002
734	"AT1G28100"	"AT1G28100"	chr1	+	9802915	9802978	9802915	9802954	9803206	9803375	734	3,2,0	44,61,77	4,3,1	62,32,67	122	99	0.225649102311	0.727403006829	0.052,0.026,0.0	0.05,0.071,0.012	-0.018
736	"AT3G05380"	"ALY2"	chr3	+	1539581	1539763	1539581	1539728	1540549	1540660	736	12,17,22	5,1,13	23,5,20	16,2,6	133	99	0.393698129855	1.0	0.641,0.927,0.557	0.517,0.65,0.713	0.082
737	"AT1G10670"	"ACLA-1"	chr1	+	3535382	3535645	3535382	3535578	3535773	3535885	737	0,0,0	215,203,338	4,3,4	390,161,460	165	99	1	1.0	0.0,0.0,0.0	0.006,0.011,0.005	-0.007
738	"AT3G13560"	"AT3G13560"	chr3	-	4427849	4428179	4427864	4428179	4427217	4427313	738	29,35,46	16,12,20	68,26,81	10,4,23	113	99	0.00642594558887	0.0438824442187	0.614,0.719,0.668	0.856,0.851,0.755	-0.154
739	"AT3G57470"	"AT3G57470"	chr3	-	21275499	21275667	21275591	21275667	21275337	21275405	739	17,9,18	13,21,41	68,30,97	24,8,32	190	99	9.25093182058e-08	2.40061680744e-06	0.405,0.183,0.186	0.596,0.661,0.612	-0.365
740	"AT3G19720"	"ARC5"	chr3	-	6853080	6853222	6853173	6853222	6852807	6852890	740	12,11,11	199,150,214	9,8,15	228,139,276	191	99	0.476549819498	1.0	0.03,0.037,0.026	0.02,0.029,0.027	0.006
741	"AT3G19720"	"ARC5"	chr3	-	6853772	6853880	6853787	6853880	6853609	6853673	741	0,1,1	162,128,191	2,0,0	216,143,247	113	99	1	1.0	0.0,0.007,0.005	0.008,0.0,0.0	0.001
742	"AT5G18830"	"SPL7"	chr5	+	6279110	6279671	6279110	6279593	6279924	6280681	742	81,76,90	2,3,0	76,74,102	2,0,2	176	99	0.626720295989	1.0	0.958,0.934,1.0	0.955,1.0,0.966	-0.01
745	"AT1G54360"	"TAF6B"	chr1	+	20291301	20291378	20291301	20291357	20291457	20291595	745	60,71,66	61,46,66	137,88,155	23,5,18	119	99	0	0.0	0.45,0.562,0.454	0.832,0.936,0.878	-0.393
746	"AT5G10360"	"RPS6B"	chr5	-	3259059	3259332	3259215	3259332	3258473	3258972	746	1474,1110,1983	0,0,0	1576,1141,1865	1,0,1	198	99	1	1.0	1.0,1.0,1.0	0.999,1.0,0.999	0.001
748	"AT5G57410"	"AT5G57410"	chr5	-	23267492	23267522	23267496	23267522	23267298	23267410	748	1,0,2	51,27,59	1,0,1	48,36,53	102	99	1	1.0	0.019,0.0,0.032	0.02,0.0,0.018	0.004
749	"AT2G33620"	"AHL10"	chr2	+	14234219	14234462	14234219	14234374	14234738	14235217	749	6,8,12	7,11,10	27,11,24	27,8,26	186	99	0.676550225624	1.0	0.313,0.279,0.39	0.347,0.423,0.329	-0.039
750	"AT5G54920"	"AT5G54920"	chr5	+	22303033	22303148	22303033	22303133	22303488	22303523	750	3,2,3	23,32,37	10,3,5	47,13,34	113	99	0.039220187245	0.185047974365	0.103,0.052,0.066	0.157,0.168,0.114	-0.073
752	"AT4G39170"	"SFH6"	chr4	+	18242257	18242357	18242257	18242351	18242429	18242645	752	189,138,206	0,0,1	196,103,208	9,1,3	104	99	0.0516283166977	0.235044704966	1.0,1.0,0.995	0.954,0.99,0.985	0.022
753	"AT3G61490"	"AT3G61490"	chr3	+	22758062	22758154	22758062	22758113	22758428	22758901	753	0,2,0	15,13,20	1,2,0	15,7,19	139	99	0.878456436833	1.0	0.0,0.099,0.0	0.045,0.169,0.0	-0.038
760	"AT1G01080"	"AT1G01080"	chr1	-	46372	47019	46375	47019	46043	46145	760	4,2,0	311,217,392	0,0,2	468,277,505	101	99	1	1.0	0.012,0.009,0.0	0.0,0.0,0.004	0.006
761	"AT2G21620"	"RD2"	chr2	+	9248572	9248998	9248572	9248980	9249088	9249168	761	1,1,4	276,212,420	5,6,4	463,251,400	116	99	0.89204710354	1.0	0.003,0.004,0.008	0.009,0.02,0.008	-0.007
762	"AT1G56220"	"AT1G56220"	chr1	+	21043703	21043893	21043703	21043889	21044347	21044738	762	0,0,0	86,63,146	0,0,1	195,78,148	102	99	1	1.0	0.0,0.0,0.0	0.0,0.0,0.007	-0.002
763	"AT1G56220"	"AT1G56220"	chr1	+	21043703	21043893	21043703	21043889	21044356	21044738	763	0,0,0	495,360,829	0,0,1	792,406,797	102	99	1	1.0	0.0,0.0,0.0	0.0,0.0,0.001	-0.0
765	"AT1G31600"	"AT1G31600"	chr1	-	11314623	11315640	11315568	11315640	11314341	11314443	765	77,74,130	0,0,0	115,71,117	0,1,0	198	99	1	1.0	1.0,1.0,1.0	1.0,0.973,1.0	0.009
766	"AT4G24440"	"TFIIA-S"	chr4	+	12633179	12633328	12633179	12633289	12633440	12633588	766	182,160,273	31,11,27	209,112,155	12,14,28	137	99	0.978133089944	1.0	0.809,0.913,0.88	0.926,0.853,0.8	0.008
767	"AT1G12520"	"CCS"	chr1	-	4268374	4268555	4268528	4268555	4268142	4268277	767	95,58,133	0,0,0	158,73,131	2,0,0	198	99	1	1.0	1.0,1.0,1.0	0.975,1.0,1.0	0.008
769	"AT1G53710"	"AT1G53710"	chr1	-	20055276	20055415	20055279	20055415	20055097	20055194	769	0,0,0	22,12,29	2,1,1	45,27,53	101	99	0.400225917908	1.0	0.0,0.0,0.0	0.042,0.035,0.018	-0.032
770	"AT5G53550"	"YSL3"	chr5	+	21755290	21755558	21755290	21755474	21755823	21755903	770	117,97,139	2,5,3	76,31,71	7,1,11	182	99	0.00125967718047	0.0121068973456	0.97,0.913,0.962	0.855,0.944,0.778	0.089
772	"AT4G34370"	"ARI1"	chr4	+	16435112	16435395	16435112	16435347	16435467	16435948	772	41,25,40	0,0,0	42,18,46	4,3,0	146	99	0.00669286100547	0.0451116215823	1.0,1.0,1.0	0.877,0.803,1.0	0.107
774	"AT3G54670"	"TTN8"	chr3	+	20240220	20240316	20240220	20240310	20240394	20240603	774	0,0,1	61,61,87	2,0,1	118,51,106	104	99	1	1.0	0.0,0.0,0.011	0.016,0.0,0.009	-0.005
775	"AT3G63460"	"SEC31B"	chr3	-	23434943	23434986	23434949	23434986	23434703	23434825	775	138,146,205	12,11,17	234,83,208	26,6,27	104	99	0.159545014872	0.579047991039	0.916,0.927,0.92	0.895,0.929,0.88	0.02
776	"AT4G05040"	"AT4G05040"	chr4	+	2578645	2578937	2578645	2578712	2579234	2579330	776	7,5,6	19,25,21	7,3,8	15,6,18	198	99	0.229674471753	0.731294790428	0.156,0.091,0.125	0.189,0.2,0.182	-0.066
777	"AT4G03090"	"AT4G03090"	chr4	-	1367750	1367892	1367825	1367892	1367185	1367656	777	1,1,0	28,12,19	0,0,1	15,18,34	173	99	1	1.0	0.02,0.046,0.0	0.0,0.0,0.017	0.016
780	"AT1G10060"	"BCAT1"	chr1	+	3286303	3286399	3286303	3286358	3286533	3286646	780	46,44,50	2,5,3	49,32,76	2,1,6	139	99	0.618776595606	1.0	0.942,0.862,0.922	0.946,0.958,0.9	-0.026
781	"AT5G37340"	"AT5G37340"	chr5	-	14789310	14789409	14789342	14789409	14789165	14789219	781	4,6,7	0,0,0	7,2,3	0,0,1	130	99	1	1.0	1.0,1.0,1.0	1.0,1.0,0.696	0.101
782	"AT5G37340"	"AT5G37340"	chr5	-	14792655	14792772	14792712	14792772	14792250	14792400	782	3,3,2	5,4,15	0,1,3	4,2,7	155	99	0.33913465306	0.946295080313	0.277,0.324,0.078	0.0,0.242,0.215	0.074
783	"AT2G01420"	"PIN4"	chr2	-	182004	183328	182016	183328	181579	181847	783	126,121,237	155,130,245	271,113,277	274,113,276	110	99	0.423120593159	1.0	0.423,0.456,0.465	0.471,0.474,0.475	-0.025
785	"AT1G23230"	"MED23"	chr1	+	8246060	8246303	8246060	8246298	8246562	8246780	785	0,1,4	48,46,70	1,2,1	40,20,42	103	99	0.735292394691	1.0	0.0,0.02,0.052	0.023,0.088,0.022	-0.02
786	"AT3G45850"	"AT3G45850"	chr3	-	16861261	16861527	16861408	16861527	16860783	16860980	786	1,1,4	37,29,65	10,3,10	62,32,65	198	99	0.00183718067536	0.0153789801695	0.013,0.017,0.03	0.075,0.045,0.071	-0.044
787	"AT2G34860"	"EDA3"	chr2	+	14709673	14709812	14709673	14709808	14709930	14710197	787	4,0,1	893,675,888	53,20,56	1045,779,1285	102	99	0	0.0	0.004,0.0,0.001	0.047,0.024,0.041	-0.036
788	"AT5G20300"	"TOC90"	chr5	-	6856212	6856340	6856217	6856340	6853415	6855810	788	12,10,23	35,32,47	3,0,4	92,27,80	103	99	1.7268408925e-12	8.14754930189e-11	0.248,0.231,0.32	0.03,0.0,0.046	0.241
789	"AT1G76510"	"ARID5"	chr1	-	28711064	28711179	28711133	28711179	28710760	28710853	789	3,2,2	42,46,70	1,0,0	53,33,65	167	99	0.616673236388	1.0	0.041,0.025,0.017	0.011,0.0,0.0	0.024
795	"AT4G23130"	"CRK5"	chr4	-	12119101	12119242	12119113	12119242	12118909	12119031	795	11,5,2	0,3,1	7,5,13	8,6,6	110	99	0.0121226480767	0.0706927455259	1.0,0.6,0.643	0.441,0.429,0.661	0.237
796	"AT1G54310"	"AT1G54310"	chr1	+	20274312	20274561	20274312	20274535	20274641	20274828	796	10,7,15	76,74,110	11,8,16	53,19,42	124	99	0.00175787665133	0.0153789801695	0.095,0.07,0.098	0.142,0.252,0.233	-0.121
797	"AT2G22990"	"SCPL8"	chr2	+	9789700	9789750	9789700	9789746	9789844	9790179	797	16,15,21	911,721,1203	23,18,22	1504,777,1477	102	99	0.752577407618	1.0	0.017,0.02,0.017	0.015,0.022,0.014	0.001
798	"AT2G22990"	"SCPL8"	chr2	+	9789700	9789752	9789700	9789750	9789848	9790179	798	1,0,0	1,2,2	0,0,1	4,1,2	100	99	1	1.0	0.497,0.0,0.0	0.0,0.0,0.331	0.055
802	"AT4G33000"	"CBL10"	chr4	+	15925959	15926253	15925959	15926040	15926343	15926628	802	93,59,107	1,5,5	164,102,202	0,2,0	198	99	0.000301016028573	0.00339624606151	0.979,0.855,0.915	1.0,0.962,1.0	-0.071
803	"AT1G53530"	"AT1G53530"	chr1	+	19978145	19978393	19978145	19978383	19978472	19978697	803	2,2,3	45,32,77	1,3,5	84,29,94	108	99	0.935929017506	1.0	0.039,0.054,0.034	0.011,0.087,0.046	-0.006
805	"AT2G18860"	"AT2G18860"	chr2	+	8164240	8164440	8164240	8164420	8164560	8164651	805	64,60,61	0,0,0	103,45,108	8,4,2	118	99	0.00019316745848	0.00227849797616	1.0,1.0,1.0	0.915,0.904,0.978	0.068
807	"AT5G20040"	"IPT9"	chr5	-	6769110	6769223	6769128	6769223	6768635	6768730	807	2,6,6	48,46,72	7,3,7	81,51,72	116	99	0.950362022436	1.0	0.034,0.1,0.066	0.069,0.048,0.077	0.002
808	"AT1G22280"	"PAPP2C"	chr1	+	7874402	7874660	7874402	7874642	7874730	7875007	808	0,0,1	83,63,127	0,0,0	147,70,109	116	99	1	1.0	0.0,0.0,0.007	0.0,0.0,0.0	0.002
809	"AT1G22140"	"AT1G22140"	chr1	-	7815129	7815292	7815228	7815292	7814762	7814937	809	224,139,268	0,0,1	280,184,336	0,1,0	197	99	1	1.0	1.0,1.0,0.993	1.0,0.989,1.0	0.001
810	"AT1G53200"	"AT1G53200"	chr1	-	19842633	19842741	19842650	19842741	19842434	19842517	810	13,9,19	7,0,9	16,7,18	7,3,9	115	99	0.445699941201	1.0	0.615,1.0,0.645	0.663,0.668,0.633	0.099
811	"AT1G79810"	"PEX2"	chr1	+	30019743	30020037	30019743	30020033	30020105	30020219	811	3,4,4	53,54,81	1,3,4	80,41,100	102	99	0.277901335437	0.848416429952	0.052,0.067,0.046	0.012,0.066,0.037	0.017
812	"AT3G05230"	"AT3G05230"	chr3	+	1493158	1493250	1493158	1493245	1493332	1493389	812	0,0,1	0,3,4	2,0,1	4,0,0	103	99	1	1.0	NA,0.0,0.194	0.325,NA,1.0	-0.566
814	"AT1G28960"	"NUDT15"	chr1	-	10109861	10110359	10109925	10110359	10109655	10109785	814	7,8,12	1,0,0	20,14,25	0,1,0	162	99	1	1.0	0.811,1.0,1.0	1.0,0.895,1.0	-0.028
815	"AT5G62760"	"AT5G62760"	chr5	-	25205390	25205478	25205402	25205478	25205089	25205292	815	76,57,83	0,0,0	66,22,72	0,1,2	110	99	1	1.0	1.0,1.0,1.0	1.0,0.952,0.97	0.026
816	"AT1G54270"	"TIF4A-2"	chr1	+	20260648	20260752	20260648	20260737	20260861	20261292	816	371,282,542	0,0,1	475,196,529	0,0,0	113	99	1	1.0	1.0,1.0,0.998	1.0,1.0,1.0	-0.001
818	"AT1G31170"	"SRX"	chr1	+	11133682	11133846	11133682	11133840	11133926	11133960	818	315,240,372	15,0,9	407,254,450	16,6,15	104	99	0.301229423684	0.891028765047	0.952,1.0,0.975	0.96,0.976,0.966	0.008
819	"AT4G01450"	"AT4G01450"	chr4	+	609567	609955	609567	609857	610044	610196	819	87,51,112	24,23,50	125,74,119	9,11,17	196	99	5.49172556652e-07	1.23921981262e-05	0.647,0.528,0.531	0.875,0.773,0.78	-0.241
820	"AT4G19160"	"AT4G19160"	chr4	+	10478243	10478347	10478243	10478321	10478540	10478904	820	33,23,43	113,84,176	34,9,30	197,107,181	124	99	0.00180994231457	0.0153789801695	0.189,0.179,0.163	0.121,0.063,0.117	0.077
821	"AT3G27470"	"AT3G27470"	chr3	+	10163048	10163270	10163048	10163170	10163691	10163811	821	7,4,3	74,63,111	14,9,21	64,25,53	198	99	1.67676947882e-08	5.11907858534e-07	0.045,0.031,0.013	0.099,0.153,0.165	-0.109
822	"AT3G27470"	"AT3G27470"	chr3	+	10163048	10163270	10163048	10163170	10163939	10164051	822	0,0,0	2,2,0	2,0,1	0,0,1	198	99	1	1.0	0.0,0.0,NA	1.0,NA,0.333	-0.666
