ID	IJC_SAMPLE_1	SJC_SAMPLE_1	IJC_SAMPLE_2	SJC_SAMPLE_2	IncFormLen	SkipFormLen
0	101,64,123	0,2,2	57,46,87	11,2,8	198	99
2	0,0,1	419,299,420	0,0,1	979,650,1173	102	99
4	1283,1183,1698	1,2,3	2466,1366,2693	1,4,1	101	99
6	1,0,2	5,2,1	2,1,0	0,1,2	102	99
10	4,0,3	11,11,16	2,3,0	19,4,23	102	99
11	2,1,3	314,190,355	2,2,6	377,171,356	101	99
12	19,11,20	0,0,0	18,13,25	0,0,2	102	99
13	167,149,194	0,0,0	170,85,249	0,0,1	122	99
15	2,5,6	4,4,5	4,0,2	3,2,2	198	99
16	0,0,0	120,95,126	1,0,2	191,96,218	102	99
18	23,16,30	4,2,8	42,19,55	3,0,4	190	99
20	28,16,38	1,1,1	22,17,40	1,0,0	103	99
26	4,9,17	6,2,0	14,5,11	2,1,3	198	99
27	164,151,238	15,14,20	214,82,215	8,2,15	100	99
28	706,469,1226	43,41,73	849,814,982	77,52,59	101	99
29	0,0,0	438,325,511	2,3,4	513,319,549	102	99
34	139,114,174	19,20,16	130,49,112	20,6,9	198	99
35	153,111,181	4,4,10	131,71,150	0,3,6	104	99
36	40,27,43	37,20,39	27,16,52	30,18,28	104	99
37	4,3,5	173,145,210	0,2,3	227,177,251	118	99
40	0,0,1	100,90,140	2,0,0	228,129,193	125	99
41	46,49,54	9,7,12	64,51,60	23,14,22	113	99
45	11,9,16	0,2,0	12,4,17	5,3,8	110	99
47	36,55,77	0,0,0	66,46,76	1,0,1	185	99
49	27,36,61	36,32,58	71,16,63	40,25,53	101	99
51	1,4,13	17,10,36	4,2,2	44,16,41	156	99
53	0,0,1	257,240,280	0,0,2	346,245,389	115	99
59	107,69,123	1,3,1	98,117,144	7,13,5	141	99
60	0,0,0	112,117,188	0,0,1	162,88,200	113	99
62	41,24,48	12,12,23	44,13,45	13,4,15	103	99
66	44,41,61	0,0,0	74,42,68	1,0,0	104	99
71	72,58,89	24,33,41	125,59,122	37,24,60	101	99
72	4,5,6	68,40,47	1,2,3	55,34,66	109	99
73	2524,1855,3207	0,4,2	2536,1871,2898	10,6,6	104	99
74	0,0,0	143,127,181	0,0,1	146,116,181	100	99
76	0,3,5	11,22,26	0,0,0	13,6,11	132	99
77	132,85,170	1,0,2	147,69,134	0,0,0	198	99
79	916,833,1136	94,73,105	1252,702,1481	247,145,273	122	99
80	0,0,2	36,18,19	0,2,3	24,27,28	103	99
82	25,29,29	44,32,49	21,9,30	60,30,50	110	99
83	0,0,0	83,44,86	0,0,1	138,68,106	198	99
84	31,25,33	4,6,7	31,25,37	8,2,3	102	99
85	4,6,12	57,64,76	7,6,3	59,50,74	102	99
86	22,5,25	42,25,51	20,10,22	59,24,63	109	99
89	10,6,11	0,0,0	13,8,18	1,0,0	139	99
90	291,212,291	0,0,1	306,203,300	2,1,0	107	99
96	130,93,114	0,0,0	211,109,218	2,1,0	105	99
97	124,123,140	6,2,3	432,177,426	2,5,5	198	99
99	0,0,0	17,29,49	2,2,4	31,16,45	125	99
101	9,6,10	80,75,111	8,8,14	151,75,158	122	99
104	228,197,258	0,0,0	269,210,355	1,2,2	138	99
106	0,1,0	1055,816,1325	0,0,0	1517,795,1491	102	99
109	2,3,0	24,23,34	1,0,0	68,30,82	117	99
110	23,47,152	0,1,0	100,10,143	0,0,0	101	99
111	22,25,46	24,22,32	42,20,39	40,24,37	167	99
112	0,3,2	20,12,23	14,3,12	193,86,190	117	99
113	6,7,14	80,69,113	73,31,75	74,39,70	174	99
114	26,16,35	80,69,113	252,114,253	74,39,70	155	99
115	0,1,0	806,591,962	0,0,0	796,497,815	100	99
116	0,1,2	22,13,31	1,1,1	28,23,24	116	99
121	165,113,211	32,21,38	224,113,239	10,12,15	122	99
124	23,11,27	49,37,59	22,9,16	60,34,69	104	99
125	18,9,17	2,4,0	27,12,21	6,2,0	153	99
126	0,0,0	25,34,45	7,2,7	45,37,53	111	99
127	0,0,0	1,1,1	5,0,2	4,2,2	111	99
128	4,0,1	160,156,238	1,1,1	281,155,337	101	99
129	18,21,20	65,62,159	29,2,28	109,24,83	116	99
130	78,79,190	4,2,5	116,72,103	1,1,1	131	99
132	2,1,1	106,101,150	3,1,3	168,96,148	101	99
133	1,1,1	1698,1310,2637	5,1,4	2810,958,2228	186	99
134	2,0,3	1698,1310,2637	1,4,1	2810,958,2228	198	99
135	2,0,3	1,1,1	2,4,0	5,1,3	117	99
136	35,24,33	26,42,64	20,22,37	51,28,45	110	99
137	97,69,141	4,11,12	80,55,91	29,24,17	104	99
138	9,6,12	96,64,116	2,1,7	114,61,111	101	99
139	82,83,170	62,55,85	238,112,255	44,15,34	143	99
140	30,25,26	9,2,4	48,13,38	8,4,9	108	99
141	2,2,0	43,29,66	1,1,3	40,32,63	102	99
142	2,1,13	71,88,139	13,2,11	171,47,132	160	99
145	186,127,219	10,14,23	288,167,329	7,12,15	121	99
146	1,1,1	3,2,3	2,1,2	1,0,3	121	99
149	12,3,8	0,0,1	3,3,6	0,0,0	102	99
150	9,2,6	2,4,5	9,7,6	1,1,5	198	99
151	2,0,0	111,109,160	0,1,0	188,87,160	102	99
152	6,7,15	0,0,2	19,3,27	1,0,2	104	99
154	279,236,346	23,7,16	359,211,402	18,19,23	164	99
155	252,175,266	0,1,0	278,185,306	2,0,1	101	99
156	2,1,2	208,134,190	3,1,2	299,225,327	102	99
158	0,2,0	3570,3198,5410	0,0,0	4638,2364,5604	101	99
160	3802,3191,5398	3,3,1	4560,2525,5475	1,0,0	155	99
161	4,2,5	0,0,0	3,1,1	1,0,0	103	99
162	0,0,0	155,135,189	0,0,3	163,94,152	103	99
163	4,2,3	3,1,1	1,1,3	0,1,1	113	99
164	72,45,91	20,12,20	85,46,80	16,6,12	113	99
165	34,33,37	0,0,0	60,32,32	0,0,1	100	99
168	318,258,336	0,1,0	364,209,442	0,0,0	198	99
171	0,0,2	555,454,632	0,0,0	274,125,257	155	99
172	981,643,1055	11,10,16	1098,708,1367	0,2,0	198	99
173	1,0,0	755,602,930	1,0,1	878,574,1095	102	99
174	5,8,8	10,13,33	15,5,9	11,14,11	110	99
176	9,5,3	136,88,153	7,6,5	123,103,149	114	99
178	266,261,304	1,0,0	288,179,360	0,0,1	102	99
179	3,5,5	26,40,61	3,6,6	58,16,34	117	99
181	11,0,8	70,47,94	8,2,10	85,59,84	125	99
182	46,30,71	1,0,1	60,48,80	0,0,0	123	99
183	1,0,1	4,1,4	2,0,0	5,2,8	110	99
185	44,34,66	0,0,0	60,41,87	1,0,1	101	99
186	14,2,13	296,208,280	7,4,5	295,209,346	118	99
187	2,0,2	98,63,85	2,2,9	88,69,105	110	99
189	19,15,31	0,1,0	19,3,14	0,0,0	107	99
192	0,1,0	429,302,441	0,0,2	534,311,503	100	99
193	23,29,45	17,18,18	45,24,33	6,0,2	113	99
194	6,3,6	1,0,1	5,8,7	0,0,0	125	99
195	2,2,0	9,11,11	0,0,0	24,17,19	198	99
198	2,0,5	1028,861,1525	7,9,9	1615,885,1661	198	99
199	1,0,2	8,6,15	0,0,0	13,6,8	105	99
200	7,8,7	123,87,158	18,10,9	118,110,120	115	99
204	1,1,2	94,56,81	2,2,0	81,48,90	102	99
205	82,49,81	2,2,6	90,52,121	1,2,3	102	99
206	12,13,29	4,3,6	23,11,24	13,10,4	198	99
208	401,369,492	1,0,1	715,483,965	4,2,2	102	99
210	2,2,1	159,122,203	1,0,1	173,108,171	198	99
214	201,132,215	0,0,1	127,93,173	0,0,0	107	99
216	27,24,39	91,62,98	36,25,38	80,60,88	106	99
218	94,62,146	0,0,1	166,134,136	0,0,1	107	99
219	1,0,0	468,316,564	0,0,0	555,379,572	102	99
220	13,8,17	2,6,12	35,1,27	7,4,8	101	99
221	146,114,213	0,0,0	188,78,155	0,0,1	116	99
223	73,60,78	0,0,0	95,65,108	0,0,2	119	99
225	50,46,46	1,0,1	100,59,101	0,0,1	113	99
226	0,1,0	521,388,701	0,1,0	700,407,774	125	99
229	333,279,492	1,0,0	376,164,462	0,0,0	141	99
231	6,1,2	31,120,52	15,11,9	130,39,37	141	99
234	252,219,501	1,1,1	496,119,404	2,0,3	143	99
235	12,7,6	241,205,270	7,6,14	307,224,385	102	99
236	2,6,2	1,0,1	5,2,0	4,0,2	102	99
237	22,13,23	194,139,251	89,37,85	243,128,265	110	99
238	4,5,7	0,0,0	47,30,55	11,2,8	198	99
239	4,1,3	30,18,31	1,0,9	23,14,32	110	99
240	3,1,6	5,11,7	11,3,10	11,7,10	103	99
241	7,3,6	162,118,202	6,4,11	203,100,165	198	99
242	28,23,33	49,36,46	33,26,48	43,38,56	110	99
243	24,13,23	0,0,0	23,15,11	0,0,7	119	99
244	14,2,5	0,0,2	18,3,6	0,0,0	140	99
245	9,0,4	0,0,2	7,1,148	0,0,0	182	99
246	2,2,2	6,2,1	2,1,146	13,2,2	140	99
247	23,8,20	0,0,0	13,3,15	2,0,0	182	99
248	21,2,2	0,4,1	2,1,4	0,4,0	140	99
249	2,1,1	145,77,106	2,0,6	32,0,1	119	99
250	6,0,6	0,0,0	7,4,1	0,0,2	136	99
252	0,0,1	41604,34723,50374	1,0,0	65381,39422,80603	113	99
254	0,2,0	34,24,33	0,0,1	19,17,38	126	99
257	0,2,0	48,47,68	1,0,0	80,23,73	122	99
258	43,38,44	78,56,83	35,16,25	128,52,118	101	99
259	12,7,12	0,0,0	14,5,11	1,1,0	101	99
261	263,230,348	0,1,3	354,182,374	2,1,2	101	99
262	3,0,1	77,62,113	2,1,0	100,55,119	129	99
264	1,4,6	28,15,35	12,7,17	28,17,35	106	99
265	1,0,2	78,58,85	5,1,4	83,56,106	198	99
266	0,0,0	40,35,54	5,1,2	72,32,59	106	99
267	3,0,4	12,9,28	8,2,9	18,4,12	119	99
269	2,0,0	41,55,69	2,1,0	88,38,105	143	99
270	22,21,48	0,0,0	36,20,34	0,1,0	101	99
273	85,62,92	3,0,0	105,63,115	3,2,3	102	99
277	78,57,146	0,1,0	143,45,164	0,0,0	170	99
278	4,5,3	61,39,65	5,1,5	49,32,65	102	99
279	238,171,277	0,2,0	263,158,255	0,0,1	198	99
280	1,5,1	79,78,124	5,5,6	113,62,125	102	99
282	1,0,2	67,49,103	0,0,0	93,29,66	101	99
283	12,9,16	158,138,241	6,2,8	221,95,188	104	99
285	35,36,42	0,3,5	45,11,33	2,1,0	112	99
286	2,2,1	9,0,5	1,1,1	2,3,3	104	99
287	269,246,368	2,0,4	384,184,424	3,0,1	110	99
288	0,0,0	18,12,30	1,0,0	40,12,17	107	99
289	1,0,0	64,59,89	0,0,0	80,26,70	117	99
293	15,13,11	6,5,9	20,8,17	6,5,5	102	99
294	28,22,34	34,40,45	21,10,26	43,28,36	123	99
295	0,1,0	0,0,1	0,0,0	0,0,2	158	99
296	2,1,0	0,0,0	0,0,1	0,0,1	158	99
297	7,3,7	277,215,323	5,2,4	291,200,334	125	99
300	0,1,0	82,75,51	2,1,8	100,99,141	135	99
301	0,0,1	1227,982,1536	0,0,0	1286,970,1521	102	99
303	75,48,104	3,0,8	117,32,107	5,4,8	198	99
304	117,101,185	0,0,0	170,64,163	1,0,0	198	99
306	0,0,4	105,104,129	0,0,0	125,101,145	102	99
308	72,53,105	475,357,716	146,105,193	572,366,656	101	99
309	17,8,11	426,385,627	7,9,8	663,348,687	121	99
313	0,0,0	8,5,16	1,1,0	11,6,14	194	99
315	2,0,3	9,8,9	2,0,5	11,5,15	102	99
316	22,21,31	4,4,4	30,6,37	11,5,8	102	99
318	28,20,33	1,0,0	29,20,39	0,0,0	140	99
321	1,6,8	64,68,107	13,7,10	74,36,67	115	99
322	294,250,443	3,1,0	392,247,377	2,2,1	102	99
323	5,1,11	6,1,5	20,6,22	3,1,10	198	99
325	0,0,0	555,462,651	0,1,0	658,374,786	105	99
327	89,52,96	46,30,57	124,51,88	45,28,48	198	99
328	1,1,1	228,157,279	0,0,0	323,126,254	101	99
329	28,15,26	0,0,0	20,8,19	0,2,0	198	99
330	23,5,25	394,333,566	50,21,47	648,278,608	134	99
331	20,17,36	0,0,0	31,22,46	4,0,0	113	99
332	5,5,6	8,3,5	13,6,4	4,1,8	111	99
334	2,1,3	15,12,18	7,3,5	23,12,17	169	99
335	0,0,1	99,91,155	0,2,2	183,87,196	122	99
337	1,0,1	934,925,1517	1,0,0	1460,745,1462	102	99
338	0,0,3	75,52,73	2,1,1	82,56,84	102	99
339	2,1,6	36,32,56	2,0,0	43,18,57	119	99
341	16,10,25	102,100,106	15,11,25	126,63,136	198	99
344	0,0,1	6,2,5	0,0,0	9,0,1	198	99
345	4,1,9	1,5,5	5,0,2	8,2,5	140	99
346	5,10,5	42,23,42	12,8,12	55,23,62	179	99
347	34,16,34	5,3,9	86,50,77	3,0,3	121	99
348	0,0,0	42,25,63	0,1,1	56,34,61	101	99
349	51,34,49	74,47,84	48,29,39	66,38,88	116	99
351	345,314,502	0,0,2	598,269,530	1,1,5	104	99
353	17,21,25	8,6,5	21,10,28	4,6,9	103	99
354	4,2,1	11,17,11	3,2,1	29,10,21	103	99
355	152,114,170	7,3,8	228,97,242	2,2,3	138	99
358	12,4,12	6,6,16	9,4,8	13,1,13	198	99
360	5,3,12	0,0,3	1,2,5	7,4,4	198	99
361	9,2,5	0,0,3	1,1,0	7,4,4	198	99
362	5,2,1	0,1,7	4,0,1	0,1,5	198	99
364	20,24,41	5,6,12	28,18,33	18,6,14	106	99
365	2,2,1	5,5,7	8,1,9	11,0,5	106	99
367	933,716,1364	0,0,1	1892,893,1775	0,1,1	134	99
368	0,0,0	223,180,316	1,4,3	288,165,359	101	99
369	1,0,3	11,14,15	3,1,4	5,7,8	110	99
371	0,0,1	77,56,114	0,0,0	91,48,97	110	99
374	689,526,936	7,2,5	757,435,849	8,5,10	120	99
375	25,21,41	9,7,12	7,3,5	53,30,39	127	99
376	3,4,1	97,76,118	1,2,4	122,45,123	102	99
377	4,4,4	179,134,254	0,1,1	234,145,265	158	99
379	3,2,1	0,0,0	2,0,0	0,0,1	104	99
380	0,0,0	71,59,65	0,1,0	46,31,48	102	99
381	1,0,4	24,12,47	1,0,0	34,9,34	102	99
387	11481,9009,12763	23431,19177,26688	19625,13892,24848	23485,16473,28486	109	99
388	3,1,6	1,0,2	6,2,2	13,5,17	100	99
389	43,31,54	0,3,0	30,2,32	1,2,4	104	99
390	1,1,1	0,0,0	2,2,3	0,0,1	104	99
391	1,0,1	72,43,77	0,0,0	54,38,95	164	99
392	0,0,0	613,459,735	1,0,1	714,599,893	103	99
393	234,129,268	3,1,4	252,167,319	0,0,0	122	99
394	843,649,849	0,1,0	501,293,565	0,0,0	198	99
395	1496,1063,1583	19,17,18	984,598,1134	16,5,12	103	99
396	31,25,49	11,9,24	48,19,43	16,5,12	113	99
398	0,0,2	164,158,224	6,2,3	263,108,245	129	99
399	78,72,91	0,0,1	117,84,132	0,0,0	198	99
400	11,9,7	1,0,3	21,7,12	6,5,9	156	99
401	58,76,145	1,0,0	149,54,104	0,0,0	100	99
405	1,0,1	69,62,133	8,2,3	157,57,181	102	99
406	5,3,7	11,9,18	2,1,5	35,9,28	198	99
407	212,152,286	3,4,5	256,182,286	3,2,0	125	99
408	36,53,76	66,60,74	56,33,56	113,58,136	102	99
409	3,2,2	505,326,535	1,1,1	558,355,687	102	99
411	69,65,110	7,5,10	62,25,65	90,52,98	125	99
413	42,40,74	0,1,0	58,32,55	1,0,0	198	99
414	10,18,11	21,16,29	34,15,35	18,7,25	117	99
415	3,3,2	21,16,29	11,2,9	18,7,25	126	99
416	0,0,0	7,15,9	4,2,3	27,15,29	107	99
418	134,96,202	2,0,0	163,97,209	1,0,0	110	99
420	3,4,4	13,8,16	5,2,9	10,2,17	102	99
421	0,0,1	436,338,552	0,0,0	492,254,559	101	99
425	0,0,1	50,33,67	0,0,0	49,32,53	170	99
426	206,162,328	3,1,1	306,158,355	2,0,1	197	99
427	71,42,51	2,1,2	33,29,45	0,0,1	116	99
428	212,182,283	1,1,0	215,152,247	4,2,1	101	99
430	70,49,104	4,9,14	109,59,93	2,0,1	149	99
431	4,2,1	0,0,0	0,2,3	0,0,4	105	99
434	58,37,60	124,97,128	63,43,79	79,71,124	121	99
440	11,14,16	3737,3250,4519	12,7,31	4299,2797,5693	101	99
442	0,0,1	1212,1311,1881	1,0,0	2177,1125,2402	138	99
443	94,73,101	2349,1993,2964	95,58,106	3279,1776,3608	116	99
445	0,0,2	57,60,84	0,0,1	69,46,81	116	99
447	0,3,0	427,368,673	0,2,0	508,286,442	119	99
451	46,53,72	0,1,0	76,44,85	0,0,1	101	99
452	116,86,194	0,0,0	171,105,220	0,0,1	184	99
454	2,0,1	45,27,57	0,0,3	47,32,62	101	99
456	19,12,15	0,2,1	12,8,22	5,0,8	126	99
457	1,2,2	82,63,90	1,0,0	93,54,115	143	99
458	2,1,1	130,85,176	4,2,3	145,82,191	102	99
459	2,2,2	13,18,17	1,0,0	31,6,31	112	99
460	187,160,282	1,0,0	301,135,308	0,0,0	158	99
462	0,3,3	1,0,0	0,1,0	7,3,3	198	99
464	290,260,405	4,5,9	408,219,482	0,0,0	198	99
466	0,2,0	15,17,32	0,0,0	36,11,33	110	99
467	1206,861,1515	0,0,0	1307,794,1470	3,0,0	101	99
468	2,5,8	0,0,1	5,0,3	0,0,0	105	99
469	6,8,9	32,22,39	14,4,11	32,18,34	198	99
471	13,8,14	47,38,50	9,4,5	63,44,93	103	99
473	69,47,61	6,5,7	101,88,162	15,9,21	180	99
474	72,50,63	7,0,3	103,90,163	0,4,3	195	99
475	9,8,9	7,0,3	17,11,22	0,4,3	113	99
477	0,0,1	457,299,488	6,5,7	560,344,666	103	99
478	1,1,0	55,42,46	0,0,2	72,40,72	103	99
484	6,3,5	120,80,151	9,0,13	65,25,79	107	99
485	1,0,1	44,35,37	0,1,1	45,26,39	103	99
486	26,13,24	0,0,0	60,27,52	0,0,3	142	99
487	0,0,0	204,229,435	1,1,0	701,238,564	164	99
490	16,19,41	0,0,0	35,19,53	1,0,3	158	99
491	24,22,20	0,1,0	32,20,31	0,0,1	198	99
492	6,8,15	1,1,2	24,11,16	3,0,0	198	99
494	1200,931,1549	8,7,10	1677,965,1795	3,6,6	101	99
495	0,0,0	67,55,85	1,0,0	123,44,114	101	99
496	0,0,2	101,79,137	1,1,0	185,106,112	102	99
498	9,5,12	491,551,769	28,5,20	1108,407,1046	155	99
499	576,667,855	1,3,3	1129,527,1160	0,1,0	113	99
500	845,673,977	0,0,0	1236,738,1464	0,0,1	116	99
501	1,0,1	26,24,27	0,0,2	17,3,23	134	99
504	0,0,0	84,46,118	0,1,0	125,70,142	104	99
505	48,37,86	67,68,89	67,46,94	115,67,117	101	99
506	28,29,70	0,2,4	56,20,59	1,0,0	114	99
508	54,57,85	0,0,0	85,37,80	0,0,2	179	99
510	2,3,2	0,1,0	0,0,6	3,0,4	102	99
511	0,0,0	0,2,0	1,1,1	0,0,1	103	99
512	1,2,1	2,0,0	1,2,0	0,0,0	169	99
513	2,2,4	9,3,11	2,1,10	6,1,5	102	99
514	0,0,0	0,0,2	0,1,0	0,0,0	102	99
516	0,0,0	177,119,165	2,0,0	180,145,254	102	99
519	1,1,3	0,1,0	8,6,8	0,0,3	108	99
520	14,18,31	0,1,0	48,27,38	0,0,0	125	99
521	28,27,32	15,20,35	54,30,57	38,26,35	125	99
522	5,4,9	5037,4529,7190	15,5,20	6859,3171,6978	103	99
523	1,3,3	8437,7001,10458	1,0,2	8831,5915,10571	102	99
524	0,2,3	3,3,3	1,0,2	2,6,2	102	99
526	27,18,49	2,0,1	37,15,32	0,1,0	108	99
529	12,16,18	2,0,0	20,16,29	3,1,4	142	99
530	33,32,56	0,0,0	47,25,50	0,0,1	122	99
531	1,0,2	1268,1059,1611	0,0,1	1450,996,1662	102	99
532	0,2,0	95,83,134	0,0,0	100,84,140	101	99
533	23,21,33	3,7,8	7,6,6	7,2,19	106	99
536	1,3,0	68,54,79	5,0,2	67,36,81	118	99
537	1,0,0	2,4,10	2,0,4	9,5,7	198	99
538	1,0,0	1,0,0	2,1,4	0,0,0	198	99
539	2,4,10	1,0,0	9,6,7	0,0,0	168	99
541	91,69,128	12,9,7	88,59,92	11,5,9	119	99
545	37,27,36	0,2,1	46,17,41	1,0,0	114	99
547	2,6,8	11,18,30	1,0,7	29,16,19	101	99
549	31,26,46	12,9,15	46,12,44	6,10,16	110	99
551	4,1,0	32,20,54	0,6,6	66,42,83	120	99
552	1,0,2	2,3,4	1,1,0	1,0,0	104	99
553	750,728,1072	1,0,8	1269,565,1448	1,0,1	101	99
554	1,2,0	0,0,0	3,0,2	0,0,2	104	99
556	5,4,8	70,43,95	29,9,15	113,41,89	198	99
558	57,32,73	5,9,4	51,40,80	17,5,19	104	99
560	14,11,19	2,0,2	20,20,30	0,0,0	131	99
561	12,11,20	2,0,2	13,6,17	0,0,0	196	99
562	12,11,20	14,11,19	13,6,17	20,20,30	163	99
563	22,18,36	1,2,0	32,19,31	1,1,0	128	99
564	11,8,11	972,787,1037	8,16,19	1404,908,1808	198	99
566	31,33,56	6,5,11	73,41,81	14,12,18	110	99
567	1,0,0	158,137,217	0,0,0	131,102,150	198	99
568	1,0,0	311,253,454	1,1,1	460,241,408	122	99
569	0,0,1	226,206,346	0,1,0	379,228,384	102	99
571	1,0,0	267,211,296	2,3,3	279,184,259	108	99
572	0,0,3	0,0,0	2,0,2	0,0,1	103	99
577	1,2,3	8,1,2	8,2,5	0,3,4	102	99
579	5,2,4	36,42,66	7,3,4	69,29,58	103	99
581	4,1,3	35,27,54	5,0,4	46,43,47	102	99
583	0,1,0	4827,4690,6986	0,0,0	7429,3491,9508	102	99
584	0,0,1	0,0,2	3,0,0	0,0,0	102	99
585	3,1,0	54,58,68	10,7,7	90,55,87	113	99
589	0,0,0	53,45,74	0,0,1	79,51,67	138	99
590	400,323,521	8,5,20	446,280,449	18,10,23	101	99
591	50,34,74	290,202,382	143,71,174	335,144,368	101	99
593	19,15,31	0,1,0	41,25,41	0,0,1	101	99
594	59,43,63	0,0,0	95,57,127	1,0,3	104	99
597	1,6,1	8,10,18	13,9,4	10,7,11	102	99
598	22,11,13	20,25,34	16,17,21	31,21,41	130	99
599	513,559,612	0,0,0	435,222,495	2,1,0	107	99
600	151,161,241	1,1,2	238,154,342	2,2,1	101	99
601	1529,637,1981	0,0,0	2204,844,1516	82,0,57	116	99
602	623,322,777	21,14,28	1136,405,751	31,20,28	116	99
603	623,320,777	0,0,0	1123,404,744	1,1,0	116	99
604	680,330,821	0,0,0	1142,441,752	1,1,0	137	99
605	57,12,44	0,2,0	19,38,8	0,1,0	119	99
606	663,376,859	1,0,0	1299,495,875	0,0,0	137	99
609	15,11,23	324,270,465	55,20,51	419,246,438	119	99
612	69,35,90	72,53,100	61,31,69	102,70,114	101	99
616	134,108,171	14,8,11	147,93,171	16,7,23	104	99
617	0,0,0	24,17,27	1,0,1	41,17,48	103	99
619	116,83,135	1989,2149,3096	126,75,129	4995,1621,4881	105	99
621	0,0,1	3320,2558,3596	0,0,1	5693,3212,5790	102	99
624	0,0,0	77,43,93	1,0,1	72,28,68	134	99
626	4,0,2	84,57,91	2,1,2	112,73,105	130	99
627	64,84,138	13,9,9	128,61,147	7,0,3	131	99
628	32,44,72	0,0,2	83,29,89	0,0,0	128	99
629	37,16,67	8,3,4	29,20,32	3,2,3	198	99
630	6,8,7	283,205,384	7,5,10	366,174,386	102	99
631	293,218,397	0,0,1	393,185,410	2,0,1	119	99
632	107,85,161	7,6,0	139,77,185	14,12,18	151	99
633	15,9,12	26,21,57	33,17,39	12,9,18	102	99
635	4,4,3	158,113,198	2,2,2	177,65,173	100	99
637	16,10,40	1,0,0	32,13,28	0,0,0	104	99
640	229,192,287	0,0,0	230,172,297	0,0,2	163	99
641	145,133,213	3,2,1	218,120,254	2,1,3	158	99
642	52,54,84	4,3,4	50,29,70	12,1,8	107	99
643	8,4,10	525,369,563	5,2,11	738,514,897	141	99
644	0,0,1	683,502,763	0,0,0	758,495,829	102	99
645	2,0,1	164,92,183	0,1,5	249,133,275	101	99
646	4,1,8	125,94,159	3,1,1	163,73,141	125	99
648	45,60,117	1,0,0	78,49,84	0,0,0	198	99
649	312,250,484	2,7,4	434,246,425	7,3,6	110	99
650	10,7,9	2,2,7	6,10,10	3,2,5	198	99
651	296,237,362	0,0,0	387,201,407	1,0,0	113	99
652	8,8,8	9,4,10	26,17,27	4,14,17	198	99
653	9,9,5	391,327,588	7,1,3	470,336,541	102	99
655	66,48,83	1,1,0	103,90,135	0,0,1	128	99
656	49,38,63	0,0,0	56,40,86	0,0,2	128	99
657	28,24,33	0,0,0	30,21,57	0,0,2	132	99
658	3,2,0	24,16,30	1,0,5	27,19,34	102	99
659	137,99,183	0,0,0	198,118,196	0,0,1	182	99
661	2,1,3	110,83,166	0,3,0	146,88,174	102	99
662	5,3,9	0,0,0	2,3,4	0,0,2	143	99
663	2,6,8	11,9,8	6,6,5	16,4,18	104	99
665	119,88,162	8,9,8	117,104,163	4,4,6	125	99
666	1,6,13	209,176,311	8,1,7	354,120,343	102	99
667	11,11,27	5,3,5	22,10,32	6,3,3	110	99
670	368,331,459	23,24,29	569,332,684	28,7,21	198	99
671	30,13,17	17,5,9	20,4,29	13,2,11	124	99
672	6,5,5	939,682,1161	7,6,1	1121,638,1242	173	99
673	180,118,224	0,1,2	180,86,195	2,4,4	135	99
674	4,7,18	33,10,28	21,16,29	11,11,12	102	99
675	5,0,1	29,26,46	2,0,0	23,22,37	153	99
676	1,0,0	30,15,23	0,1,0	26,12,14	155	99
678	38,28,54	1,0,0	32,21,29	0,0,0	198	99
680	0,0,1	33,25,28	0,3,1	40,22,32	104	99
681	1,0,3	0,6,1	7,3,4	3,0,4	101	99
683	0,0,1	0,0,0	3,0,1	0,1,0	105	99
685	40,39,39	0,0,0	41,33,51	0,0,2	198	99
687	0,0,1	25,13,34	0,0,3	17,4,15	180	99
690	3,8,15	13,6,21	22,9,31	18,13,29	198	99
691	59,48,70	21,20,23	89,48,96	20,20,31	102	99
692	0,1,0	160,71,155	2,0,0	156,86,170	104	99
693	0,0,0	193,173,221	4,0,0	187,87,177	163	99
694	202,135,187	14,9,17	206,140,315	6,6,18	143	99
695	160,111,217	6,1,6	152,119,180	10,7,8	106	99
696	1,0,0	125,98,154	4,2,1	165,95,160	102	99
698	0,2,1	22,16,19	3,2,4	15,13,13	198	99
699	137,53,136	1,0,0	104,71,123	0,0,0	198	99
700	13,9,9	21,15,23	11,21,26	7,4,8	158	99
704	99,74,128	2,0,0	146,70,121	0,1,1	154	99
705	119,95,166	0,0,0	79,58,103	2,1,0	198	99
706	0,0,0	19,17,34	0,0,2	17,7,18	160	99
710	5,6,4	4,0,9	20,9,19	10,5,18	129	99
712	7,1,5	112,72,171	11,9,29	82,44,85	135	99
715	32,24,53	0,1,2	46,7,55	8,2,4	119	99
717	0,1,0	1,0,1	0,1,1	2,1,4	198	99
718	0,2,0	6,2,5	0,1,2	2,4,11	198	99
719	1,1,1	6,2,5	2,1,5	2,4,11	115	99
720	6,4,8	21,15,25	5,9,2	23,16,23	198	99
721	6,5,8	81,56,84	5,9,3	132,74,127	198	99
722	21,16,25	81,56,84	23,16,24	132,74,127	115	99
724	71,63,103	167,170,236	100,49,139	332,145,327	101	99
725	10,8,18	13,16,25	18,7,9	39,20,46	116	99
726	0,0,0	46,19,33	0,1,0	41,10,47	122	99
727	3,3,5	35,38,47	5,8,15	59,24,60	137	99
728	0,0,0	55,51,110	0,1,0	74,35,66	106	99
729	1,0,1	10037,8540,12686	0,0,2	15890,9955,18414	102	99
730	32,28,51	0,0,1	43,28,57	0,0,0	198	99
731	21,33,44	48,29,70	28,17,38	64,31,48	104	99
733	402,375,460	1,0,2	541,310,535	3,1,1	198	99
734	3,2,0	44,61,77	4,3,1	62,32,67	122	99
736	12,17,22	5,1,13	23,5,20	16,2,6	133	99
737	0,0,0	215,203,338	4,3,4	390,161,460	165	99
738	29,35,46	16,12,20	68,26,81	10,4,23	113	99
739	17,9,18	13,21,41	68,30,97	24,8,32	190	99
740	12,11,11	199,150,214	9,8,15	228,139,276	191	99
741	0,1,1	162,128,191	2,0,0	216,143,247	113	99
742	81,76,90	2,3,0	76,74,102	2,0,2	176	99
745	60,71,66	61,46,66	137,88,155	23,5,18	119	99
746	1474,1110,1983	0,0,0	1576,1141,1865	1,0,1	198	99
748	1,0,2	51,27,59	1,0,1	48,36,53	102	99
749	6,8,12	7,11,10	27,11,24	27,8,26	186	99
750	3,2,3	23,32,37	10,3,5	47,13,34	113	99
752	189,138,206	0,0,1	196,103,208	9,1,3	104	99
753	0,2,0	15,13,20	1,2,0	15,7,19	139	99
760	4,2,0	311,217,392	0,0,2	468,277,505	101	99
761	1,1,4	276,212,420	5,6,4	463,251,400	116	99
762	0,0,0	86,63,146	0,0,1	195,78,148	102	99
763	0,0,0	495,360,829	0,0,1	792,406,797	102	99
765	77,74,130	0,0,0	115,71,117	0,1,0	198	99
766	182,160,273	31,11,27	209,112,155	12,14,28	137	99
767	95,58,133	0,0,0	158,73,131	2,0,0	198	99
769	0,0,0	22,12,29	2,1,1	45,27,53	101	99
770	117,97,139	2,5,3	76,31,71	7,1,11	182	99
772	41,25,40	0,0,0	42,18,46	4,3,0	146	99
774	0,0,1	61,61,87	2,0,1	118,51,106	104	99
775	138,146,205	12,11,17	234,83,208	26,6,27	104	99
776	7,5,6	19,25,21	7,3,8	15,6,18	198	99
777	1,1,0	28,12,19	0,0,1	15,18,34	173	99
780	46,44,50	2,5,3	49,32,76	2,1,6	139	99
781	4,6,7	0,0,0	7,2,3	0,0,1	130	99
782	3,3,2	5,4,15	0,1,3	4,2,7	155	99
783	126,121,237	155,130,245	271,113,277	274,113,276	110	99
785	0,1,4	48,46,70	1,2,1	40,20,42	103	99
786	1,1,4	37,29,65	10,3,10	62,32,65	198	99
787	4,0,1	893,675,888	53,20,56	1045,779,1285	102	99
788	12,10,23	35,32,47	3,0,4	92,27,80	103	99
789	3,2,2	42,46,70	1,0,0	53,33,65	167	99
795	11,5,2	0,3,1	7,5,13	8,6,6	110	99
796	10,7,15	76,74,110	11,8,16	53,19,42	124	99
797	16,15,21	911,721,1203	23,18,22	1504,777,1477	102	99
798	1,0,0	1,2,2	0,0,1	4,1,2	100	99
802	93,59,107	1,5,5	164,102,202	0,2,0	198	99
803	2,2,3	45,32,77	1,3,5	84,29,94	108	99
805	64,60,61	0,0,0	103,45,108	8,4,2	118	99
807	2,6,6	48,46,72	7,3,7	81,51,72	116	99
808	0,0,1	83,63,127	0,0,0	147,70,109	116	99
809	224,139,268	0,0,1	280,184,336	0,1,0	197	99
810	13,9,19	7,0,9	16,7,18	7,3,9	115	99
811	3,4,4	53,54,81	1,3,4	80,41,100	102	99
812	0,0,1	0,3,4	2,0,1	4,0,0	103	99
814	7,8,12	1,0,0	20,14,25	0,1,0	162	99
815	76,57,83	0,0,0	66,22,72	0,1,2	110	99
816	371,282,542	0,0,1	475,196,529	0,0,0	113	99
818	315,240,372	15,0,9	407,254,450	16,6,15	104	99
819	87,51,112	24,23,50	125,74,119	9,11,17	196	99
820	33,23,43	113,84,176	34,9,30	197,107,181	124	99
821	7,4,3	74,63,111	14,9,21	64,25,53	198	99
822	0,0,0	2,2,0	2,0,1	0,0,1	198	99
