ID	IJC_SAMPLE_1	SJC_SAMPLE_1	IJC_SAMPLE_2	SJC_SAMPLE_2	IncFormLen	SkipFormLen
0	194,118,230	73,70,112	129,85,171	105,74,114	198	99
1	220,160,268	14,5,11	178,106,173	8,5,11	101	99
2	8,4,7	208,138,256	4,5,7	174,112,174	143	99
3	2,0,1	217,151,241	1,2,4	505,376,615	114	99
4	17,16,22	599,395,824	13,11,17	467,373,557	101	99
5	35,32,57	12,12,23	62,27,56	57,6,23	104	99
6	3,3,3	35,26,44	3,1,2	53,44,58	119	99
9	96,68,136	0,0,2	164,99,200	0,1,0	105	99
10	116,89,164	0,4,1	116,65,69	0,2,6	113	99
11	0,0,2	84,73,90	1,0,0	91,40,84	119	99
12	61,29,61	117,80,140	70,33,67	117,51,113	101	99
13	126,131,141	234,224,327	230,80,228	493,139,484	104	99
15	0,1,9	31,27,46	3,5,6	42,19,41	101	99
16	14,19,30	7,6,11	24,13,15	4,8,10	116	99
17	13,15,17	23,4,12	12,8,22	17,14,13	101	99
18	634,482,849	0,0,0	696,464,807	0,0,2	102	99
20	84,88,114	5,2,1	98,68,112	6,2,7	101	99
21	12,3,11	0,1,0	22,18,20	0,0,1	101	99
22	4,1,1	179,126,211	3,0,2	89,49,108	116	99
23	81,69,101	6,2,3	132,59,132	5,1,7	105	99
24	481,427,669	4,0,0	788,603,1035	6,6,3	102	99
25	27,28,50	19,14,19	42,47,56	26,21,29	103	99
26	221,158,275	344,274,452	198,154,195	376,266,425	107	99
27	29,25,38	10,12,24	32,19,35	10,2,17	101	99
28	6,2,9	3563,2866,5237	5,3,9	4276,2719,4569	120	99
29	35,40,53	2,1,2	82,29,78	1,2,0	110	99
30	100,89,156	0,3,0	110,82,112	0,0,2	101	99
31	58,55,69	15,17,18	89,56,92	30,18,37	101	99
32	1,4,3	16,7,18	11,0,8	13,8,10	101	99
33	1,0,1	0,0,0	0,0,1	1,0,0	101	99
34	0,1,0	5,3,6	0,0,0	5,5,5	101	99
37	0,0,0	44,41,57	1,0,1	52,21,48	167	99
38	55,48,74	16,9,21	66,31,50	17,8,17	100	99
39	1,2,0	17,17,14	0,0,1	14,3,19	128	99
40	11,6,3	8,20,21	4,2,4	17,8,24	101	99
41	42,41,58	25,31,48	50,28,47	44,24,33	101	99
42	1,0,3	69,48,99	2,0,0	68,31,54	104	99
43	7,10,22	12,18,29	18,11,17	33,8,35	101	99
44	173,130,175	0,2,2	269,110,258	1,0,4	101	99
46	9,3,5	1,0,1	4,6,12	0,2,3	133	99
47	16,9,23	0,0,2	29,6,26	0,0,0	198	99
48	54,47,76	0,0,0	100,55,99	0,0,2	111	99
49	70,50,97	2,0,1	115,46,103	0,0,1	113	99
50	56,46,86	0,0,1	72,39,80	0,1,2	105	99
51	5,5,8	0,0,1	25,9,27	0,0,0	122	99
52	381,313,599	11,7,25	539,373,582	24,21,23	101	99
53	59,55,68	3,0,5	64,54,76	4,9,2	104	99
55	266,183,341	0,0,2	274,201,298	0,0,1	101	99
57	6,9,7	411,351,523	9,6,10	568,344,617	118	99
59	16,2,3	14,3,9	8,12,6	2,2,5	118	99
63	25,24,49	21,30,17	32,11,53	16,6,30	101	99
65	37,29,37	1,0,0	49,26,43	0,0,1	106	99
66	29,32,30	8,11,21	44,18,50	10,3,17	118	99
67	4,4,12	37,20,39	0,4,6	30,18,28	107	99
68	153,111,183	40,27,43	131,72,150	27,16,52	107	99
69	271,206,389	67,64,71	348,196,332	62,67,103	101	99
70	63,58,97	0,0,3	97,37,89	1,0,0	105	99
71	238,190,268	2,1,3	236,121,233	3,5,5	110	99
72	0,1,2	20,17,35	1,0,1	16,21,19	128	99
73	38,28,44	3,5,8	64,26,59	2,3,4	104	99
74	32,22,62	223,184,332	48,34,50	411,204,412	198	99
75	7,6,11	201,135,257	9,8,12	232,155,275	129	99
77	0,0,3	28,35,66	1,1,5	92,19,57	101	99
78	51,62,106	27,30,28	138,34,161	47,16,44	101	99
79	154,115,145	0,1,3	169,109,161	0,0,2	108	99
80	4,3,6	0,0,1	6,6,17	0,0,2	119	99
81	181,136,199	33,26,51	313,180,348	74,34,70	120	99
82	3,0,4	24,12,40	3,1,2	30,16,13	101	99
83	98,94,122	0,0,1	155,100,189	1,5,0	101	99
86	0,0,0	322,306,436	0,0,2	451,294,542	128	99
88	307,263,314	323,243,420	314,183,303	371,271,549	161	99
89	62,44,84	0,0,0	61,27,67	1,0,0	103	99
90	415,336,555	0,1,0	562,410,636	2,0,0	106	99
91	24,9,25	141,101,164	31,18,20	210,126,224	102	99
92	62,50,64	117,69,145	60,29,73	136,74,132	101	99
93	8,1,4	132,73,134	3,5,4	135,92,124	101	99
94	205,159,232	1,0,0	246,133,320	0,0,2	131	99
95	137,94,171	3,0,0	106,51,116	0,1,0	198	99
96	9,4,7	3,7,4	12,7,12	6,0,8	117	99
98	3,0,6	98,87,152	6,0,2	129,88,170	104	99
99	65,41,77	2,9,6	55,44,64	2,2,3	101	99
100	0,1,0	52,37,61	1,0,0	99,47,85	198	99
101	87,55,101	95,71,87	85,60,112	58,56,90	101	99
102	1,1,2	558,425,674	3,0,2	780,432,920	134	99
103	3,4,16	166,145,226	2,7,10	209,115,204	101	99
104	3,4,6	13,9,24	11,1,1	36,21,24	122	99
105	640,731,1325	4,3,6	1067,422,1170	0,0,1	102	99
106	1,1,0	69,77,113	0,0,2	148,72,152	125	99
108	172,165,183	6,4,2	344,169,334	7,6,5	108	99
116	9,4,8	27,18,38	4,1,2	24,17,39	101	99
117	24,21,34	220,150,274	38,27,41	246,204,312	181	99
119	952,749,1303	9,12,16	980,562,1059	9,6,11	101	99
120	10,3,6	258,196,303	11,3,17	291,173,316	110	99
121	38,18,18	16,8,9	34,17,16	29,6,25	133	99
122	22,27,36	106,105,143	24,15,38	116,77,119	119	99
124	0,1,0	15,17,32	0,0,0	43,20,45	117	99
125	30,18,27	42,36,35	25,20,29	29,35,46	101	99
126	13,14,33	128,83,171	23,12,26	145,66,127	101	99
127	2,0,0	137,110,181	0,0,0	139,70,157	101	99
129	61,66,67	0,1,0	109,77,124	0,0,0	198	99
131	1042,790,1051	1,2,1	1299,902,1581	0,2,6	100	99
132	32,42,62	7,14,13	70,34,75	12,7,22	107	99
133	451,293,512	0,0,1	496,393,613	2,1,2	102	99
134	2,0,2	15,14,14	2,4,3	12,9,18	107	99
135	4,17,13	10,8,15	12,2,14	10,3,8	101	99
137	305,272,560	1,0,1	323,201,444	0,0,0	104	99
138	0,1,4	50,38,54	1,2,2	46,22,52	198	99
140	0,0,1	476,378,645	0,0,0	881,436,820	101	99
142	59,45,62	4,2,3	103,55,96	4,3,0	132	99
144	16,23,24	0,1,3	23,13,28	0,1,1	104	99
145	53,61,94	0,0,1	75,54,96	0,0,1	105	99
146	2,1,3	11242,9539,14824	1,5,7	18601,9169,22275	101	99
148	11,6,9	20,24,34	7,8,9	39,23,24	110	99
150	16,16,21	36,28,33	17,6,38	46,34,72	101	99
152	11,16,31	121,96,237	39,12,27	253,102,219	101	99
153	6,3,9	21,23,53	9,3,9	32,17,34	150	99
154	35,22,61	177,136,257	31,10,23	232,136,242	119	99
155	7968,6607,10116	18,20,28	14102,8480,16352	22,13,34	102	99
157	11,6,18	6,0,7	9,7,20	1,1,3	104	99
158	2,2,7	2,1,3	6,0,13	1,1,3	101	99
159	285,157,417	0,1,0	326,155,368	0,0,0	104	99
163	41,43,77	6,5,10	123,63,80	6,5,2	119	99
164	132,90,155	12,5,8	155,83,159	18,7,11	106	99
165	92,76,126	2,1,1	89,65,112	1,2,4	153	99
166	6,5,3	111,70,126	9,6,7	60,24,62	109	99
167	58,51,83	0,0,0	102,73,85	1,0,0	105	99
168	3,5,5	34,16,20	2,0,7	15,10,31	101	99
169	19,9,9	10,8,18	41,21,39	38,28,29	109	99
171	2,3,1	118,116,188	11,4,9	182,116,223	101	99
172	4,1,0	1,6,2	19,8,12	12,11,12	101	99
173	2,1,4	0,3,0	17,12,18	14,6,12	101	99
174	0,1,4	1,5,1	29,16,33	11,4,9	109	99
175	120,109,143	80,76,91	254,147,315	190,95,197	101	99
176	185,131,270	30,31,48	223,148,253	36,34,46	101	99
177	22,26,47	110,69,120	38,21,28	113,77,136	101	99
179	29,26,22	3,0,2	30,19,35	2,0,3	101	99
180	73,74,124	3,11,12	83,64,93	12,7,5	104	99
181	3,4,15	3,0,5	11,4,19	22,9,12	132	99
182	41,38,69	0,0,0	41,26,58	0,0,3	101	99
183	0,1,0	327,248,403	0,0,0	314,228,455	116	99
185	5,1,10	59,40,91	7,3,3	22,9,25	198	99
187	0,0,0	61,51,75	0,0,1	49,44,63	121	99
188	64,37,49	0,0,0	71,34,87	2,0,2	112	99
189	141,132,237	7,11,21	227,112,228	15,6,33	107	99
190	47,32,71	2,0,8	98,37,81	3,2,1	167	99
191	74,51,80	0,0,0	103,51,133	1,0,3	131	99
192	107,73,128	2,2,3	118,62,135	3,0,5	102	99
193	132,108,156	12,15,13	186,134,164	29,7,23	113	99
194	1,1,0	75,55,119	1,0,0	90,39,81	119	99
195	0,0,1	3,0,2	0,0,0	1,0,4	114	99
197	0,1,2	2,0,0	10,11,4	1,0,0	121	99
198	0,1,2	11,13,21	10,11,4	15,3,13	198	99
199	2,0,0	11,13,21	1,0,0	15,3,13	196	99
200	4,4,4	23,30,34	9,3,7	50,26,65	101	99
201	308,250,368	12,7,8	256,204,387	7,7,7	116	99
202	156,125,218	44,41,74	185,115,213	66,35,65	101	99
203	82,104,139	52,35,63	160,92,133	83,44,72	101	99
204	1,0,0	98,57,124	0,0,2	110,74,99	114	99
207	4,8,3	20,20,47	7,2,7	38,14,33	101	99
208	25,33,37	0,0,0	38,21,41	0,0,1	104	99
209	4,3,6	217,158,302	4,6,5	224,155,287	116	99
210	377,287,502	0,0,2	507,319,602	0,0,1	128	99
211	34,16,55	0,0,3	27,26,37	3,1,3	101	99
212	30,28,30	0,0,0	29,13,24	2,1,0	121	99
215	28,23,52	27,32,27	51,10,54	36,9,31	103	99
216	57,46,68	3,0,2	60,35,81	6,6,5	133	99
219	0,2,6	63,57,95	0,0,2	109,50,104	103	99
222	3,2,13	5,4,2	9,7,15	8,5,6	153	99
224	0,0,0	0,0,1	0,0,1	0,0,2	153	99
225	154,97,137	27,30,40	138,78,155	26,12,50	110	99
226	0,0,0	1,7,13	1,0,1	13,6,18	108	99
228	103,76,138	7,5,9	223,67,138	20,7,14	104	99
229	1,0,0	71,56,86	0,0,0	88,50,101	146	99
230	9,14,23	27,30,35	22,11,21	34,25,50	101	99
231	93,59,104	0,1,0	165,73,146	0,0,0	122	99
232	2,4,2	0,0,0	4,2,2	1,0,2	106	99
234	159,153,232	0,0,2	251,139,289	1,0,2	126	99
236	12,6,13	2,7,8	12,6,15	11,7,6	107	99
237	31,17,12	47,29,54	21,19,21	46,23,51	101	99
238	55,64,92	2,2,5	117,47,124	5,1,6	102	99
240	2480,1969,2850	323,264,356	3426,2598,4658	456,348,667	104	99
241	86,74,94	0,0,0	111,56,122	1,2,0	104	99
242	51,61,94	43,50,48	83,59,118	89,65,91	162	99
243	454,332,530	4,2,12	458,318,567	7,3,6	198	99
244	151,99,137	22,23,38	135,99,154	33,11,33	115	99
245	6,8,12	19,19,35	14,4,12	30,13,43	103	99
247	169,157,277	0,8,8	303,167,270	4,2,10	171	99
248	6,5,4	37,36,63	8,6,10	49,28,58	101	99
252	1438,1176,2167	9,6,11	1803,780,1847	6,0,7	107	99
255	0,3,3	2,0,1	2,0,5	2,3,1	115	99
256	3,2,12	5,7,9	12,5,9	14,4,27	101	99
258	198,171,254	0,0,0	233,194,300	1,0,0	101	99
259	109,92,150	76,46,125	202,96,177	133,57,142	101	99
260	184,131,230	2,0,0	261,150,229	1,0,0	101	99
261	68,44,85	25,34,35	62,43,73	31,14,42	101	99
262	10,14,23	3,2,3	10,12,18	1,0,3	132	99
263	185,126,219	0,0,1	290,167,331	1,1,1	132	99
264	149,84,211	2,0,0	268,145,236	2,1,3	198	99
265	22,27,42	11,7,16	38,14,43	15,9,13	103	99
267	8,1,7	0,1,2	3,0,3	1,0,1	101	99
268	111,77,114	0,0,1	78,49,113	0,0,0	102	99
269	5,1,5	0,0,1	2,4,9	0,0,1	102	99
270	1,2,2	79,70,102	3,2,7	118,83,90	101	99
271	0,0,0	97,59,101	3,2,2	106,93,148	101	99
272	80,65,86	3,6,4	84,33,75	7,5,2	111	99
273	3572,3198,5410	0,0,4	4639,2364,5604	6,0,0	101	99
275	46,28,60	2,0,0	74,50,96	3,1,3	103	99
276	1,3,0	270,231,307	8,1,3	401,235,381	113	99
277	33,27,49	237,205,312	50,21,33	381,217,369	102	99
278	157,173,212	0,0,0	362,174,391	1,1,3	110	99
279	9,13,11	52,66,84	35,9,18	197,54,179	109	99
280	6,5,8	4,2,5	12,2,11	3,1,1	104	99
281	161,140,197	0,0,0	175,96,160	1,0,0	104	99
282	72,45,93	4,2,1	85,48,82	1,1,2	188	99
283	20,12,24	3,1,1	16,8,15	0,1,1	188	99
284	49,46,59	10,9,16	46,28,62	10,8,11	105	99
285	54,61,89	6,3,3	78,46,81	8,2,4	104	99
287	12,21,22	10,10,16	38,15,26	21,12,24	101	99
288	0,2,2	4,2,6	1,0,1	10,5,7	175	99
290	1,1,3	7,0,8	4,2,1	8,7,6	112	99
291	223,125,217	451,256,462	152,89,172	371,216,374	101	99
292	294,214,322	103,102,165	138,46,121	59,22,57	101	99
293	289,189,343	299,230,349	95,65,134	143,74,149	104	99
294	66,44,80	32,21,37	75,47,93	54,25,43	155	99
295	0,0,0	3,1,0	0,1,0	3,0,5	126	99
296	0,1,0	0,4,1	0,1,1	2,1,3	108	99
297	102,84,122	8,1,8	152,63,133	2,2,6	103	99
298	823,680,976	1,0,1	1226,758,1298	2,0,1	107	99
299	65,50,81	1,0,0	85,62,81	3,1,2	101	99
300	95,54,138	1,1,0	94,62,124	2,0,0	108	99
302	50,40,82	2,1,5	75,46,112	2,0,3	119	99
303	8,3,9	15,10,21	9,3,4	32,17,38	101	99
304	2,5,9	80,72,113	11,11,8	217,102,172	102	99
305	92,67,100	0,0,2	112,50,109	1,2,0	171	99
306	2,4,7	80,63,119	12,6,8	135,49,126	101	99
307	32,30,39	54,46,71	43,17,39	52,33,77	101	99
308	9,10,20	11,3,3	10,9,29	12,5,28	107	99
310	23,19,50	28,41,60	44,20,51	31,9,24	137	99
311	0,0,1	30,2,23	0,0,0	3,3,3	116	99
312	0,0,0	44,31,61	1,0,0	60,33,55	125	99
314	12,6,5	16,13,12	14,4,13	13,4,21	101	99
315	20,10,24	24,14,26	41,17,32	22,9,23	131	99
316	18,23,37	1,4,4	42,3,29	3,0,4	101	99
317	22,27,51	97,85,173	44,40,62	192,87,222	112	99
320	2,1,5	2,0,0	7,2,9	5,5,5	124	99
321	29,22,30	40,28,35	32,9,14	38,19,40	101	99
322	767,599,877	14,7,10	797,512,961	11,7,11	101	99
323	2,5,8	0,1,4	5,1,5	6,0,2	101	99
325	10,6,6	38,34,46	5,8,8	38,22,59	101	99
326	6,9,11	23,24,33	9,3,13	34,14,38	110	99
327	388,346,488	0,0,2	598,276,467	0,0,0	116	99
329	301,224,309	0,0,0	361,238,373	0,1,0	198	99
330	216,166,339	3,1,1	306,157,322	7,5,5	119	99
331	59,37,70	74,59,82	64,44,71	110,47,71	101	99
332	104,73,111	7,5,12	122,76,115	13,10,14	101	99
334	0,0,0	69,40,120	1,0,2	96,14,56	134	99
335	55,58,50	21,15,18	52,33,65	22,10,23	101	99
336	181,172,237	4,9,6	241,117,257	1,0,2	134	99
337	72,48,83	2,2,0	38,29,55	1,1,1	119	99
339	52,52,65	40,19,44	79,32,54	45,13,43	101	99
340	22,11,32	31,44,56	31,22,45	63,41,77	143	99
341	99,63,109	4,1,1	91,42,110	4,1,1	101	99
343	43,25,55	0,1,1	53,30,70	1,0,1	104	99
345	89,97,143	2,0,0	102,44,99	0,0,0	128	99
346	51,34,40	5,1,4	81,59,60	0,0,5	198	99
347	72,42,97	28,24,27	79,50,89	31,15,45	101	99
348	8,12,10	92,70,144	8,6,13	107,68,138	104	99
349	114,93,154	5,7,9	154,93,147	13,10,25	145	99
350	27,28,38	1,3,5	27,14,30	2,3,3	101	99
351	24,10,44	8,6,15	26,21,49	13,6,8	114	99
352	824,645,1009	11,14,33	1069,609,1108	25,17,26	101	99
354	1,0,1	72,57,117	0,0,0	75,22,73	188	99
355	278,219,304	1,0,1	343,196,429	0,3,2	104	99
356	136,150,177	0,0,0	264,97,234	5,1,0	107	99
358	76,63,103	4,6,3	64,49,91	6,1,4	109	99
359	6,9,14	43,31,68	22,7,13	81,55,93	101	99
360	0,0,0	1,0,0	1,0,0	0,0,1	102	99
361	37,33,59	0,0,1	79,39,85	0,1,0	163	99
362	0,0,1	71,38,78	0,0,0	72,50,55	170	99
363	10,10,14	9,5,8	9,11,15	5,4,14	101	99
364	53,30,49	4,5,6	81,32,72	4,3,11	103	99
365	117,94,178	3,1,9	120,88,174	4,6,5	101	99
366	9,12,12	57,44,64	5,5,9	37,23,45	101	99
367	96,91,135	8,14,4	152,70,150	10,7,11	128	99
368	3,2,5	89,99,118	1,6,1	112,84,130	137	99
370	107,82,151	1,0,1	183,113,184	0,0,1	113	99
371	39,25,43	12,10,14	20,7,9	5,3,13	138	99
372	214,170,273	4,4,10	355,113,292	4,5,6	101	99
376	98,65,127	0,1,0	102,60,117	2,0,0	134	99
377	0,2,5	132,95,163	6,4,4	192,85,205	101	99
378	47,50,59	1,0,0	61,46,51	0,0,0	198	99
379	23,18,26	1,0,0	20,4,30	0,0,0	107	99
382	0,7,13	8,2,17	17,12,14	19,5,20	110	99
383	26,19,27	20,17,46	31,10,28	41,23,38	117	99
384	1,4,13	49,32,81	6,2,18	75,26,55	139	99
386	859,660,1034	0,0,1	918,551,956	0,1,1	110	99
387	28,17,40	11,5,9	52,33,34	16,10,17	103	99
388	1,0,2	51,53,88	1,0,0	74,24,52	155	99
389	3,8,7	10,10,7	2,5,9	17,12,29	101	99
390	51,36,59	30,24,33	67,42,79	39,33,51	101	99
391	24,22,36	1,1,0	39,21,50	3,0,0	107	99
392	1,0,0	11,9,24	0,2,0	14,4,18	198	99
393	32,30,44	15,1,9	41,29,48	11,4,11	101	99
394	123,68,139	31,17,40	114,72,126	35,16,40	119	99
395	6,5,12	91,98,127	6,5,9	109,48,111	103	99
398	9,6,12	4,8,12	9,5,19	8,5,6	104	99
399	104,59,116	0,1,1	79,53,102	0,0,0	198	99
400	86,69,100	0,1,0	107,56,96	3,3,2	108	99
401	5,1,2	69,59,76	4,0,4	90,68,140	118	99
404	0,0,0	490,475,695	0,1,0	1921,957,1469	107	99
405	2,2,7	8,5,7	7,2,18	15,2,8	110	99
406	11,12,21	8,5,7	9,9,14	15,2,8	116	99
407	11,12,20	2,2,6	9,9,14	7,2,18	104	99
408	0,0,1	27,21,42	0,0,0	34,19,44	170	99
410	8,9,5	10,3,4	5,0,5	3,4,14	112	99
411	9,7,6	241,205,270	8,0,7	307,224,385	112	99
412	4,2,5	285,262,387	1,2,5	339,181,377	101	99
413	86,83,129	45,36,49	144,70,183	60,36,73	101	99
415	0,0,0	3,5,2	0,0,1	0,2,4	101	99
417	0,0,5	4,8,10	4,0,5	12,10,13	107	99
418	2,2,0	53,50,71	0,1,0	69,43,67	155	99
419	41,24,55	11,8,5	59,35,58	5,4,5	102	99
420	41,25,55	4,11,10	59,36,59	16,12,12	170	99
421	11,9,5	4,11,10	5,5,6	16,12,12	166	99
422	521,491,680	0,0,0	914,502,941	1,1,0	131	99
423	8,9,13	7,8,8	27,19,12	12,5,10	101	99
424	18,7,16	34,15,28	19,10,16	19,13,19	101	99
425	11,5,12	26,17,39	13,5,18	36,26,33	113	99
426	179,149,260	3,0,2	182,112,213	5,1,1	116	99
427	164,96,17	0,0,0	14,203,48	0,0,7	161	99
428	168,99,22	0,0,2	17,204,52	0,0,0	198	99
429	172,100,25	0,0,0	21,208,56	2,0,0	198	99
430	4,3,5	0,0,2	4,2,11	0,0,0	137	99
431	9,6,8	0,0,0	10,6,15	2,0,0	167	99
432	5,3,5	0,0,0	6,4,4	2,0,0	128	99
433	75,39,62	16,13,19	137,27,217	18,14,7	119	99
434	11,5,4	0,4,1	19,6,6	0,4,0	137	99
435	5,3,3	14,8,16	6,4,146	6,2,9	128	99
436	5,3,3	19,0,0	6,4,146	0,0,0	137	99
437	6,5,3	0,0,0	9,7,149	0,0,3	161	99
438	14,8,16	19,0,0	6,2,9	0,0,0	107	99
439	15,10,16	0,0,0	9,5,12	0,0,3	131	99
440	20,2,0	0,0,0	3,3,3	0,0,3	122	99
442	60,28,62	0,0,0	60,36,52	0,0,2	136	99
443	41642,34765,50418	215,140,52	65430,39452,80664	58,34,74	119	99
445	100,75,100	16,12,18	132,66,136	29,12,27	101	99
448	130,82,160	6,1,4	195,119,193	5,2,2	101	99
450	34,44,61	0,0,0	49,14,60	0,0,1	101	99
451	81,45,108	44,51,90	65,45,75	63,44,62	101	99
452	2,3,3	148,122,194	1,0,4	238,128,234	119	99
453	621,760,876	117,146,181	1325,651,1324	253,118,257	101	99
454	19,23,43	7,7,14	40,19,23	12,3,9	101	99
455	88,109,158	0,2,4	103,42,90	2,3,2	124	99
459	137,83,134	94,75,142	134,117,175	121,91,164	101	99
460	5,8,13	151,117,204	5,5,13	173,113,150	146	99
461	1,5,6	246,220,376	7,3,15	498,231,495	112	99
463	87,118,147	53,50,81	170,87,198	58,25,63	101	99
464	4,0,3	518,554,914	12,10,11	882,403,902	117	99
465	152,104,262	3,1,0	251,114,239	1,0,2	111	99
468	38,46,54	5,2,6	55,20,67	10,3,3	109	99
470	52,33,66	0,4,0	40,25,54	2,1,0	161	99
471	0,3,11	58,55,72	10,4,4	73,26,72	119	99
473	1,4,4	39,37,48	1,3,7	79,43,53	122	99
475	36,31,39	0,1,0	57,37,40	0,0,0	106	99
476	65,46,95	141,73,146	61,52,98	114,71,171	101	99
477	14,6,16	5,5,5	23,8,9	5,4,14	101	99
478	357,270,539	68,68,141	596,277,534	126,41,151	101	99
479	14,15,17	108,66,126	17,5,8	118,51,105	101	99
480	1,1,3	0,0,1	0,1,2	4,1,6	161	99
481	51,33,70	3,2,1	56,34,64	3,2,8	143	99
482	2,0,1	119,92,153	4,1,0	175,120,197	127	99
483	20,24,53	0,0,3	38,19,42	0,2,0	110	99
485	16,15,33	0,0,0	40,7,28	2,0,2	102	99
486	54,60,120	10,14,17	108,50,120	14,17,16	115	99
487	9,13,15	3,1,3	27,5,8	6,1,3	101	99
488	190,139,190	54,38,72	244,120,258	83,42,75	101	99
489	68,63,122	2,2,6	70,31,86	3,4,3	116	99
490	3,3,10	248,192,341	8,3,22	381,258,453	107	99
491	40,21,41	132,94,162	25,17,27	123,79,114	101	99
495	55,58,60	13,16,14	79,48,84	31,15,22	101	99
496	19,10,18	20,7,18	15,13,19	14,9,14	113	99
497	1,1,1	24,10,21	0,0,1	16,13,15	198	99
498	47,30,50	18,26,32	18,15,24	12,9,18	101	99
499	18,10,16	5,2,6	17,12,25	8,3,3	158	99
500	2,4,4	220,152,256	6,2,6	219,137,242	110	99
501	139,54,133	1,2,3	94,74,87	1,2,5	100	99
502	26,29,69	1,0,0	71,33,60	0,0,0	107	99
503	27,23,47	3,0,0	29,3,30	0,2,0	104	99
506	45,30,63	51,34,89	60,32,73	86,32,89	101	99
510	5,15,5	4,5,23	11,10,10	11,4,11	101	99
511	182,157,218	1,1,0	262,67,194	0,0,1	110	99
512	160,144,195	125,130,183	286,154,345	277,176,300	101	99
513	48,38,43	285,236,352	64,37,73	387,241,425	113	99
515	32,27,65	11,13,23	78,47,83	20,10,29	198	99
516	8,9,8	14,9,6	34,7,35	31,13,14	101	99
517	21,30,43	2,1,9	62,14,50	14,4,14	104	99
518	1,2,1	56,48,89	4,2,0	59,52,73	101	99
519	1,1,1	9,13,9	0,0,0	9,9,14	145	99
520	4,9,9	44,32,81	13,11,9	87,22,67	113	99
521	0,0,2	2,0,0	0,0,0	1,0,5	101	99
523	110,78,136	0,0,0	127,58,118	0,0,1	115	99
524	68,49,96	628,442,705	77,36,93	635,425,802	102	99
525	3,0,4	1,0,0	0,4,2	3,2,1	117	99
527	54,35,43	113,89,164	65,38,61	139,80,182	116	99
529	7,6,10	15,10,18	11,5,17	19,19,25	101	99
530	122,119,195	0,0,0	182,92,196	1,0,0	103	99
531	45,42,70	88,80,140	86,51,84	204,104,225	101	99
532	3,4,3	0,0,0	2,1,5	3,2,5	129	99
535	135,77,170	76,56,108	173,88,175	111,60,132	101	99
537	155,109,258	0,0,1	265,150,231	2,0,3	113	99
538	2,0,0	213,221,298	1,2,3	402,153,335	113	99
539	4,16,13	84,60,106	20,9,18	120,79,135	104	99
540	0,0,0	46,26,48	1,0,0	65,25,61	101	99
541	59,52,67	11,14,26	70,44,58	10,7,16	106	99
542	613,620,1082	226,223,370	1281,502,1357	441,168,511	101	99
544	352,294,445	1,1,2	1053,621,1107	3,3,7	108	99
545	0,2,0	0,3,5	3,0,3	2,1,0	106	99
546	97,87,143	21,14,23	134,84,155	31,12,21	101	99
547	49,64,90	0,0,0	45,24,58	2,0,0	117	99
548	10,20,34	174,213,394	22,7,34	445,131,324	111	99
550	8,2,7	4,6,7	9,2,7	1,1,4	101	99
551	17,3,3	29,19,38	3,1,9	38,12,40	101	99
552	13,2,2	66,54,103	8,4,5	50,20,47	104	99
554	774,686,1083	1,7,4	699,380,918	2,2,8	104	99
557	180,137,218	43,44,52	214,115,232	43,23,61	101	99
558	5,5,14	15,15,37	19,13,6	29,17,43	119	99
559	44,36,51	15,18,39	56,24,62	41,20,29	102	99
560	35,26,41	25,24,39	27,30,38	30,18,29	101	99
561	6,2,7	0,0,1	7,3,5	0,0,2	105	99
565	206,176,339	4,3,7	337,159,356	5,3,5	104	99
566	26,29,47	0,4,3	36,23,41	5,1,5	101	99
567	72,65,92	0,0,1	82,48,99	0,0,0	198	99
568	13,4,13	9,9,11	9,5,10	20,10,15	101	99
569	3,3,5	0,0,2	4,0,2	3,0,0	134	99
570	9,6,19	33,15,28	29,15,22	26,19,25	130	99
571	17,7,15	104,81,85	24,16,24	118,78,165	109	99
572	39,33,62	1,1,3	115,47,100	4,2,6	112	99
573	70,66,133	8,5,13	101,41,103	4,5,19	107	99
574	46,30,47	5,1,2	63,48,99	6,2,2	104	99
575	0,0,0	13,14,48	1,0,0	41,24,41	101	99
577	65,61,83	0,0,0	104,56,84	0,0,1	198	99
578	0,0,0	1,0,4	0,0,2	2,0,1	101	99
579	6,1,5	41,38,50	6,1,7	72,38,58	107	99
580	3,3,10	121,102,168	13,6,13	180,93,202	101	99
581	2660,2148,2955	0,2,2	3335,1821,3948	2,1,7	108	99
582	51,40,59	1,0,1	49,31,42	0,0,2	105	99
584	14,9,26	1,0,0	31,3,40	0,0,0	101	99
585	12,12,16	0,0,0	23,10,19	0,1,0	110	99
586	0,1,2	9,9,16	5,1,6	11,7,17	101	99
587	0,0,0	13,15,33	0,0,2	23,10,22	110	99
588	3,2,3	7,6,14	3,1,2	17,9,12	110	99
589	41,40,75	2,8,1	66,49,88	10,6,4	104	99
590	11,4,20	0,0,0	16,10,18	2,0,0	105	99
591	14,11,27	0,0,0	29,22,38	2,0,0	111	99
592	3,7,7	0,0,0	15,12,22	2,0,2	104	99
593	11,5,24	5,3,6	17,12,21	9,6,11	105	99
594	21,21,31	1,0,3	30,6,32	2,0,0	103	99
595	4,4,4	9,8,9	11,5,8	11,5,15	103	99
596	8,3,10	29,25,40	9,6,4	51,7,41	101	99
598	23,37,24	3,9,12	48,6,36	18,7,13	103	99
602	163,143,233	0,1,0	187,94,198	0,0,1	109	99
603	32,21,34	5,0,0	42,6,27	1,0,3	170	99
604	35,25,38	52,34,61	43,8,29	65,28,30	179	99
605	8,4,4	52,34,61	2,2,5	65,28,30	107	99
606	4,3,3	128,127,177	3,4,4	146,70,122	101	99
608	23,32,69	22,13,26	42,23,46	26,14,20	101	99
609	15,12,26	3,3,11	21,12,23	9,4,5	164	99
610	15,12,26	24,16,11	21,13,23	13,10,11	187	99
611	3,3,11	24,16,11	9,5,5	13,10,11	121	99
612	30,9,21	155,132,254	22,19,14	214,179,286	106	99
613	6,1,4	112,104,135	4,7,8	148,113,184	101	99
614	179,155,311	19,12,43	428,166,373	43,22,47	104	99
615	38,30,56	1,0,0	60,23,52	2,0,1	198	99
616	450,440,841	0,0,3	812,339,596	0,1,2	167	99
617	1,0,1	285,235,404	1,0,1	392,232,400	131	99
618	21,14,22	15,6,11	23,14,16	7,3,12	103	99
619	1,5,4	8,11,18	12,0,17	20,6,11	181	99
620	0,0,1	63,28,62	0,0,0	37,29,55	110	99
621	4,2,8	1,1,8	4,5,11	4,2,7	104	99
623	1,1,0	118,110,184	1,0,1	177,102,147	101	99
625	0,0,0	333,233,438	5,1,1	467,248,483	198	99
626	1,1,3	121,79,145	0,1,2	118,59,118	146	99
627	82,60,128	1,1,0	96,34,98	0,0,0	140	99
628	4,3,14	0,1,2	1,4,2	1,0,0	101	99
629	96,52,88	3,3,2	138,61,142	7,3,9	140	99
630	2,4,5	11,10,14	6,1,8	39,12,20	101	99
631	9,1,4	27,26,28	7,0,7	34,24,47	101	99
633	0,1,0	4,2,5	0,0,2	13,2,5	107	99
634	2,2,12	17,11,25	6,3,7	13,11,26	101	99
635	86,74,160	2,3,1	130,90,127	5,1,2	107	99
636	919,798,1010	8,3,5	1496,872,1736	4,1,8	107	99
637	97,58,97	72,56,62	79,46,116	85,37,74	101	99
638	129,90,176	8,1,5	156,78,204	5,3,9	110	99
639	19,18,13	110,88,139	27,18,24	190,49,159	110	99
641	197,155,209	13,8,15	269,193,308	24,10,27	106	99
643	8,10,12	20,20,44	10,8,9	23,21,32	114	99
644	0,0,2	0,6,9	0,0,0	3,2,5	104	99
647	139,119,201	1,0,0	212,110,210	0,1,2	116	99
648	2791,2554,3528	4,1,2	5156,2624,5532	3,1,3	101	99
649	3,3,1	144,89,139	1,0,3	93,34,61	101	99
651	9,8,8	32,20,54	15,2,14	54,22,54	101	99
653	8,5,8	336,265,372	16,22,30	384,246,486	117	99
654	125,145,206	115,111,116	206,101,199	148,70,150	101	99
655	5,2,3	4,0,6	17,8,8	20,10,14	103	99
656	44,38,78	4,2,8	101,29,71	12,2,11	131	99
657	49,40,51	4,1,8	96,48,89	5,3,3	103	99
658	52,34,100	0,1,3	87,22,91	0,0,0	107	99
660	14,5,12	31,29,38	11,4,15	69,36,92	101	99
661	2,3,6	12,13,28	4,2,2	24,10,22	101	99
662	4,5,1	17,21,25	7,3,3	21,10,28	103	99
663	11,20,11	8,6,5	33,11,23	4,6,9	103	99
666	105,74,128	0,0,0	126,70,112	0,1,0	167	99
667	196,147,220	23,25,32	269,132,280	38,33,58	108	99
669	10,10,12	70,67,97	12,5,4	96,48,106	107	99
671	185,144,252	220,211,273	340,181,365	359,246,412	101	99
672	40,27,35	485,426,580	35,30,49	634,438,799	110	99
673	32,35,74	18,18,20	69,35,76	19,1,16	124	99
674	246,165,300	4,0,0	250,142,244	0,0,0	198	99
675	6,6,11	298,209,348	8,13,6	310,199,322	128	99
676	422,293,424	1,0,0	299,228,362	1,0,0	104	99
677	5,6,12	5,5,7	18,6,14	11,0,5	102	99
678	20,24,41	2,2,1	28,18,33	8,1,9	102	99
679	227,183,264	0,0,0	320,162,349	1,0,5	116	99
682	60,32,71	0,0,1	74,20,80	0,0,0	107	99
683	95,99,154	3,7,14	131,77,159	9,1,15	101	99
685	22,13,26	42,23,51	44,32,39	49,34,55	110	99
686	5,3,6	3,6,8	19,9,16	13,9,17	107	99
688	3,4,6	2,0,2	22,10,9	3,2,0	107	99
690	111,93,130	0,0,0	133,97,124	0,0,1	113	99
691	217,155,233	13,4,8	223,153,297	3,2,6	198	99
692	21,9,11	123,92,124	11,21,12	97,95,121	103	99
694	0,0,1	17,7,27	2,0,3	22,7,45	115	99
696	22,16,28	243,192,291	21,18,39	234,163,234	101	99
698	33,33,48	12,11,10	65,29,47	6,10,7	101	99
699	31,17,38	5,4,12	34,25,18	4,11,5	140	99
702	2,5,10	21,12,18	11,6,13	15,15,23	125	99
703	82,100,128	95,81,151	108,64,137	164,75,178	101	99
704	58,42,91	51,42,80	44,27,76	57,40,69	101	99
705	61,60,109	30,11,24	80,65,88	29,23,28	119	99
706	31,25,46	79,58,109	52,25,64	64,37,92	118	99
707	7,4,6	0,2,4	4,1,6	0,0,0	153	99
708	7,4,6	107,69,122	4,1,6	87,42,78	156	99
709	7,4,6	29,19,36	4,1,6	34,11,32	159	99
710	0,2,4	107,69,122	0,0,0	87,42,78	101	99
711	0,2,4	29,19,36	0,0,0	34,11,32	104	99
712	107,69,122	29,19,36	87,42,78	34,11,32	101	99
713	14,8,19	42,29,48	9,13,18	40,26,41	101	99
715	176,163,210	2,0,1	249,152,235	1,3,1	147	99
716	235,190,379	2,0,2	294,210,323	0,0,1	102	99
717	2,0,1	28,31,41	0,1,0	31,20,26	198	99
718	47,57,100	7,1,4	95,35,98	3,0,0	101	99
719	36,28,32	20,15,39	52,36,65	48,34,64	101	99
720	47,30,47	0,2,0	52,24,45	0,2,0	104	99
721	38,36,53	0,0,3	46,36,72	0,0,0	104	99
723	82,43,107	2,0,1	76,70,108	0,1,1	122	99
724	72,79,119	40,36,64	117,52,121	77,30,75	104	99
725	11,5,15	0,1,7	26,14,30	0,1,0	198	99
726	31,25,38	10,5,14	34,23,32	26,14,30	125	99
727	818,571,1052	0,0,0	811,517,983	2,0,0	103	99
728	16,8,18	51,36,76	19,11,22	68,34,62	101	99
729	4,1,1	72,74,82	4,1,2	76,30,64	122	99
732	353,237,415	149,106,181	359,194,369	175,108,209	101	99
734	131,110,145	0,0,0	157,113,192	0,0,1	104	99
737	33,38,53	11,10,26	74,46,74	34,17,32	103	99
739	91,86,112	11,21,29	160,81,151	34,19,37	101	99
741	11,5,30	8,5,12	27,24,26	11,9,22	104	99
742	116,90,194	14,11,29	155,76,168	30,9,18	101	99
743	22,15,27	28,18,37	16,5,17	21,7,31	101	99
744	22,15,27	10,10,26	16,5,17	33,12,22	110	99
745	28,18,37	10,10,26	21,7,31	33,12,22	107	99
746	43,18,48	4,2,8	58,26,68	9,4,8	123	99
747	8,9,19	0,0,1	21,11,20	0,0,0	182	99
748	17,10,16	0,0,0	9,8,13	0,0,1	131	99
749	60,38,69	1,1,0	37,8,41	1,2,3	131	99
750	27,18,31	31,18,20	23,16,25	23,9,27	101	99
752	0,0,0	93,57,116	1,0,0	132,45,115	101	99
753	73,65,114	29,14,41	104,60,127	30,17,47	110	99
754	17,28,31	0,0,0	63,31,68	0,2,1	104	99
755	0,1,4	1,0,2	3,4,4	6,0,1	104	99
756	6,4,13	26,41,55	6,3,9	60,30,63	104	99
757	14,7,26	0,0,3	19,12,16	0,1,0	103	99
758	3,0,9	4,1,13	8,2,6	15,10,17	102	99
760	59,46,69	20,11,18	104,67,134	30,19,51	108	99
761	29,47,67	0,1,0	58,22,50	0,0,0	110	99
763	54,35,84	3,4,10	47,29,56	7,0,5	101	99
764	120,88,140	35,30,31	225,116,181	52,20,34	101	99
765	180,143,216	2,2,3	191,143,238	5,4,0	103	99
766	152,120,145	5,2,0	157,96,174	1,4,4	104	99
767	116,72,140	0,0,0	118,75,127	0,1,0	128	99
770	1,0,0	16,19,31	0,0,0	19,14,26	111	99
771	0,0,2	58,41,83	5,2,1	68,29,72	109	99
773	34,23,13	108,51,118	16,14,22	106,74,139	101	99
774	13,9,5	110,114,129	5,7,8	92,75,115	170	99
775	473,321,618	12,12,17	363,324,473	12,14,17	101	99
777	0,0,1	43,20,64	0,0,1	31,20,31	134	99
778	50,52,180	21,20,40	271,50,175	68,15,56	114	99
779	32,20,57	12,9,20	29,33,41	25,17,21	107	99
780	285,234,402	1,0,1	252,134,301	0,0,1	113	99
782	902,838,1125	1,0,6	922,627,1097	0,3,2	101	99
783	35,25,44	0,0,0	40,38,41	1,0,0	106	99
784	59,34,67	1,0,2	68,73,108	0,0,1	116	99
785	1,0,1	25,26,50	2,0,7	42,32,56	101	99
786	43,39,51	1,7,4	57,29,75	3,4,5	105	99
787	320,306,396	61,53,76	577,307,517	95,42,95	101	99
789	155,124,198	50,28,70	206,106,212	51,33,66	118	99
791	11,13,10	11,12,8	19,4,17	30,13,35	130	99
792	9,5,5	43,31,77	13,8,8	57,19,72	110	99
794	82,52,79	0,0,0	115,30,86	0,1,0	106	99
796	0,0,0	77,91,114	3,2,0	127,77,122	110	99
797	1,0,1	0,0,0	6,3,4	0,2,3	101	99
798	2,3,3	24,5,13	0,1,0	12,16,9	128	99
799	506,318,617	112,60,127	594,425,674	111,72,107	104	99
800	3,1,1	1,0,0	3,0,2	0,0,2	106	99
801	6,5,4	8,7,5	4,7,4	7,4,10	107	99
802	139,97,143	1,5,8	138,63,155	12,1,6	137	99
804	101,110,146	0,0,1	176,71,188	0,0,0	100	99
806	13,8,17	0,1,1	10,2,18	0,0,0	107	99
807	47,36,60	6,4,7	56,35,57	5,6,10	101	99
808	7,12,15	104,73,118	3,0,3	41,16,49	103	99
809	46,52,84	37,38,63	82,27,59	51,33,58	134	99
812	0,1,1	70,40,72	1,1,3	66,38,64	109	99
813	55,34,35	59,64,115	34,30,46	58,27,60	101	99
814	28,26,30	86,48,90	42,28,35	82,48,95	104	99
815	25,43,40	18,18,36	60,37,49	44,16,29	110	99
816	26,32,45	22,24,44	48,19,52	38,24,49	101	99
818	65,42,55	0,0,0	48,33,42	1,1,1	105	99
819	36,32,41	0,0,0	46,37,60	0,0,2	198	99
820	18,9,18	1,0,2	12,9,20	1,0,1	109	99
823	18,10,12	0,2,2	93,50,99	26,5,20	109	99
824	45,22,61	17,20,32	80,25,64	29,13,37	104	99
826	7,10,13	320,218,336	6,13,9	245,162,253	116	99
827	28,28,50	41,35,69	37,15,59	59,16,53	104	99
828	15,8,30	2,1,1	33,19,22	0,0,0	101	99
829	423,340,476	291,215,355	746,454,766	466,304,568	141	99
830	37,29,50	0,0,0	57,32,78	1,0,0	102	99
831	169,122,274	7,6,2	269,162,271	1,2,6	104	99
834	41,29,44	7,6,9	57,13,36	7,2,9	113	99
835	4,2,1	88,83,109	4,4,0	118,82,128	101	99
836	2414,1940,2886	0,0,2	2765,1706,3231	0,3,2	108	99
839	210,177,274	1,2,2	263,145,215	1,0,2	101	99
841	1,0,0	125,116,190	0,0,0	107,63,120	122	99
842	56,40,60	32,38,60	63,23,76	73,37,88	104	99
843	8,1,10	40,25,34	8,11,16	53,20,41	103	99
845	4,7,10	45,40,45	10,6,5	72,21,48	101	99
846	16,25,30	6,4,14	44,19,24	11,3,6	101	99
847	17,22,41	1,1,2	35,19,46	7,1,3	104	99
848	0,0,0	0,2,1	3,0,1	5,0,8	165	99
849	73,37,82	75,61,93	119,64,112	70,53,68	149	99
850	7,3,15	111,84,124	15,5,7	160,74,115	198	99
851	10,4,19	7,10,14	9,9,22	20,4,7	104	99
854	6,7,7	3,0,2	10,7,17	2,0,1	103	99
855	1,1,5	86,91,156	2,0,3	151,80,145	198	99
856	4,6,1	52,54,106	6,1,6	92,51,106	101	99
857	10,20,17	37,28,44	20,12,27	43,24,40	113	99
860	41,47,89	351,379,551	74,34,75	595,264,489	101	99
861	1,1,3	519,486,755	2,0,1	985,425,921	122	99
862	0,0,0	1,2,1	1,0,0	4,2,5	101	99
863	38,48,47	7,10,8	29,19,32	27,12,21	171	99
864	58,49,77	188,208,270	89,50,94	272,147,355	102	99
865	8,15,14	89,106,190	15,8,25	154,50,155	104	99
866	81,79,183	10,11,20	150,40,158	7,5,8	104	99
868	1593,1134,1904	4,3,0	1651,1109,1837	2,4,12	142	99
869	293,241,390	0,0,0	446,287,505	2,0,0	115	99
870	3,3,3	0,2,0	1,3,2	0,0,0	101	99
871	0,0,0	2,1,3	0,0,1	1,0,3	157	99
872	2,0,0	97,74,121	0,0,4	96,83,109	157	99
873	72,45,99	0,0,1	88,35,99	0,0,0	104	99
874	10,12,29	102,71,124	15,10,19	61,34,56	101	99
875	56,52,85	30,23,42	44,33,44	19,18,22	101	99
876	17,13,17	240,186,342	8,3,6	274,197,310	198	99
877	3,4,3	0,0,0	1,2,9	0,0,2	106	99
878	4,3,3	36,33,43	4,3,2	61,29,63	113	99
879	25,23,42	11,8,11	51,30,43	17,9,10	111	99
881	35,32,58	20,32,29	65,25,57	35,17,40	101	99
882	294,199,333	1,2,0	253,190,306	2,0,3	132	99
883	248,175,324	0,0,1	269,178,284	0,0,0	160	99
885	8,2,7	96,95,150	3,1,7	126,72,137	118	99
886	69,49,79	315,225,448	93,62,107	454,246,427	101	99
889	240,160,303	0,0,1	262,135,303	0,0,0	100	99
891	16,15,33	3,8,9	39,12,40	7,7,11	107	99
892	25,16,27	19,16,20	26,23,25	20,13,24	106	99
894	5,0,5	3,3,1	6,2,3	3,0,3	105	99
895	22,17,50	3,3,1	37,11,31	3,0,3	144	99
896	22,17,50	5,0,5	37,11,31	6,2,3	137	99
897	66,83,109	5,12,17	136,58,148	9,2,18	104	99
898	141,116,179	2,0,0	159,102,185	2,1,3	118	99
899	18,10,17	2,1,9	25,10,23	4,1,4	147	99
900	83,89,138	1,1,0	164,56,131	3,2,0	117	99
901	86,84,146	6,7,5	142,75,155	13,1,10	161	99
902	280,202,392	8,10,18	423,184,492	17,5,11	101	99
904	513,366,603	1,3,5	534,349,680	4,1,3	103	99
905	9,7,14	556,397,639	14,8,11	497,327,683	101	99
906	5,3,11	18,8,18	2,2,4	11,11,17	134	99
907	36,43,52	2,1,0	23,28,45	2,0,3	161	99
908	85,73,91	4,10,13	96,50,76	3,10,3	104	99
909	11,12,10	1,0,1	16,8,17	2,2,1	108	99
910	6,3,1	213,192,270	5,2,6	205,123,273	101	99
911	10,5,8	39,21,59	14,5,16	43,11,30	109	99
912	1,0,0	11,8,5	1,0,0	4,5,8	119	99
913	21,16,38	6,2,4	29,7,35	8,1,3	101	99
914	164,149,224	0,0,1	169,65,195	0,0,0	198	99
916	24,14,23	9,5,12	47,23,31	11,4,15	121	99
917	61,69,85	1,2,1	87,27,102	0,2,3	110	99
918	40,25,49	3,0,1	43,23,46	2,2,0	116	99
919	234,147,278	12,11,13	239,187,307	11,3,16	103	99
921	93,49,119	0,2,1	80,32,121	2,1,2	105	99
922	74,70,137	1,3,1	77,42,90	3,2,1	106	99
924	27,26,63	2,0,3	48,19,53	5,0,2	103	99
925	75,50,118	10,7,17	89,62,119	24,20,19	128	99
926	1,0,0	55,60,91	6,2,1	88,58,90	110	99
927	64,68,81	3,0,0	86,76,144	0,0,0	134	99
928	95,62,117	7,3,13	116,78,121	16,6,12	103	99
929	2,2,0	188,146,246	10,5,14	412,219,404	117	99
930	158,173,241	2,3,2	238,96,297	6,0,5	102	99
931	167,144,181	8,9,8	221,100,226	12,2,14	102	99
932	8,3,5	30,26,41	9,8,11	39,21,43	101	99
933	34,25,33	0,2,0	57,16,43	0,0,1	103	99
934	109,87,137	1,1,0	100,65,110	1,0,1	198	99
935	160,73,105	42,38,72	115,53,130	79,35,56	101	99
936	121,89,135	0,0,0	144,69,145	0,1,0	103	99
937	3,3,2	17,7,12	6,1,5	21,10,34	111	99
938	256,193,368	1,0,0	363,256,376	0,0,0	102	99
942	8437,7002,10458	7,5,7	8831,5915,10571	4,9,7	101	99
943	8441,7006,10462	3,3,3	8831,5915,10577	2,6,2	105	99
944	11,9,11	3,3,3	4,9,13	2,6,2	102	99
946	129,150,188	44,41,61	227,122,283	62,45,87	128	99
947	178,162,248	0,0,0	281,163,328	1,1,0	104	99
948	35,22,45	0,0,0	42,19,45	0,1,1	117	99
949	12,9,14	8,2,17	13,6,15	13,8,14	103	99
951	3,3,2	76,35,97	3,2,1	64,34,61	164	99
952	16,5,25	0,1,0	42,24,41	0,0,0	118	99
953	253,160,351	15,6,15	251,143,279	7,7,11	104	99
954	527,441,887	3,2,7	750,322,704	5,4,2	104	99
956	10,12,24	0,0,1	7,8,7	2,0,1	103	99
957	1328,995,1768	21,20,38	1592,1009,1731	32,26,30	101	99
958	21,9,8	38,25,35	22,7,18	48,27,44	101	99
959	23,12,20	13,2,8	24,13,18	8,6,7	104	99
960	21,26,44	365,356,567	57,42,58	574,298,588	127	99
961	0,0,0	1,6,7	0,0,2	8,7,9	124	99
962	383,325,481	9,5,6	145,89,199	6,1,3	107	99
963	36,42,81	123,131,212	61,52,78	228,118,267	114	99
964	1,4,4	90,70,77	10,6,15	133,84,175	117	99
965	34,20,28	0,0,1	42,28,48	1,0,0	101	99
966	5,3,4	0,0,1	9,9,4	1,0,0	118	99
967	0,0,0	29,17,24	5,2,0	38,21,44	115	99
969	0,1,1	132,59,131	0,0,0	111,88,118	114	99
970	56,56,75	4,5,11	93,51,99	10,7,12	101	99
971	15,17,19	35,17,48	17,8,24	65,33,55	101	99
972	44,31,46	0,0,2	31,13,41	1,0,0	198	99
973	0,0,0	55,34,71	0,2,0	65,44,89	112	99
974	27,16,23	29,27,66	18,13,25	38,29,48	112	99
975	4,5,13	36,26,35	15,31,20	70,63,100	101	99
976	0,0,1	76,62,92	0,0,0	100,71,102	101	99
977	4,0,3	4,3,7	1,1,1	4,0,4	101	99
981	59,67,91	2,7,7	104,47,100	6,3,3	101	99
984	0,0,0	1,3,5	2,0,1	10,13,7	126	99
987	130,133,228	26,28,72	199,113,218	47,26,68	102	99
988	117,64,141	313,247,541	110,73,108	419,305,533	198	99
990	5,2,2	112,55,123	2,3,1	65,48,64	122	99
991	3,1,2	31,26,35	0,2,1	32,24,37	121	99
992	29,24,29	0,2,0	33,22,26	0,0,1	198	99
993	649,422,712	1,0,0	389,263,493	0,0,0	198	99
994	15,11,25	6,4,5	42,25,34	8,5,8	105	99
995	41,29,38	6,4,14	40,20,52	9,4,1	104	99
996	3,1,3	27,21,27	6,4,6	60,37,49	101	99
999	85,101,122	8,2,4	152,66,127	2,3,5	104	99
1000	7,3,2	1,0,4	0,3,4	0,0,0	101	99
1001	54,28,69	75,81,101	89,35,64	77,63,101	101	99
1002	9,11,16	33,25,45	10,0,8	22,22,21	103	99
1003	20,13,18	1,0,0	38,18,32	1,0,0	106	99
1005	34,24,51	5,7,14	38,16,46	13,1,7	101	99
1006	82,59,86	13,7,9	87,72,115	18,8,11	104	99
1007	74,62,130	3,1,2	118,77,138	0,1,2	198	99
1008	206,189,238	0,0,0	304,172,304	0,0,2	103	99
1009	3,1,3	234,181,261	1,0,1	181,120,185	134	99
1010	401,350,485	4,2,5	538,316,590	5,5,6	110	99
1011	21,33,48	4,3,3	48,19,31	3,2,6	101	99
1014	111,100,181	23,22,38	188,74,149	25,15,27	142	99
1016	0,0,0	1,0,0	0,1,2	0,0,0	104	99
1018	34,33,45	6,1,5	34,27,39	7,4,14	121	99
1019	52,40,69	0,0,1	53,41,59	0,0,0	102	99
1021	31,26,43	111,54,141	39,31,47	160,62,128	114	99
1022	0,0,0	31,18,37	1,1,2	25,15,53	171	99
1024	11,16,24	4,1,1	19,14,25	2,0,5	104	99
1025	480,471,654	171,141,204	994,585,1054	317,186,344	101	99
1028	5,8,5	37,37,69	6,7,14	48,36,79	101	99
1030	1985,1430,2477	12,11,29	2390,1580,2566	22,17,21	104	99
1031	1,0,4	12,11,29	1,1,3	22,17,21	198	99
1032	0,0,4	1984,1430,2477	0,1,1	2389,1580,2564	197	99
1033	79,49,112	2,4,5	88,66,99	3,0,1	102	99
1034	99,90,115	0,0,0	163,85,135	0,0,1	198	99
1035	141,103,165	6,3,13	156,89,169	5,2,8	104	99
1037	23,15,38	14,6,26	41,20,30	14,2,12	104	99
1038	7,1,7	27,21,36	5,2,0	49,12,37	101	99
1039	399,295,589	119,90,169	605,327,673	228,99,215	101	99
1042	7,8,5	0,1,0	11,7,10	0,0,0	198	99
1044	1,1,0	8,6,8	2,2,1	17,7,11	171	99
1045	110,77,152	4,8,11	166,77,151	12,0,7	117	99
1046	13,7,29	6,1,6	38,7,29	4,1,3	198	99
1047	5,3,3	0,0,2	6,3,11	0,0,0	102	99
1048	9,5,4	9,10,27	22,12,22	31,26,48	125	99
1049	9,16,21	2,4,2	28,17,17	14,1,10	101	99
1052	54,43,49	0,0,0	63,25,73	1,0,0	107	99
1053	45,37,43	0,1,0	48,24,50	0,1,0	107	99
1054	61,51,67	1,1,5	86,41,108	8,2,6	107	99
1055	34,22,44	26,19,28	47,24,43	30,10,27	113	99
1056	0,1,0	183,134,221	0,0,0	196,140,196	114	99
1057	83,68,140	0,1,0	119,75,125	0,0,0	100	99
1058	6,5,10	0,0,0	17,6,14	1,0,0	120	99
1059	1,5,2	54,41,67	9,2,12	85,47,68	101	99
1060	33,15,19	3,2,1	30,19,32	1,2,1	105	99
1063	5,6,14	31,40,61	9,7,7	75,27,55	112	99
1064	1024,716,1337	24,14,29	856,563,1026	11,7,16	101	99
1065	1449,1246,1997	20,25,24	2066,1005,2148	26,18,27	101	99
1066	0,0,0	15,10,21	2,1,2	19,8,17	110	99
1067	102,113,169	11,4,12	166,56,145	13,8,15	101	99
1068	5,5,9	2,0,4	27,8,16	9,2,6	107	99
1069	146,160,255	2,0,0	252,158,287	5,3,3	140	99
1070	0,1,0	0,0,0	0,0,0	1,0,0	107	99
1071	99,92,117	0,1,0	78,55,113	0,0,0	198	99
1073	1,3,5	2,0,1	3,1,3	0,0,1	104	99
1074	4751,4109,5845	0,0,2	6382,3814,6288	0,0,0	102	99
1075	2,2,1	26,28,36	3,1,3	83,26,69	116	99
1077	81,67,115	10,7,8	112,24,73	4,1,6	198	99
1078	69,77,78	106,126,131	109,74,136	201,130,243	120	99
1080	273,234,337	12,12,21	362,174,315	23,9,26	101	99
1081	584,551,868	0,0,1	638,342,696	1,0,0	107	99
1082	166,108,206	5,1,6	206,137,215	3,0,1	105	99
1083	24,34,43	32,15,41	47,27,36	41,19,38	105	99
1084	254,226,334	0,0,0	379,237,410	2,0,1	102	99
1085	4,0,1	1,1,0	0,0,0	1,0,6	107	99
1086	82,75,84	16,13,19	98,64,104	23,17,27	140	99
1087	8,5,9	34,14,26	10,12,11	44,27,37	101	99
1088	81,67,92	0,0,0	129,99,145	0,0,1	111	99
1091	230,160,311	8,6,10	259,156,318	14,6,8	104	99
1092	1,4,1	64,41,53	1,2,1	60,45,93	110	99
1095	28,23,40	2,0,3	52,34,73	3,0,0	198	99
1096	20,25,36	0,1,1	32,21,42	5,1,0	198	99
1097	31,27,27	61,50,71	37,21,31	108,55,81	101	99
1098	2,1,3	21,14,28	86,3,59	31,20,28	119	99
1099	3,3,5	0,0,0	94,6,59	1,1,0	161	99
1100	9,7,9	1,0,0	97,8,70	0,0,0	182	99
1101	22,16,30	0,0,0	39,23,28	1,1,0	140	99
1102	28,20,34	1,0,0	42,25,39	0,0,0	161	99
1103	6,4,4	1,0,0	4,3,11	0,0,0	119	99
1104	908,320,1207	0,4,0	1085,444,774	13,2,7	119	99
1105	909,322,1209	0,2,0	1093,447,774	0,1,0	161	99
1106	1,6,2	0,2,0	21,5,7	0,1,0	140	99
1107	55,13,42	32,55,76	4,36,11	158,88,123	119	99
1108	2,4,8	6,7,11	8,1,5	9,4,5	101	99
1110	51,32,50	32,19,35	40,39,57	37,20,36	101	99
1111	101,60,128	0,0,1	102,58,102	1,0,2	113	99
1112	50,49,113	1,2,4	95,56,93	4,0,2	104	99
1113	31,23,32	0,0,2	17,13,31	0,0,0	198	99
1114	231,200,304	6,2,8	456,255,498	12,2,8	107	99
1116	5,6,5	25,31,44	1,0,2	40,20,28	101	99
1118	26,31,27	10,3,5	62,42,76	13,11,10	104	99
1119	77,68,76	95,62,95	52,36,54	41,26,59	138	99
1120	31,20,36	39,61,52	43,34,60	86,52,92	106	99
1121	0,1,1	24,31,44	1,0,1	39,18,25	137	99
1122	21,20,27	17,11,15	35,18,38	20,16,33	114	99
1123	2,7,4	0,0,1	9,3,3	0,0,0	101	99
1124	104,83,123	0,1,0	74,43,115	2,0,1	108	99
1125	15,13,10	80,84,125	14,15,14	97,87,112	101	99
1126	35,37,56	0,2,2	45,15,28	5,0,1	102	99
1127	12,17,22	3,0,0	30,7,31	0,0,0	111	99
1128	97,72,163	64,57,87	138,46,120	113,44,94	104	99
1129	21,8,7	101,73,140	7,5,13	97,58,117	101	99
1131	225,199,261	1,0,1	393,245,441	8,8,4	172	99
1132	0,0,0	80,77,130	0,0,1	104,63,134	121	99
1134	2,3,2	48,54,90	2,2,1	68,40,76	122	99
1135	106,69,160	19,11,33	169,98,195	49,18,48	104	99
1136	3,4,4	42,26,58	2,9,4	71,37,64	101	99
1137	0,0,0	93,79,138	2,2,1	113,83,143	143	99
1138	0,0,0	208,182,360	1,0,0	257,121,297	176	99
1140	569,419,648	432,268,548	606,386,662	551,310,622	101	99
1141	370,298,520	2,0,1	578,244,522	1,0,0	105	99
1142	41,40,57	0,0,1	70,35,49	1,0,0	104	99
1144	0,1,0	470,350,579	1,0,0	501,341,637	196	99
1145	6,7,11	22,14,30	9,6,16	29,16,23	101	99
1146	5,6,11	18,17,21	10,6,12	18,13,26	116	99
1147	27,22,28	0,0,1	17,16,29	0,0,0	102	99
1149	71,62,93	20,36,28	90,47,80	31,13,25	101	99
1151	9,23,16	3,4,3	26,10,35	10,4,5	104	99
1152	1,1,0	45,23,62	0,2,2	59,30,62	101	99
1154	1052,800,1572	1,0,0	1135,749,1198	0,0,0	105	99
1155	1088,695,1306	0,0,0	993,670,1055	0,0,5	101	99
1157	111,108,146	6,2,6	169,74,170	7,4,6	110	99
1158	58,28,35	5,2,0	38,21,30	0,0,0	104	99
1160	12,16,23	0,0,0	23,21,21	1,0,0	107	99
1161	35,29,50	0,2,0	53,20,50	0,1,1	104	99
1162	20,12,19	5,6,12	19,5,9	7,2,12	102	99
1164	42,18,34	22,23,23	27,13,27	29,9,29	101	99
1165	27,27,34	77,66,98	33,15,26	98,47,104	101	99
1166	154,86,146	3,2,3	90,64,87	2,2,0	102	99
1168	27,31,40	0,0,0	29,15,45	3,0,0	101	99
1169	261,176,299	4,11,10	302,207,333	10,7,2	101	99
1170	1,3,4	136,83,113	0,1,1	118,91,112	101	99
1173	0,0,1	24,34,36	0,0,0	47,43,43	161	99
1174	80,88,102	0,2,0	68,44,103	2,0,0	157	99
1175	46,49,75	16,16,14	84,21,71	36,11,34	104	99
1176	12,14,20	43,29,48	29,19,33	78,47,78	112	99
1177	85,86,148	0,0,0	153,73,139	2,0,0	101	99
1178	38,31,53	3,0,9	39,22,43	0,2,2	104	99
1179	29,15,30	0,0,0	24,12,38	0,0,2	166	99
1180	59,45,84	0,0,0	70,39,83	0,0,1	110	99
1181	703,678,1069	15,25,31	1087,489,1160	40,11,34	104	99
1182	806,550,1053	6,3,3	969,665,1065	3,3,1	101	99
1183	806,550,1053	14,10,6	969,665,1065	6,4,5	104	99
1184	6,3,3	14,10,6	3,3,1	6,4,5	101	99
1186	14,28,40	2,1,6	39,18,36	0,1,1	116	99
1187	283,214,436	3,1,1	689,302,702	3,1,3	111	99
1190	214,168,267	8,3,5	347,179,308	13,13,10	104	99
1191	120,113,168	3,5,6	181,96,191	15,6,17	134	99
1192	3,3,4	84,47,102	6,1,11	109,47,100	102	99
1193	36,32,39	5,4,13	33,12,30	12,7,6	102	99
1194	2,12,13	23,33,52	13,6,6	46,26,45	101	99
1195	403,337,477	3,1,4	429,232,561	5,2,5	135	99
1196	18,11,17	0,3,2	13,9,18	2,1,0	101	99
1197	4,0,5	12,7,10	7,5,7	7,3,21	101	99
1200	42,33,56	3,5,0	60,34,43	2,0,1	104	99
1202	415,269,477	6,5,11	540,338,601	15,6,16	131	99
1203	9,7,13	107,71,160	10,6,14	146,112,179	198	99
1204	29,16,50	1,1,0	38,32,42	0,0,1	107	99
1206	788,664,1181	30,20,32	1019,549,1143	38,17,34	101	99
1207	858,710,1275	5,3,12	1123,599,1237	7,5,9	104	99
1208	898,734,1318	4,8,6	1163,621,1271	8,5,14	107	99
1209	977,801,1428	6,9,11	1285,663,1388	18,8,12	110	99
1210	100,66,126	5,3,12	142,67,128	7,5,9	101	99
1211	140,90,169	4,8,6	182,89,162	8,5,14	104	99
1212	219,157,279	6,9,11	304,131,279	18,8,12	107	99
1213	45,27,55	4,8,6	47,27,43	8,5,14	101	99
1214	124,94,165	6,9,11	169,69,160	18,8,12	104	99
1215	83,75,116	6,9,11	130,47,131	18,8,12	101	99
1216	36,20,38	0,0,1	57,47,84	1,0,0	104	99
1217	2,3,7	7,20,9	11,5,10	6,0,15	153	99
1218	160,121,220	16,7,22	168,105,224	20,5,25	107	99
1219	56,45,85	7,5,8	65,54,77	13,3,8	101	99
1221	67,59,101	5,5,5	111,64,75	12,3,5	101	99
1222	0,1,1	8,6,16	1,0,1	14,11,11	123	99
1223	58,65,130	57,50,93	94,65,112	74,35,95	101	99
1226	88,79,130	0,4,2	150,62,191	3,0,9	198	99
1227	176,134,237	77,77,96	186,105,249	83,31,82	104	99
1228	1,3,6	33,36,50	5,3,3	43,25,38	105	99
1230	1,1,3	351,222,418	2,1,6	427,283,481	179	99
1231	2,2,4	14,12,11	2,0,2	12,10,9	110	99
1232	30,19,18	14,12,11	20,14,24	12,10,9	129	99
1233	28,17,15	0,0,1	20,14,22	2,0,0	117	99
1234	33,26,40	47,32,69	31,31,40	50,38,60	101	99
1235	2,2,2	53,61,94	3,1,5	104,42,97	117	99
1236	48,40,90	8,6,7	86,35,76	11,2,15	103	99
1237	10,7,9	30,16,21	6,2,8	35,24,31	132	99
1238	4,1,11	27,24,32	8,7,13	33,28,18	113	99
1239	1109,769,1328	3,0,2	1219,757,1323	1,0,2	100	99
1240	15,11,19	13,9,25	18,11,19	14,8,12	103	99
1243	23,22,25	9,5,8	54,19,48	14,10,19	135	99
1244	12,9,16	0,2,4	10,8,18	10,5,10	101	99
1245	6,1,2	115,80,173	15,6,13	210,99,192	146	99
1246	1,0,0	4,6,17	1,0,0	20,16,28	149	99
1247	5,4,5	7,9,21	13,4,10	23,11,16	119	99
1248	65,61,72	203,171,339	75,53,93	254,128,217	198	99
1249	16,7,25	0,3,2	42,23,41	3,2,2	122	99
1250	1,0,0	10,11,11	0,1,0	27,19,34	101	99
1251	58,26,58	13,6,18	42,28,61	16,9,21	102	99
1253	6,6,9	35,19,45	11,3,16	51,26,41	101	99
1254	13,2,10	1,1,2	5,8,14	4,1,2	104	99
1256	3,3,3	114,93,132	3,3,4	194,97,174	198	99
1257	55,39,54	0,0,0	52,26,79	0,1,0	102	99
1258	156,110,179	139,98,142	162,122,161	123,69,162	198	99
1259	211,253,351	4,4,5	363,196,366	12,4,10	198	99
1260	78,56,92	83,51,83	47,29,50	92,41,118	102	99
1261	2,2,2	31,15,27	4,2,0	29,20,41	112	99
1263	0,0,1	2,1,1	0,0,2	7,4,2	106	99
1264	4,3,1	5425,5649,8337	4,0,2	10146,4576,10958	144	99
1265	0,0,0	58,39,45	2,0,1	67,42,85	101	99
1266	82,51,112	3,8,7	103,59,97	12,8,10	101	99
1267	5,3,6	7,9,4	3,5,6	8,7,11	198	99
1268	0,3,2	0,1,0	2,1,0	1,1,0	198	99
1269	193,187,278	16,8,26	219,158,260	12,6,7	101	99
1270	2,5,8	11,22,25	5,5,5	28,14,20	101	99
1271	203,136,317	2,1,0	232,167,313	3,0,0	107	99
1273	25,24,54	55,45,50	37,32,47	72,42,47	101	99
1274	37,25,32	44,34,46	38,17,30	36,28,41	101	99
1275	42,29,40	129,116,218	53,23,43	126,85,162	101	99
1276	156,112,249	23,9,39	346,138,307	44,22,33	103	99
1277	98,68,135	11,13,23	95,65,116	11,9,12	108	99
1279	12,10,17	27,39,44	24,9,17	38,20,48	101	99
1280	31,23,49	89,55,108	33,13,23	117,73,138	149	99
1283	33,28,53	33,28,41	51,29,72	61,26,70	107	99
1284	34,28,53	159,116,162	51,29,74	161,109,157	155	99
1285	34,28,41	159,116,162	61,26,72	161,109,157	146	99
1286	11,7,21	1,0,0	20,13,20	0,0,0	104	99
1288	0,1,2	3,2,2	10,4,2	3,0,2	158	99
1289	0,1,2	4,2,8	10,4,2	1,3,6	172	99
1290	3,2,2	4,2,8	3,0,2	1,3,6	112	99
1291	1621,1180,1953	0,0,0	1642,1218,1873	0,0,2	101	99
1293	8,0,3	13,9,25	5,4,9	20,19,48	105	99
1294	194,204,239	0,2,0	313,165,398	3,1,4	110	99
1295	1724,1490,2239	126,86,143	3028,1449,3124	143,79,153	104	99
1296	1724,1490,2239	14,7,20	3028,1449,3125	23,12,22	107	99
1297	126,86,143	14,7,20	143,79,154	23,12,22	101	99
1298	156,132,181	0,1,1	262,174,330	1,0,3	103	99
1299	12,13,18	5,7,5	20,6,32	6,7,8	104	99
1301	0,2,0	11,7,14	1,2,2	7,2,8	123	99
1302	34,19,46	4,4,12	43,20,44	8,3,7	101	99
1303	67,59,107	1,1,1	153,56,142	7,1,5	104	99
1305	20,23,28	15,16,15	13,4,21	9,8,14	101	99
1306	5,6,4	0,0,0	20,9,20	1,0,2	164	99
1307	4,0,9	0,0,0	10,5,19	1,0,0	164	99
1308	5,12,13	0,1,0	18,7,15	0,0,0	164	99
1309	1,0,0	32,29,50	2,0,0	35,16,35	154	99
1311	0,0,0	1,0,1	0,0,1	0,0,2	102	99
1312	13,8,8	14,18,34	12,8,9	42,15,28	107	99
1313	16,19,32	31,12,37	11,3,20	2,3,1	118	99
1315	26,26,44	0,0,2	34,27,50	0,0,1	198	99
1317	0,1,1	60,37,115	2,0,1	118,34,89	105	99
1319	7,4,8	0,1,0	5,8,2	0,0,1	113	99
1320	22,15,25	1,0,1	23,16,23	2,1,4	113	99
1321	82,56,84	6,2,5	132,74,127	2,4,11	113	99
1322	192,116,222	1,4,5	216,122,227	2,2,6	102	99
1326	11,3,6	5,1,4	6,2,9	5,3,7	113	99
1327	5,5,2	2,3,4	2,3,4	6,3,8	110	99
1328	12,16,21	2,2,3	11,15,14	3,1,0	123	99
1331	0,1,5	47,20,48	1,2,7	63,30,55	110	99
1332	35,31,32	32,25,47	31,21,24	46,12,35	101	99
1333	3,1,9	44,30,58	4,3,10	45,34,49	118	99
1334	311,243,372	396,368,452	436,316,473	537,305,526	101	99
1335	28,15,33	0,0,1	26,17,26	1,0,0	101	99
1336	3,3,2	85,45,98	2,3,4	117,37,109	139	99
1337	1,3,1	0,0,0	2,3,4	0,1,0	102	99
1338	71,62,80	45,41,58	56,33,69	46,19,74	101	99
1339	56,40,106	12,2,12	128,54,103	7,3,12	101	99
1342	318,249,452	0,0,1	386,249,428	0,0,0	102	99
1343	15,13,11	0,1,3	15,5,9	3,0,0	104	99
1345	0,0,2	0,0,0	3,4,19	1,2,3	101	99
1346	39,18,71	8,9,24	15,25,35	8,8,9	101	99
1347	234,243,430	3,0,3	499,193,460	0,0,2	113	99
1348	312,251,377	0,3,1	314,210,400	1,1,2	103	99
1349	3,7,9	29,35,46	11,2,14	68,26,81	109	99
1351	9,11,6	1,0,0	22,12,16	0,0,0	106	99
1352	66,36,67	1,0,0	120,78,159	0,0,0	128	99
1353	64,33,64	7,8,3	113,74,147	15,8,4	120	99
1354	88,126,194	1,0,6	144,78,168	1,1,1	102	99
1356	460,337,551	4,1,1	539,394,604	0,2,3	101	99
1357	57,20,48	0,0,0	28,13,37	0,1,0	125	99
1358	71,49,80	1,0,2	75,43,63	0,0,0	101	99
1359	230,180,295	0,1,0	410,223,452	3,0,3	123	99
1361	13,15,22	19,22,22	41,19,35	37,16,31	122	99
1363	10,11,10	5,6,7	13,5,17	10,5,10	107	99
1364	0,0,1	2,1,3	0,1,3	0,0,2	101	99
1365	29,37,46	0,0,0	60,20,47	3,0,1	145	99
1366	65,77,97	3,5,4	101,46,74	0,0,1	198	99
1368	38,27,68	0,0,2	91,42,83	1,3,3	102	99
1369	56,39,60	3,1,0	80,32,66	1,3,2	113	99
1370	1,0,0	28,23,28	0,0,0	37,16,33	198	99
1371	92,57,94	1,1,2	87,40,96	1,3,0	104	99
1373	199,133,308	13,14,31	271,157,251	17,9,22	104	99
1374	0,0,0	2,0,0	3,0,0	1,0,0	103	99
1375	0,2,0	60,51,66	0,0,0	52,53,72	101	99
1376	16,10,18	40,31,49	12,5,9	37,19,37	101	99
1377	11,7,14	222,133,258	18,21,32	182,180,246	117	99
1378	4,3,5	7,3,3	8,2,7	6,4,15	106	99
1380	54,41,71	6,2,8	73,39,72	13,7,13	113	99
1382	1,1,6	0,0,0	6,2,7	0,1,0	127	99
1383	9,7,8	0,2,9	10,4,5	2,2,6	101	99
1384	4,7,11	2,5,8	2,4,5	6,1,8	129	99
1385	153,133,238	2,1,2	223,85,249	3,0,2	104	99
1387	159,124,277	6,7,4	330,109,264	6,0,6	110	99
1388	1,4,5	90,58,123	7,2,3	119,58,125	101	99
1389	241,244,368	4,5,4	405,231,484	12,11,18	140	99
1390	34,31,53	0,0,2	86,31,83	0,0,0	149	99
1391	34,32,54	0,0,1	86,32,83	9,0,10	157	99
1392	0,1,3	0,0,1	0,1,0	9,0,10	106	99
1393	141,119,167	2,0,1	245,134,245	0,0,0	113	99
1394	20,11,36	65,47,89	25,7,25	88,28,97	101	99
1396	25,29,42	0,0,0	38,14,46	0,0,2	104	99
1397	41,25,34	3,5,6	40,20,36	8,0,4	102	99
1398	33,43,76	1,0,1	76,32,69	1,0,0	113	99
1399	6,10,4	8,6,10	7,4,3	6,1,16	120	99
1400	13,12,19	2,0,0	27,20,28	1,0,1	132	99
1402	7,3,3	62,51,89	1,3,7	95,44,83	117	99
1403	16,13,22	6,5,2	13,22,21	6,3,5	131	99
1404	87,63,149	495,360,829	195,78,149	792,406,797	107	99
1406	292,238,388	51,62,77	381,254,424	83,55,106	101	99
1407	293,210,353	100,44,122	263,183,346	146,99,157	198	99
1408	26,33,49	0,0,2	57,25,55	2,0,0	101	99
1409	131,123,185	1,0,0	186,119,259	0,0,0	198	99
1410	49,44,91	17,6,17	53,29,55	12,11,16	176	99
1412	25,20,21	1,0,0	44,22,52	1,0,1	104	99
1413	39,35,84	0,0,0	84,47,62	2,0,0	198	99
1414	46,28,33	114,101,184	41,28,41	144,85,161	198	99
1415	5,4,9	325,296,471	8,2,5	518,363,566	117	99
1416	5,6,9	17,15,21	3,2,6	11,6,18	101	99
1418	59,81,100	78,57,92	120,97,146	154,82,149	101	99
1419	42,32,70	4,3,1	116,37,112	3,1,3	105	99
1420	26,20,30	0,1,0	33,5,38	0,0,0	106	99
1421	69,41,51	5,2,5	85,84,138	3,5,4	101	99
1422	71,64,72	0,0,1	80,50,124	0,0,1	155	99
1425	386,322,427	2,4,0	359,239,419	0,5,3	102	99
1426	4,4,4	52,41,83	11,1,10	95,34,104	116	99
1427	7,7,7	35,33,35	23,21,45	99,97,116	102	99
1428	6,2,3	85,51,111	3,1,2	94,55,102	101	99
1430	45,66,75	0,0,1	64,45,81	0,0,0	103	99
1432	65,35,76	3,1,1	71,62,86	4,0,0	104	99
1433	0,0,1	41,12,29	0,0,0	33,28,47	159	99
1435	28,6,31	11,10,13	14,20,26	18,17,26	101	99
1436	120,88,164	4,3,9	165,75,148	9,2,5	110	99
1437	0,1,0	85,82,132	0,0,1	115,66,135	107	99
1438	75,53,112	0,1,3	91,59,82	2,0,0	106	99
1439	53,33,45	9,5,11	30,12,30	10,2,9	198	99
1440	0,3,0	105,99,130	1,0,1	100,77,115	151	99
1441	8,8,4	1,2,4	16,9,16	3,1,4	120	99
1442	7,2,10	323,284,565	12,2,4	491,226,496	101	99
1443	18,27,32	0,0,0	28,22,27	0,2,1	101	99
1444	0,1,0	9,7,22	0,0,1	14,5,17	101	99
1445	133,121,177	7,12,16	128,57,141	6,3,12	102	99
1447	2,1,1	22,8,19	0,0,1	20,8,19	119	99
1448	284,271,589	11,10,37	497,299,610	28,16,25	101	99
1449	6,11,12	0,0,0	11,4,9	0,0,1	115	99
1450	1,3,3	32,25,41	7,0,4	26,12,30	112	99
1452	0,0,1	0,0,0	0,1,1	0,0,1	119	99
1454	58,52,106	17,12,27	111,35,90	3,4,12	118	99
1455	101,79,193	0,0,1	241,125,226	0,0,0	131	99
1456	3,1,2	6,4,13	4,7,0	25,20,16	106	99
1457	39,37,52	10,16,15	61,9,54	10,7,15	110	99
1459	46,39,61	19,17,19	60,19,38	24,2,6	110	99
1462	0,1,1	29,39,34	2,1,0	98,27,83	129	99
1464	0,1,0	76,57,70	1,0,2	87,56,116	119	99
1465	30,15,40	3,0,1	40,24,39	0,1,3	101	99
1467	1,0,2	202,163,236	2,0,4	240,171,252	115	99
1468	4,6,14	110,84,168	12,4,4	166,62,118	101	99
1469	130,144,189	37,36,41	279,168,302	58,52,87	101	99
1470	3,0,1	14,16,24	2,1,1	34,16,30	104	99
1472	57,69,103	8,6,8	68,38,89	10,6,7	101	99
1473	1,0,1	1,0,0	3,1,3	0,0,0	102	99
1474	1,0,0	81,76,105	0,0,1	107,35,122	116	99
1476	769,848,1285	2,3,3	1707,582,1580	0,0,2	125	99
1477	2,4,2	1,2,2	6,4,0	4,1,2	102	99
1479	1,1,0	41,40,62	2,1,1	73,35,77	126	99
1480	0,0,0	0,0,2	0,2,0	14,7,8	114	99
1482	39,34,39	0,0,0	112,132,112	1,0,0	102	99
1483	55,48,80	0,0,0	57,32,58	0,0,1	101	99
1484	54,20,54	1,0,1	45,21,59	1,1,4	102	99
1485	0,0,1	0,0,2	4,3,3	1,0,1	128	99
1487	50,29,51	17,19,22	33,25,53	23,17,22	101	99
1488	15,24,25	24,14,19	31,23,41	36,22,35	101	99
1489	53,21,37	4,1,10	130,49,97	6,2,9	101	99
1490	57,31,59	33,27,58	128,39,127	118,45,121	101	99
1492	117,73,149	1,2,0	91,70,126	0,0,1	104	99
1493	0,1,3	8,1,11	5,4,3	10,1,7	103	99
1494	0,4,0	134,103,182	1,1,1	162,88,142	167	99
1496	115,59,107	6,0,2	86,47,53	3,1,0	104	99
1497	75,56,116	8,5,14	117,49,118	11,4,9	112	99
1498	6,16,13	23,22,32	30,13,20	44,14,57	107	99
1499	1,4,2	11,10,5	3,6,17	14,10,8	107	99
1500	0,0,1	3,0,5	0,1,0	1,0,3	110	99
1501	77,70,133	38,35,54	146,62,167	24,12,27	116	99
1502	3,2,4	8,6,5	3,2,2	10,2,11	149	99
1503	14,7,14	47,38,66	23,7,22	99,43,77	105	99
1507	2,0,5	9,15,25	7,2,5	17,16,23	111	99
1508	0,6,2	3,1,2	4,1,3	4,4,5	114	99
1509	9,12,7	20,21,24	10,8,22	31,18,39	114	99
1510	252,263,484	2,1,1	381,165,436	2,0,3	107	99
1511	2,1,1	40,20,61	1,4,2	69,38,64	119	99
1512	65,37,84	16,14,20	74,29,86	21,8,16	104	99
1515	9,7,6	16,18,16	12,4,8	36,18,33	101	99
1516	39,15,41	104,98,135	50,23,42	128,90,165	113	99
1517	18,13,19	6,8,12	33,14,37	14,3,4	159	99
1518	42,40,91	0,0,1	63,42,63	1,2,0	102	99
1519	12,13,15	79,90,148	9,4,9	76,19,71	101	99
1520	65,32,69	0,0,0	74,38,66	1,1,0	118	99
1521	15,19,21	32,45,42	19,11,12	62,48,66	171	99
1522	461,401,760	8,2,9	1044,466,912	15,8,6	117	99
1523	461,402,760	3,1,2	1045,466,913	9,2,2	127	99
1524	8,3,9	3,1,2	16,8,7	9,2,2	108	99
1525	4,3,6	615,438,1129	8,1,4	1688,732,1364	101	99
1526	72,53,88	0,0,2	94,49,102	0,0,2	104	99
1527	97,44,116	7,7,13	97,74,114	9,6,13	101	99
1528	2223,1516,2583	67,45,83	2387,1641,2968	77,50,99	101	99
1530	42,30,54	101,103,151	42,18,48	140,61,135	101	99
