ID	IJC_SAMPLE_1	SJC_SAMPLE_1	IJC_SAMPLE_2	SJC_SAMPLE_2	IncFormLen	SkipFormLen
0	102,64,123	0,2,2	57,46,87	11,2,8	228	99
2	0,0,1	419,299,420	0,0,1	979,650,1173	103	99
4	1283,1183,1698	1,2,3	2466,1366,2693	1,4,1	102	99
6	1,0,2	5,2,1	2,1,0	0,1,2	103	99
10	4,0,3	11,11,16	2,3,0	19,4,23	103	99
11	2,1,3	314,190,355	2,2,6	377,171,356	102	99
12	19,11,20	0,0,0	18,13,25	0,0,2	103	99
13	167,149,194	0,0,0	170,85,249	0,0,1	123	99
15	2,5,6	4,4,5	4,0,2	3,2,2	368	99
16	0,0,0	120,95,126	1,0,2	191,96,218	103	99
18	23,16,30	4,2,8	42,19,55	3,0,4	191	99
20	28,16,38	1,1,1	22,17,40	1,0,0	104	99
26	4,9,17	6,2,0	14,5,11	2,1,3	269	99
27	164,151,238	15,14,20	214,82,215	8,2,15	101	99
28	706,469,1226	43,41,73	849,814,982	77,52,59	102	99
29	0,0,0	438,325,511	2,3,4	513,319,549	103	99
34	139,115,175	19,20,16	131,49,112	20,6,9	295	99
35	153,111,181	4,4,10	131,71,150	0,3,6	105	99
36	40,27,43	37,20,39	27,16,52	30,18,28	105	99
37	4,3,5	173,145,210	0,2,3	227,177,251	119	99
40	0,0,1	100,90,140	2,0,0	228,129,193	126	99
41	46,49,54	9,7,12	64,51,60	23,14,22	114	99
45	11,9,16	0,2,0	12,4,17	5,3,8	111	99
47	36,55,77	0,0,0	66,46,76	1,0,1	186	99
49	27,36,61	36,32,58	71,16,63	40,25,53	102	99
51	1,4,13	17,10,36	4,2,2	44,16,41	157	99
53	0,0,1	257,240,280	0,0,2	346,245,389	116	99
59	107,69,123	1,3,1	98,117,144	7,13,5	142	99
60	0,0,0	112,117,188	0,0,1	162,88,200	114	99
62	41,24,48	12,12,23	44,13,45	13,4,15	104	99
66	44,41,61	0,0,0	74,42,68	1,0,0	105	99
71	72,58,89	24,33,41	125,59,122	37,24,60	102	99
72	4,5,6	68,40,47	1,2,3	55,34,66	110	99
73	2524,1855,3207	0,4,2	2536,1871,2898	10,6,6	105	99
74	0,0,0	143,127,181	0,0,1	146,116,181	101	99
76	0,3,5	11,22,26	0,0,0	13,6,11	133	99
77	132,85,170	1,0,2	147,69,135	0,0,0	333	99
79	916,833,1136	94,73,105	1252,702,1481	247,145,273	123	99
80	0,0,2	36,18,19	0,2,3	24,27,28	104	99
82	25,29,29	44,32,49	21,9,30	60,30,50	111	99
83	0,0,0	83,44,86	0,0,1	138,68,106	218	99
84	31,25,33	4,6,7	31,25,37	8,2,3	103	99
85	4,6,12	57,64,76	7,6,3	59,50,74	103	99
86	22,5,25	42,25,51	20,10,22	59,24,63	110	99
89	10,6,11	0,0,0	13,8,18	1,0,0	140	99
90	291,212,291	0,0,1	306,203,300	2,1,0	108	99
96	130,93,114	0,0,0	211,109,218	2,1,0	106	99
97	124,123,140	6,2,3	432,177,426	2,5,5	295	99
99	0,0,0	17,29,49	2,2,4	31,16,45	126	99
101	9,6,10	80,75,111	8,8,14	151,75,158	123	99
104	228,197,258	0,0,0	269,210,355	1,2,2	139	99
106	0,1,0	1055,816,1325	0,0,0	1517,795,1491	103	99
109	2,3,0	24,23,34	1,0,0	68,30,82	118	99
110	23,47,152	0,1,0	100,10,143	0,0,0	102	99
111	22,25,46	24,22,32	42,20,39	40,24,37	168	99
112	0,3,2	20,12,23	14,3,12	193,86,190	118	99
113	6,7,14	80,69,113	73,31,75	74,39,70	175	99
114	26,16,35	80,69,113	252,114,253	74,39,70	156	99
115	0,1,0	806,591,962	0,0,0	796,497,815	101	99
116	0,1,2	22,13,31	1,1,1	28,23,24	117	99
121	165,113,211	32,21,38	224,113,239	10,12,15	123	99
124	23,11,27	49,37,59	22,9,16	60,34,69	105	99
125	18,9,17	2,4,0	27,12,21	6,2,0	154	99
126	0,0,0	25,34,45	7,2,7	45,37,53	112	99
127	0,0,0	1,1,1	5,0,2	4,2,2	112	99
128	4,0,1	160,156,238	1,1,1	281,155,337	102	99
129	18,21,20	65,62,159	29,2,28	109,24,83	117	99
130	78,79,190	4,2,5	116,72,103	1,1,1	132	99
132	2,1,1	106,101,150	3,1,3	168,96,148	102	99
133	1,1,1	1698,1310,2637	5,1,4	2810,958,2228	187	99
134	2,0,3	1698,1310,2637	2,4,1	2810,958,2228	206	99
135	2,0,3	1,1,1	2,4,0	5,1,3	118	99
136	35,24,33	26,42,64	20,22,37	51,28,45	111	99
137	97,69,141	4,11,12	80,55,91	29,24,17	105	99
138	9,6,12	96,64,116	2,1,7	114,61,111	102	99
139	82,83,170	62,55,85	238,112,255	44,15,34	144	99
140	30,25,26	9,2,4	48,13,38	8,4,9	109	99
141	2,2,0	43,29,66	1,1,3	40,32,63	103	99
142	2,1,13	71,88,139	13,2,11	171,47,132	161	99
145	186,127,219	10,14,23	288,167,329	7,12,15	122	99
146	1,1,1	3,2,3	2,1,2	1,0,3	122	99
149	12,3,8	0,0,1	3,3,6	0,0,0	103	99
150	9,2,6	2,4,5	9,7,6	1,1,5	397	99
151	2,0,0	111,109,160	0,1,0	188,87,160	103	99
152	6,7,15	0,0,2	19,3,27	1,0,2	105	99
154	279,236,346	23,7,16	359,211,402	18,19,23	165	99
155	252,175,266	0,1,0	278,185,306	2,0,1	102	99
156	2,1,2	208,134,190	3,1,2	299,225,327	103	99
158	0,2,0	3570,3198,5410	0,0,0	4638,2364,5604	102	99
160	3802,3191,5398	3,3,1	4560,2525,5475	1,0,0	156	99
161	4,2,5	0,0,0	3,1,1	1,0,0	104	99
162	0,0,0	155,135,189	0,0,3	163,94,152	104	99
163	4,2,3	3,1,1	1,1,3	0,1,1	114	99
164	72,45,91	20,12,20	85,46,80	16,6,12	114	99
165	34,33,37	0,0,0	60,32,32	0,0,1	101	99
168	318,258,337	0,1,0	365,209,442	0,0,0	425	99
171	0,0,2	555,454,632	0,0,0	274,125,257	156	99
172	981,644,1055	11,10,16	1098,708,1367	0,2,0	230	99
173	1,0,0	755,602,930	1,0,1	878,574,1095	103	99
174	5,8,8	10,13,33	15,5,9	11,14,11	111	99
176	9,5,3	136,88,153	7,6,5	123,103,149	115	99
178	266,261,304	1,0,0	288,179,360	0,0,1	103	99
179	3,5,5	26,40,61	3,6,6	58,16,34	118	99
181	11,0,8	70,47,94	8,2,10	85,59,84	126	99
182	46,30,71	1,0,1	60,48,80	0,0,0	124	99
183	1,0,1	4,1,4	2,0,0	5,2,8	111	99
185	44,34,66	0,0,0	60,41,87	1,0,1	102	99
186	14,2,13	296,208,280	7,4,5	295,209,346	119	99
187	2,0,2	98,63,85	2,2,9	88,69,105	111	99
189	19,15,31	0,1,0	19,3,14	0,0,0	108	99
192	0,1,0	429,302,441	0,0,2	534,311,503	101	99
193	23,29,45	17,18,18	45,24,33	6,0,2	114	99
194	6,3,6	1,0,1	5,8,7	0,0,0	126	99
195	2,2,0	9,11,11	0,0,0	24,17,19	266	99
198	2,0,5	1028,861,1525	8,9,9	1615,885,1661	263	99
199	1,0,2	8,6,15	0,0,0	13,6,8	106	99
200	7,8,7	123,87,158	18,10,9	118,110,120	116	99
204	1,1,2	94,56,81	2,2,0	81,48,90	103	99
205	82,49,81	2,2,6	90,52,121	1,2,3	103	99
206	12,13,29	4,3,6	23,11,24	13,10,4	263	99
208	401,369,492	1,0,1	715,483,965	4,2,2	103	99
210	2,2,1	159,122,203	1,0,1	173,108,171	261	99
214	201,132,215	0,0,1	127,93,173	0,0,0	108	99
216	27,24,39	91,62,98	36,25,38	80,60,88	107	99
218	94,62,146	0,0,1	166,134,136	0,0,1	108	99
219	1,0,0	468,316,564	0,0,0	555,379,572	103	99
220	13,8,17	2,6,12	35,1,27	7,4,8	102	99
221	146,114,213	0,0,0	188,78,155	0,0,1	117	99
223	73,60,78	0,0,0	95,65,108	0,0,2	120	99
225	50,46,46	1,0,1	100,59,101	0,0,1	114	99
226	0,1,0	521,388,701	0,1,0	700,407,774	126	99
229	333,279,492	1,0,0	376,164,462	0,0,0	142	99
231	6,1,2	31,120,52	15,11,9	130,39,37	142	99
234	252,219,501	1,1,1	496,119,404	2,0,3	144	99
235	12,7,6	241,205,270	7,6,14	307,224,385	103	99
236	2,6,2	1,0,1	5,2,0	4,0,2	103	99
237	22,13,23	194,139,251	89,37,85	243,128,265	111	99
238	6,6,10	0,0,0	50,32,57	11,2,8	356	99
239	4,1,3	30,18,31	1,0,9	23,14,32	111	99
240	3,1,6	5,11,7	11,3,10	11,7,10	104	99
241	7,3,6	162,118,202	6,4,11	203,100,165	239	99
242	28,23,33	49,36,46	33,26,48	43,38,56	111	99
243	24,13,23	0,0,0	23,15,11	0,0,7	120	99
244	14,2,5	0,0,2	18,3,6	0,0,0	141	99
245	9,0,4	0,0,2	7,1,148	0,0,0	183	99
246	2,2,2	6,2,1	2,1,146	13,2,2	141	99
247	23,8,20	0,0,0	13,3,15	2,0,0	183	99
248	21,2,2	0,4,1	2,1,4	0,4,0	141	99
249	2,1,1	145,77,106	2,0,6	32,0,1	120	99
250	6,0,6	0,0,0	7,4,1	0,0,2	137	99
252	0,0,1	41604,34723,50374	1,0,0	65381,39422,80603	114	99
254	0,2,0	34,24,33	0,0,1	19,17,38	127	99
257	0,2,0	48,47,68	1,0,0	80,23,73	123	99
258	43,38,44	78,56,83	35,16,25	128,52,118	102	99
259	12,7,12	0,0,0	14,5,11	1,1,0	102	99
261	263,230,348	0,1,3	354,182,374	2,1,2	102	99
262	3,0,1	77,62,113	2,1,0	100,55,119	130	99
264	1,4,6	28,15,35	12,7,17	28,17,35	107	99
265	1,0,2	78,58,85	5,1,4	83,56,106	228	99
266	0,0,0	40,35,54	5,1,2	72,32,59	107	99
267	3,0,4	12,9,28	8,2,9	18,4,12	120	99
269	2,0,0	41,55,69	2,1,0	88,38,105	144	99
270	22,21,48	0,0,0	36,20,34	0,1,0	102	99
273	85,62,92	3,0,0	105,63,115	3,2,3	103	99
277	78,57,146	0,1,0	143,45,164	0,0,0	171	99
278	4,5,3	61,39,65	5,1,5	49,32,65	103	99
279	238,171,277	0,2,0	263,158,255	0,0,1	259	99
280	1,5,1	79,78,124	5,5,6	113,62,125	103	99
282	1,0,2	67,49,103	0,0,0	93,29,66	102	99
283	12,9,16	158,138,241	6,2,8	221,95,188	105	99
285	35,36,42	0,3,5	45,11,33	2,1,0	113	99
286	2,2,1	9,0,5	1,1,1	2,3,3	105	99
287	269,246,368	2,0,4	384,184,424	3,0,1	111	99
288	0,0,0	18,12,30	1,0,0	40,12,17	108	99
289	1,0,0	64,59,89	0,0,0	80,26,70	118	99
293	15,13,11	6,5,9	20,8,17	6,5,5	103	99
294	28,22,34	34,40,45	21,10,26	43,28,36	124	99
295	0,1,0	0,0,1	0,0,0	0,0,2	159	99
296	2,1,0	0,0,0	0,0,1	0,0,1	159	99
297	7,3,7	277,215,323	5,2,4	291,200,334	126	99
300	0,1,0	82,75,51	2,1,8	100,99,141	136	99
301	0,0,1	1227,982,1536	0,0,0	1286,970,1521	103	99
303	76,48,105	3,0,8	117,32,107	5,4,8	449	99
304	117,103,186	0,0,0	170,64,164	1,0,0	263	99
306	0,0,4	105,104,129	0,0,0	125,101,145	103	99
308	72,53,105	475,357,716	146,105,193	572,366,656	102	99
309	17,8,11	426,385,627	7,9,8	663,348,687	122	99
313	0,0,0	8,5,16	1,1,0	11,6,14	195	99
315	2,0,3	9,8,9	2,0,5	11,5,15	103	99
316	22,21,31	4,4,4	30,6,37	11,5,8	103	99
318	28,20,33	1,0,0	29,20,39	0,0,0	141	99
321	1,6,8	64,68,107	13,7,10	74,36,67	116	99
322	294,250,443	3,1,0	392,247,377	2,2,1	103	99
323	5,1,11	6,1,5	20,6,22	3,1,10	256	99
325	0,0,0	555,462,651	0,1,0	658,374,786	106	99
327	89,53,97	46,30,57	127,54,89	45,28,48	201	99
328	1,1,1	228,157,279	0,0,0	323,126,254	102	99
329	30,15,31	0,0,0	21,8,23	0,2,0	2103	99
330	23,5,25	394,333,566	50,21,47	648,278,608	135	99
331	20,17,36	0,0,0	31,22,46	4,0,0	114	99
332	5,5,6	8,3,5	13,6,4	4,1,8	112	99
334	2,1,3	15,12,18	7,3,5	23,12,17	170	99
335	0,0,1	99,91,155	0,2,2	183,87,196	123	99
337	1,0,1	934,925,1517	1,0,0	1460,745,1462	103	99
338	0,0,3	75,52,73	2,1,1	82,56,84	103	99
339	2,1,6	36,32,56	2,0,0	43,18,57	120	99
341	16,10,25	102,100,106	16,11,26	126,63,136	282	99
344	0,0,1	6,2,5	0,0,0	9,0,1	310	99
345	4,1,9	1,5,5	5,0,2	8,2,5	141	99
346	5,10,5	42,23,42	12,8,12	55,23,62	180	99
347	34,16,34	5,3,9	86,50,77	3,0,3	122	99
348	0,0,0	42,25,63	0,1,1	56,34,61	102	99
349	51,34,49	74,47,84	48,29,39	66,38,88	117	99
351	345,314,502	0,0,2	598,269,530	1,1,5	105	99
353	17,21,25	8,6,5	21,10,28	4,6,9	104	99
354	4,2,1	11,17,11	3,2,1	29,10,21	104	99
355	152,114,170	7,3,8	228,97,242	2,2,3	139	99
358	12,4,12	6,6,16	10,5,9	13,1,13	655	99
360	12,13,25	0,0,3	7,12,10	7,4,4	438	99
361	31,32,35	0,0,3	21,23,17	7,4,4	1060	99
362	19,20,17	0,1,7	14,12,12	0,1,5	721	99
364	20,24,41	5,6,12	28,18,33	18,6,14	107	99
365	2,2,1	5,5,7	8,1,9	11,0,5	107	99
367	933,716,1364	0,0,1	1892,893,1775	0,1,1	135	99
368	0,0,0	223,180,316	1,4,3	288,165,359	102	99
369	1,0,3	11,14,15	3,1,4	5,7,8	111	99
371	0,0,1	77,56,114	0,0,0	91,48,97	111	99
374	689,526,936	7,2,5	757,435,849	8,5,10	121	99
375	25,21,41	9,7,12	7,3,5	53,30,39	128	99
376	3,4,1	97,76,118	1,2,4	122,45,123	103	99
377	4,4,4	179,134,254	0,1,1	234,145,265	159	99
379	3,2,1	0,0,0	2,0,0	0,0,1	105	99
380	0,0,0	71,59,65	0,1,0	46,31,48	103	99
381	1,0,4	24,12,47	1,0,0	34,9,34	103	99
387	11481,9009,12763	23431,19177,26688	19625,13892,24848	23485,16473,28486	110	99
388	3,1,6	1,0,2	6,2,2	13,5,17	101	99
389	43,31,54	0,3,0	30,2,32	1,2,4	105	99
390	1,1,1	0,0,0	2,2,3	0,0,1	105	99
391	1,0,1	72,43,77	0,0,0	54,38,95	165	99
392	0,0,0	613,459,735	1,0,1	714,599,893	104	99
393	234,129,268	3,1,4	252,167,319	0,0,0	123	99
394	844,649,850	0,1,0	501,293,565	0,0,0	364	99
395	1496,1063,1583	19,17,18	984,598,1134	16,5,12	104	99
396	31,25,49	11,9,24	48,19,43	16,5,12	114	99
398	0,0,2	164,158,224	6,2,3	263,108,245	130	99
399	78,72,91	0,0,1	117,84,132	0,0,0	279	99
400	11,9,7	1,0,3	21,7,12	6,5,9	157	99
401	58,76,145	1,0,0	149,54,104	0,0,0	101	99
405	1,0,1	69,62,133	8,2,3	157,57,181	103	99
406	5,3,7	11,9,18	2,1,5	35,9,28	208	99
407	212,152,286	3,4,5	256,182,286	3,2,0	126	99
408	36,53,76	66,60,74	56,33,56	113,58,136	103	99
409	3,2,2	505,326,535	1,1,1	558,355,687	103	99
411	69,65,110	7,5,10	62,25,65	90,52,98	126	99
413	42,41,74	0,1,0	58,32,55	1,0,0	270	99
414	10,18,11	21,16,29	34,15,35	18,7,25	118	99
415	3,3,2	21,16,29	11,2,9	18,7,25	127	99
416	0,0,0	7,15,9	4,2,3	27,15,29	108	99
418	134,96,202	2,0,0	163,97,209	1,0,0	111	99
420	3,4,4	13,8,16	5,2,9	10,2,17	103	99
421	0,0,1	436,338,552	0,0,0	492,254,559	102	99
425	0,0,1	50,33,67	0,0,0	49,32,53	171	99
426	206,162,328	3,1,1	306,158,355	2,0,1	198	99
427	71,42,51	2,1,2	33,29,45	0,0,1	117	99
428	212,182,283	1,1,0	215,152,247	4,2,1	102	99
430	70,49,104	4,9,14	109,59,93	2,0,1	150	99
431	4,2,1	0,0,0	0,2,3	0,0,4	106	99
434	58,37,60	124,97,128	63,43,79	79,71,124	122	99
440	11,14,16	3737,3250,4519	12,7,31	4299,2797,5693	102	99
442	0,0,1	1212,1311,1881	1,0,0	2177,1125,2402	139	99
443	94,73,101	2349,1993,2964	95,58,106	3279,1776,3608	117	99
445	0,0,2	57,60,84	0,0,1	69,46,81	117	99
447	0,3,0	427,368,673	0,2,0	508,286,442	120	99
451	46,53,72	0,1,0	76,44,85	0,0,1	102	99
452	116,86,194	0,0,0	171,105,220	0,0,1	185	99
454	2,0,1	45,27,57	0,0,3	47,32,62	102	99
456	19,12,15	0,2,1	12,8,22	5,0,8	127	99
457	1,2,2	82,63,90	1,0,0	93,54,115	144	99
458	2,1,1	130,85,176	4,2,3	145,82,191	103	99
459	2,2,2	13,18,17	1,0,0	31,6,31	113	99
460	187,160,282	1,0,0	301,135,308	0,0,0	159	99
462	0,3,3	1,0,0	0,1,0	7,3,3	219	99
464	291,261,405	4,5,9	408,219,482	0,0,0	408	99
466	0,2,0	15,17,32	0,0,0	36,11,33	111	99
467	1206,861,1515	0,0,0	1307,794,1470	3,0,0	102	99
468	2,5,8	0,0,1	5,0,3	0,0,0	106	99
469	6,8,9	32,22,39	15,4,11	32,18,34	455	99
471	13,8,14	47,38,50	9,4,5	63,44,93	104	99
473	69,47,61	6,5,7	101,88,162	15,9,21	181	99
474	72,50,63	7,0,3	103,90,163	0,4,3	196	99
475	9,8,9	7,0,3	17,11,22	0,4,3	114	99
477	0,0,1	457,299,488	6,5,7	560,344,666	104	99
478	1,1,0	55,42,46	0,0,2	72,40,72	104	99
484	6,3,5	120,80,151	9,0,13	65,25,79	108	99
485	1,0,1	44,35,37	0,1,1	45,26,39	104	99
486	26,13,24	0,0,0	60,27,52	0,0,3	143	99
487	0,0,0	204,229,435	1,1,0	701,238,564	165	99
490	16,19,41	0,0,0	35,19,53	1,0,3	159	99
491	24,22,20	0,1,0	32,20,31	0,0,1	228	99
492	6,8,15	1,1,2	24,11,16	3,0,0	228	99
494	1200,931,1549	8,7,10	1677,965,1795	3,6,6	102	99
495	0,0,0	67,55,85	1,0,0	123,44,114	102	99
496	0,0,2	101,79,137	1,1,0	185,106,112	103	99
498	9,5,12	491,551,769	28,5,20	1108,407,1046	156	99
499	576,667,855	1,3,3	1129,527,1160	0,1,0	114	99
500	845,673,977	0,0,0	1236,738,1464	0,0,1	117	99
501	1,0,1	26,24,27	0,0,2	17,3,23	135	99
504	0,0,0	84,46,118	0,1,0	125,70,142	105	99
505	48,37,86	67,68,89	67,46,94	115,67,117	102	99
506	28,29,70	0,2,4	56,20,59	1,0,0	115	99
508	54,57,85	0,0,0	85,37,80	0,0,2	180	99
510	2,3,2	0,1,0	0,0,6	3,0,4	103	99
511	0,0,0	0,2,0	1,1,1	0,0,1	104	99
512	1,2,1	2,0,0	1,2,0	0,0,0	170	99
513	2,2,4	9,3,11	2,1,10	6,1,5	103	99
514	0,0,0	0,0,2	0,1,0	0,0,0	103	99
516	0,0,0	177,119,165	2,0,0	180,145,254	103	99
519	1,1,3	0,1,0	8,6,8	0,0,3	109	99
520	14,18,31	0,1,0	48,27,38	0,0,0	126	99
521	28,27,32	15,20,35	54,30,57	38,26,35	126	99
522	5,4,9	5037,4529,7190	15,5,20	6859,3171,6978	104	99
523	1,3,3	8437,7001,10458	1,0,2	8831,5915,10571	103	99
524	0,2,3	3,3,3	1,0,2	2,6,2	103	99
526	27,18,49	2,0,1	37,15,32	0,1,0	109	99
529	12,16,18	2,0,0	20,16,29	3,1,4	143	99
530	33,32,56	0,0,0	47,25,50	0,0,1	123	99
531	1,0,2	1268,1059,1611	0,0,1	1450,996,1662	103	99
532	0,2,0	95,83,134	0,0,0	100,84,140	102	99
533	23,21,33	3,7,8	7,6,6	7,2,19	107	99
536	1,3,0	68,54,79	5,0,2	67,36,81	119	99
537	2,2,2	2,4,10	2,0,4	9,5,7	297	99
538	2,2,2	1,0,0	2,1,4	0,0,0	367	99
539	2,4,10	1,0,0	9,6,7	0,0,0	169	99
541	91,69,128	12,9,7	88,59,92	11,5,9	120	99
545	37,27,36	0,2,1	46,17,41	1,0,0	115	99
547	2,6,8	11,18,30	1,0,7	29,16,19	102	99
549	31,26,46	12,9,15	46,12,44	6,10,16	111	99
551	4,1,0	32,20,54	0,6,6	66,42,83	121	99
552	1,0,2	2,3,4	1,1,0	1,0,0	105	99
553	750,728,1072	1,0,8	1269,565,1448	1,0,1	102	99
554	1,2,0	0,0,0	3,0,2	0,0,2	105	99
556	5,4,8	70,43,95	29,9,15	113,41,89	208	99
558	57,32,73	5,9,4	51,40,80	17,5,19	105	99
560	14,11,19	2,0,2	20,20,30	0,0,0	132	99
561	12,11,20	2,0,2	13,6,17	0,0,0	197	99
562	12,11,20	14,11,19	13,6,17	20,20,30	164	99
563	22,18,36	1,2,0	32,19,31	1,1,0	129	99
564	12,8,13	972,787,1037	10,16,21	1404,908,1808	620	99
566	31,33,56	6,5,11	73,41,81	14,12,18	111	99
567	1,0,0	158,137,217	0,0,0	131,102,150	210	99
568	1,0,0	311,253,454	1,1,1	460,241,408	123	99
569	0,0,1	226,206,346	0,1,0	379,228,384	103	99
571	1,0,0	267,211,296	2,3,3	279,184,259	109	99
572	0,0,3	0,0,0	2,0,2	0,0,1	104	99
577	1,2,3	8,1,2	8,2,5	0,3,4	103	99
579	5,2,4	36,42,66	7,3,4	69,29,58	104	99
581	4,1,3	35,27,54	5,0,4	46,43,47	103	99
583	0,1,0	4827,4690,6986	0,0,0	7429,3491,9508	103	99
584	0,0,1	0,0,2	3,0,0	0,0,0	103	99
585	3,1,0	54,58,68	10,7,7	90,55,87	114	99
589	0,0,0	53,45,74	0,0,1	79,51,67	139	99
590	400,323,521	8,5,20	446,280,449	18,10,23	102	99
591	50,34,74	290,202,382	143,71,174	335,144,368	102	99
593	19,15,31	0,1,0	41,25,41	0,0,1	102	99
594	59,43,63	0,0,0	95,57,127	1,0,3	105	99
597	1,6,1	8,10,18	13,9,4	10,7,11	103	99
598	22,11,13	20,25,34	16,17,21	31,21,41	131	99
599	513,559,612	0,0,0	435,222,495	2,1,0	108	99
600	151,161,241	1,1,2	238,154,342	2,2,1	102	99
601	1529,637,1981	0,0,0	2204,844,1516	82,0,57	117	99
602	623,322,777	21,14,28	1136,405,751	31,20,28	117	99
603	623,320,777	0,0,0	1123,404,744	1,1,0	117	99
604	680,330,821	0,0,0	1142,441,752	1,1,0	138	99
605	57,12,44	0,2,0	19,38,8	0,1,0	120	99
606	663,376,859	1,0,0	1299,495,875	0,0,0	138	99
609	15,11,23	324,270,465	55,20,51	419,246,438	120	99
612	69,35,90	72,53,100	61,31,69	102,70,114	102	99
616	134,108,171	14,8,11	147,93,171	16,7,23	105	99
617	0,0,0	24,17,27	1,0,1	41,17,48	104	99
619	116,83,135	1989,2149,3096	126,75,129	4995,1621,4881	106	99
621	0,0,1	3320,2558,3596	0,0,1	5693,3212,5790	103	99
624	0,0,0	77,43,93	1,0,1	72,28,68	135	99
626	4,0,2	84,57,91	2,1,2	112,73,105	131	99
627	64,84,138	13,9,9	128,61,147	7,0,3	132	99
628	32,44,72	0,0,2	83,29,89	0,0,0	129	99
629	38,16,67	8,3,4	30,20,32	3,2,3	291	99
630	6,8,7	283,205,384	7,5,10	366,174,386	103	99
631	293,218,397	0,0,1	393,185,410	2,0,1	120	99
632	107,85,161	7,6,0	139,77,185	14,12,18	152	99
633	15,9,12	26,21,57	33,17,39	12,9,18	103	99
635	4,4,3	158,113,198	2,2,2	177,65,173	101	99
637	16,10,40	1,0,0	32,13,28	0,0,0	105	99
640	229,192,287	0,0,0	230,172,297	0,0,2	164	99
641	145,133,213	3,2,1	218,120,254	2,1,3	159	99
642	52,54,84	4,3,4	50,29,70	12,1,8	108	99
643	8,4,10	525,369,563	5,2,11	738,514,897	142	99
644	0,0,1	683,502,763	0,0,0	758,495,829	103	99
645	2,0,1	164,92,183	0,1,5	249,133,275	102	99
646	4,1,8	125,94,159	3,1,1	163,73,141	126	99
648	45,60,118	1,0,0	78,49,84	0,0,0	210	99
649	312,250,484	2,7,4	434,246,425	7,3,6	111	99
650	10,7,9	2,2,7	6,11,11	3,2,5	320	99
651	296,237,362	0,0,0	387,201,407	1,0,0	114	99
652	8,8,8	9,4,10	26,17,27	4,14,17	223	99
653	9,9,5	391,327,588	7,1,3	470,336,541	103	99
655	66,48,83	1,1,0	103,90,135	0,0,1	129	99
656	49,38,63	0,0,0	56,40,86	0,0,2	129	99
657	28,24,33	0,0,0	30,21,57	0,0,2	133	99
658	3,2,0	24,16,30	1,0,5	27,19,34	103	99
659	137,99,183	0,0,0	198,118,196	0,0,1	183	99
661	2,1,3	110,83,166	0,3,0	146,88,174	103	99
662	5,3,9	0,0,0	2,3,4	0,0,2	144	99
663	2,6,8	11,9,8	6,6,5	16,4,18	105	99
665	119,88,162	8,9,8	117,104,163	4,4,6	126	99
666	1,6,13	209,176,311	8,1,7	354,120,343	103	99
667	11,11,27	5,3,5	22,10,32	6,3,3	111	99
670	371,332,464	23,24,29	569,334,689	28,7,21	243	99
671	30,13,17	17,5,9	20,4,29	13,2,11	125	99
672	6,5,5	939,682,1161	7,6,1	1121,638,1242	174	99
673	180,118,224	0,1,2	180,86,195	2,4,4	136	99
674	4,7,18	33,10,28	21,16,29	11,11,12	103	99
675	5,0,1	29,26,46	2,0,0	23,22,37	154	99
676	1,0,0	30,15,23	0,1,0	26,12,14	156	99
678	38,28,54	1,0,0	33,21,29	0,0,0	338	99
680	0,0,1	33,25,28	0,3,1	40,22,32	105	99
681	1,0,3	0,6,1	7,3,4	3,0,4	102	99
683	0,0,1	0,0,0	3,0,1	0,1,0	106	99
685	40,39,39	0,0,0	41,33,51	0,0,2	262	99
687	0,0,1	25,13,34	0,0,3	17,4,15	181	99
690	5,8,17	13,6,21	22,10,31	18,13,29	296	99
691	59,48,70	21,20,23	89,48,96	20,20,31	103	99
692	0,1,0	160,71,155	2,0,0	156,86,170	105	99
693	0,0,0	193,173,221	4,0,0	187,87,177	164	99
694	202,135,187	14,9,17	206,140,315	6,6,18	144	99
695	160,111,217	6,1,6	152,119,180	10,7,8	107	99
696	1,0,0	125,98,154	4,2,1	165,95,160	103	99
698	0,2,1	22,16,19	3,2,4	15,13,13	336	99
699	137,53,136	1,0,0	104,71,123	0,0,0	285	99
700	13,9,9	21,15,23	11,21,26	7,4,8	159	99
704	99,74,128	2,0,0	146,70,121	0,1,1	155	99
705	119,95,166	0,0,0	79,58,103	2,1,0	469	99
706	0,0,0	19,17,34	0,0,2	17,7,18	161	99
710	5,6,4	4,0,9	20,9,19	10,5,18	130	99
712	7,1,5	112,72,171	11,9,29	82,44,85	136	99
715	32,24,53	0,1,2	46,7,55	8,2,4	120	99
717	0,1,0	1,0,1	0,1,1	2,1,4	228	99
718	0,2,0	6,2,5	0,1,2	2,4,11	245	99
719	1,1,1	6,2,5	2,1,5	2,4,11	116	99
720	6,4,8	21,15,25	5,9,2	23,16,23	228	99
721	6,5,8	81,56,84	5,9,3	132,74,127	245	99
722	21,16,25	81,56,84	23,16,24	132,74,127	116	99
724	71,63,103	167,170,236	100,49,139	332,145,327	102	99
725	10,8,18	13,16,25	18,7,9	39,20,46	117	99
726	0,0,0	46,19,33	0,1,0	41,10,47	123	99
727	3,3,5	35,38,47	5,8,15	59,24,60	138	99
728	0,0,0	55,51,110	0,1,0	74,35,66	107	99
729	1,0,1	10037,8540,12686	0,0,2	15890,9955,18414	103	99
730	32,28,51	0,0,1	43,28,57	0,0,0	272	99
731	21,33,44	48,29,70	28,17,38	64,31,48	105	99
733	406,375,462	1,0,2	543,312,535	3,1,1	214	99
734	3,2,0	44,61,77	4,3,1	62,32,67	123	99
736	12,17,22	5,1,13	23,5,20	16,2,6	134	99
737	0,0,0	215,203,338	4,3,4	390,161,460	166	99
738	29,35,46	16,12,20	68,26,81	10,4,23	114	99
739	17,9,18	13,21,41	68,30,97	24,8,32	191	99
740	12,11,11	199,150,214	9,8,15	228,139,276	192	99
741	0,1,1	162,128,191	2,0,0	216,143,247	114	99
742	81,76,90	2,3,0	76,74,102	2,0,2	177	99
745	60,71,66	61,46,66	137,88,155	23,5,18	120	99
746	1486,1121,1995	0,0,0	1588,1147,1876	1,0,1	255	99
748	1,0,2	51,27,59	1,0,1	48,36,53	103	99
749	6,8,12	7,11,10	27,11,24	27,8,26	187	99
750	3,2,3	23,32,37	10,3,5	47,13,34	114	99
752	189,138,206	0,0,1	196,103,208	9,1,3	105	99
753	0,2,0	15,13,20	1,2,0	15,7,19	140	99
760	4,2,0	311,217,392	0,0,2	468,277,505	102	99
761	1,1,4	276,212,420	5,6,4	463,251,400	117	99
762	0,0,0	86,63,146	0,0,1	195,78,148	103	99
763	0,0,0	495,360,829	0,0,1	792,406,797	103	99
765	84,79,140	0,0,0	124,79,124	0,1,0	1044	99
766	182,160,273	31,11,27	209,112,155	12,14,28	138	99
767	95,58,133	0,0,0	158,73,131	2,0,0	253	99
769	0,0,0	22,12,29	2,1,1	45,27,53	102	99
770	117,97,139	2,5,3	76,31,71	7,1,11	183	99
772	41,25,40	0,0,0	42,18,46	4,3,0	147	99
774	0,0,1	61,61,87	2,0,1	118,51,106	105	99
775	138,146,205	12,11,17	234,83,208	26,6,27	105	99
776	7,5,6	19,25,21	7,3,8	15,6,18	324	99
777	1,1,0	28,12,19	0,0,1	15,18,34	174	99
780	46,44,50	2,5,3	49,32,76	2,1,6	140	99
781	4,6,7	0,0,0	7,2,3	0,0,1	131	99
782	3,3,2	5,4,15	0,1,3	4,2,7	156	99
783	126,121,237	155,130,245	271,113,277	274,113,276	111	99
785	0,1,4	48,46,70	1,2,1	40,20,42	104	99
786	1,1,4	37,29,65	10,3,10	62,32,65	246	99
787	4,0,1	893,675,888	53,20,56	1045,779,1285	103	99
788	12,10,23	35,32,47	3,0,4	92,27,80	104	99
789	3,2,2	42,46,70	1,0,0	53,33,65	168	99
795	11,5,2	0,3,1	7,5,13	8,6,6	111	99
796	10,7,15	76,74,110	11,8,16	53,19,42	125	99
797	16,15,21	911,721,1203	23,18,22	1504,777,1477	103	99
798	1,0,0	1,2,2	0,0,1	4,1,2	101	99
802	93,59,108	1,5,5	164,102,203	0,2,0	312	99
803	2,2,3	45,32,77	1,3,5	84,29,94	109	99
805	64,60,61	0,0,0	103,45,108	8,4,2	119	99
807	2,6,6	48,46,72	7,3,7	81,51,72	117	99
808	0,0,1	83,63,127	0,0,0	147,70,109	117	99
809	224,139,268	0,0,1	280,184,336	0,1,0	198	99
810	13,9,19	7,0,9	16,7,18	7,3,9	116	99
811	3,4,4	53,54,81	1,3,4	80,41,100	103	99
812	0,0,1	0,3,4	2,0,1	4,0,0	104	99
814	7,8,12	1,0,0	20,14,25	0,1,0	163	99
815	76,57,83	0,0,0	66,22,72	0,1,2	111	99
816	371,282,542	0,0,1	475,196,529	0,0,0	114	99
818	315,240,372	15,0,9	407,254,450	16,6,15	105	99
819	87,51,112	24,23,50	125,74,119	9,11,17	197	99
820	33,23,43	113,84,176	34,9,30	197,107,181	125	99
821	7,4,3	74,63,111	14,9,21	64,25,53	199	99
822	0,0,0	2,2,0	2,0,1	0,0,1	199	99
