ID	IJC_SAMPLE_1	SJC_SAMPLE_1	IJC_SAMPLE_2	SJC_SAMPLE_2	IncFormLen	SkipFormLen
0	51,29,65	2,0,7	43,29,50	11,10,9	231	99
1	151,93,181	0,2,2	89,65,128	11,2,8	360	99
2	0,1,4	33,23,25	1,0,0	27,19,25	221	99
3	0,2,0	1,0,6	0,1,0	11,1,9	204	99
5	0,0,1	44,61,75	1,0,1	102,18,153	175	99
6	1,0,1	82,52,114	2,0,0	146,94,156	233	99
7	2,1,4	27,27,16	5,2,4	43,28,57	215	99
8	10,19,16	223,182,300	6,5,6	213,150,274	185	99
9	48,35,56	29,18,40	18,10,18	147,108,161	220	99
10	5,4,9	308,178,315	8,7,12	391,210,391	202	99
11	1,0,0	15,14,25	0,0,0	27,10,18	235	99
13	2,3,4	17,16,14	0,0,0	40,24,40	193	99
14	1,0,0	8,9,26	0,1,0	19,18,29	208	99
15	1,1,1	44,46,69	1,1,9	125,39,146	295	99
16	7,4,8	0,0,0	45,28,52	0,0,1	201	99
18	0,0,1	0,0,0	2,2,4	2,0,3	177	99
19	1,0,0	1986,1339,2321	0,0,0	2457,1784,2696	185	99
20	1,0,0	93,91,138	0,0,1	110,63,140	190	99
21	0,1,2	45,34,41	5,4,5	61,38,95	191	99
23	56,50,76	3150,2253,4270	60,35,73	3348,2662,3793	182	99
25	0,3,2	71,44,96	0,0,0	50,31,68	180	99
26	13,7,11	0,1,0	19,10,16	0,0,0	247	99
29	1,3,1	75,30,70	0,0,2	56,38,71	269	99
31	1,0,0	137,44,102	0,0,0	87,62,101	213	99
32	25,10,17	236,183,362	15,14,23	355,183,344	425	99
34	10,14,21	5,4,9	18,10,26	13,3,4	193	99
35	5,8,8	1,0,0	3,2,4	2,1,1	180	99
36	10,9,17	0,0,1	12,12,15	0,0,0	198	99
37	8,9,17	3,5,8	12,12,15	25,9,27	174	99
39	22,15,36	145,101,171	23,17,20	187,119,211	175	99
40	0,1,2	7,6,10	0,0,0	8,3,12	177	99
41	0,0,0	1368,1026,1384	0,1,0	3286,1301,2775	192	99
42	0,0,0	245,185,334	0,0,1	346,121,291	177	99
44	271,147,403	12,18,36	297,292,299	30,20,19	152	99
46	1,1,0	10,5,11	0,1,0	21,14,13	202	99
47	27,19,18	407,350,486	22,12,26	498,314,574	436	99
48	0,1,2	1016,710,1297	3,2,1	1534,807,1853	174	99
49	38,35,57	3,3,1	49,33,41	0,1,10	174	99
50	2,0,1	139,81,141	1,0,1	135,72,128	190	99
52	4,4,10	137,67,130	3,1,2	122,70,116	221	99
53	12,8,15	4,1,3	16,13,15	3,4,4	163	99
54	1,8,3	11,23,19	5,2,4	33,11,12	185	99
57	3,5,5	0,0,3	3,2,8	1,0,0	190	99
58	0,2,0	60,55,92	1,0,0	95,35,81	183	99
60	0,0,0	25,9,35	0,1,0	29,17,39	194	99
61	0,1,0	45,31,68	1,0,0	38,28,33	180	99
62	5,4,9	241,170,345	5,7,3	395,209,441	239	99
64	20,16,13	2,1,0	14,12,17	3,1,1	264	99
68	0,1,1	0,1,0	0,0,0	2,0,1	730	99
69	5,4,18	62,45,84	11,11,9	94,51,76	309	99
70	1,2,3	118,116,200	0,0,2	133,75,175	298	99
71	3,3,1	51,34,62	4,2,2	139,44,137	211	99
72	52,40,68	74,33,74	26,11,21	86,44,81	165	99
73	0,1,0	79,61,99	0,0,0	99,80,114	215	99
74	13,12,10	830,673,1169	22,11,19	1671,889,1599	162	99
76	1,1,1	34,38,73	0,0,2	99,43,97	288	99
77	4,5,3	22,17,38	8,5,10	42,24,47	208	99
81	9,9,16	9,11,15	13,13,12	51,26,54	235	99
83	5,2,2	0,1,0	2,6,6	3,1,0	211	99
85	5,1,2	71,65,85	1,1,1	81,67,81	377	99
86	4,11,4	0,0,5	7,4,7	1,2,2	231	99
90	17,12,14	2,0,0	25,20,35	0,0,1	249	99
91	5,2,3	0,0,1	3,0,5	0,1,0	210	99
94	1,3,1	0,0,0	0,1,1	4,2,2	312	99
95	17,3,13	180,162,237	15,9,18	301,214,374	168	99
100	0,0,0	13,10,10	1,0,0	26,12,25	165	99
101	2,0,4	7,4,4	1,0,2	12,12,11	221	99
103	3,6,1	1,0,0	4,7,11	4,0,1	183	99
104	2,0,1	30,33,41	0,0,0	32,28,31	192	99
105	0,0,0	143,127,181	0,0,1	146,116,181	177	99
107	3,2,2	15,15,24	0,2,0	17,10,14	201	99
108	0,0,2	0,0,0	0,0,2	0,1,1	180	99
109	1,1,3	18,6,18	3,1,2	24,14,22	162	99
110	2,0,0	12,10,25	2,0,0	21,16,35	168	99
111	6,5,23	68,68,100	4,2,7	109,71,119	189	99
112	2,3,2	33,17,40	1,0,0	44,22,46	231	99
113	1,3,1	17,20,21	0,0,0	102,34,77	203	99
114	0,0,0	113,82,169	0,0,1	129,70,125	182	99
117	21,20,37	103,89,123	18,15,18	326,157,333	174	99
118	1,0,3	82,96,161	3,2,3	137,61,110	213	99
119	2,2,3	5,2,4	2,2,3	4,6,11	169	99
121	10,4,11	149,107,149	5,5,11	126,92,195	266	99
122	0,0,0	78,41,60	0,3,2	78,43,98	171	99
123	62,69,102	0,0,0	51,47,83	1,1,0	270	99
128	4,1,5	39,24,48	5,4,3	43,28,42	186	99
129	5,10,10	7,6,6	8,3,18	14,4,21	210	99
130	0,0,2	6,9,17	1,0,0	15,9,15	180	99
133	4,1,3	4,4,6	2,4,3	10,2,4	474	99
134	0,0,3	33,17,26	2,0,1	22,26,18	264	99
135	74,47,100	23,30,97	111,42,120	47,27,58	234	99
136	4,3,7	274,267,383	3,2,3	375,199,473	186	99
137	87,60,64	79,85,114	41,20,51	125,66,153	186	99
140	2,0,0	102,56,103	0,0,0	111,54,115	195	99
142	0,1,1	26,24,34	0,0,1	28,14,38	273	99
143	10,9,16	15,26,26	11,6,9	32,9,30	2174	99
144	3,5,5	6,1,4	3,1,7	4,6,3	303	99
145	7,0,11	145,155,146	5,3,13	509,213,486	269	99
148	3,3,0	0,0,0	0,2,5	2,0,2	213	99
149	3,3,0	64,37,49	0,2,5	71,34,87	199	99
150	0,0,1	25,18,48	0,0,0	45,17,27	192	99
151	0,0,0	105,69,99	0,1,0	142,79,125	180	99
152	0,0,1	79,82,102	0,0,0	129,56,134	182	99
153	1,2,2	23,15,43	0,1,1	30,7,28	309	99
154	2,1,3	426,378,676	3,1,3	1028,427,1095	458	99
155	2,1,6	28,29,55	2,1,5	64,34,65	238	99
160	7,4,13	40,27,54	4,2,10	45,34,50	197	99
161	8,6,16	172,137,212	9,5,12	340,228,377	211	99
163	0,0,2	124,100,199	0,0,0	146,85,136	241	99
165	1,2,3	10,10,32	1,1,1	39,10,28	180	99
166	3,1,2	152,143,236	10,5,8	275,148,295	186	99
169	15,18,39	24,35,40	24,10,18	101,42,118	197	99
170	2,2,1	360,281,495	2,0,0	500,334,633	173	99
171	4,4,5	217,158,302	4,8,6	224,155,287	183	99
172	0,1,2	0,0,3	1,2,1	1,0,0	165	99
174	8,2,7	5,2,6	2,0,8	16,7,14	167	99
179	4,2,6	61,65,95	4,6,6	74,56,64	212	99
180	1,1,0	983,790,1115	0,0,0	902,584,915	185	99
181	2,4,12	0,1,4	7,3,3	0,0,0	165	99
182	0,0,0	158,111,201	0,1,0	259,134,281	210	99
183	0,0,0	17,12,15	1,0,0	21,20,9	198	99
186	2,1,3	24,16,26	1,1,1	43,23,44	192	99
187	30,18,41	757,570,834	27,16,33	718,487,944	164	99
189	0,0,0	39,23,29	0,0,2	51,36,56	181	99
190	0,0,0	498,342,653	0,0,1	719,374,710	171	99
191	7,3,8	0,0,0	5,3,14	4,0,1	255	99
193	2,2,5	4,1,1	4,5,4	5,2,6	182	99
194	1,0,0	13,10,13	0,0,0	15,7,13	271	99
196	0,1,3	1162,891,1453	0,0,1	1803,1014,1986	227	99
198	2,0,4	139,78,131	0,1,1	117,78,127	186	99
199	4,1,0	123,108,219	0,0,1	171,107,180	238	99
200	0,1,4	1698,1310,2637	4,1,1	2810,958,2228	416	99
201	0,1,4	1,1,1	4,1,0	5,1,3	328	99
202	0,1,4	2,0,3	3,1,0	1,4,0	309	99
203	0,0,1	17,10,22	0,0,1	14,11,27	204	99
204	82,41,95	74,34,82	68,47,76	70,68,96	183	99
205	3,2,3	166,105,220	0,0,3	216,165,200	232	99
206	14,10,18	467,330,525	12,9,17	444,304,550	502	99
207	28,30,32	22,23,38	25,20,45	33,11,33	711	99
208	3,5,6	126,74,111	2,3,3	112,82,112	694	99
210	306,232,382	41,34,67	264,239,337	53,32,61	666	99
212	15,14,32	0,1,1	31,19,32	2,2,5	186	99
213	0,2,3	0,1,2	3,0,0	2,2,0	201	99
214	4,0,2	47,33,65	0,1,1	51,32,49	191	99
215	68,64,102	0,8,8	119,72,115	4,2,10	276	99
216	1,3,4	102,96,179	4,9,20	188,104,175	203	99
218	7,4,9	1106,969,1610	0,0,3	1421,574,1470	192	99
219	0,1,0	56,46,62	0,0,0	56,34,57	185	99
220	0,0,1	760,522,904	0,1,0	628,362,740	195	99
221	6,8,4	7,5,8	5,7,8	25,9,30	168	99
223	0,0,1	26,30,46	2,0,1	41,33,57	244	99
224	1,0,0	9,21,25	0,0,0	20,16,32	192	99
225	12,5,13	474,338,534	9,4,11	515,396,583	190	99
226	2,7,7	281,253,312	3,1,8	350,198,457	192	99
227	0,0,0	17,20,19	0,0,2	11,6,20	172	99
228	5,3,1	97,59,101	3,1,3	106,93,148	202	99
229	5,3,1	0,0,0	2,1,1	2,2,0	199	99
231	9,11,8	125,94,169	9,11,7	221,98,208	195	99
232	1,0,0	46,41,72	0,0,0	64,29,64	178	99
235	2,3,0	165,119,167	0,0,0	179,86,162	189	99
236	42,41,35	0,1,2	57,34,87	1,1,0	201	99
237	2,0,4	33,40,51	5,0,4	77,50,98	192	99
238	21,11,13	221,176,233	22,9,17	283,155,274	365	99
239	8,8,14	3,0,0	4,8,2	2,1,3	215	99
240	5,4,13	69,42,56	6,1,4	93,58,106	214	99
241	1,1,0	64,39,59	0,0,1	42,37,70	214	99
244	3,4,4	20,12,10	1,0,2	8,4,10	395	99
247	1,0,1	1191,791,1324	0,0,0	915,572,1060	191	99
248	1,0,6	69,48,66	1,3,3	50,17,23	277	99
249	0,1,0	153,103,204	0,1,0	146,84,177	185	99
251	0,4,1	3,1,5	1,0,0	5,0,4	210	99
252	1,2,0	14,5,10	0,1,0	12,7,18	184	99
253	1,1,0	178,160,234	0,0,0	269,163,310	168	99
254	110,92,115	898,676,1065	123,43,171	1038,690,1308	183	99
256	3,0,5	86,68,100	3,2,1	128,85,122	179	99
257	18,19,26	13,9,11	7,4,8	24,5,5	180	99
258	19,18,22	1087,834,1430	25,14,16	1405,968,1476	197	99
259	2,1,3	187,126,217	5,1,1	185,137,213	198	99
260	1,3,3	183,137,190	0,0,1	198,139,232	178	99
261	1,1,2	19,7,19	1,0,3	13,4,21	233	99
263	1,1,3	18,14,25	0,1,4	25,12,25	638	99
264	0,1,0	7,18,19	0,0,1	25,7,23	180	99
267	0,0,0	1,0,2	1,0,0	5,9,3	167	99
268	1,1,0	0,0,0	3,2,0	0,1,0	232	99
269	0,1,0	41,28,55	1,1,2	60,34,41	189	99
271	11,7,11	0,0,2	7,14,8	3,1,4	190	99
274	63,38,68	0,0,2	88,41,76	0,0,0	221	99
275	5,9,11	330,317,431	5,1,7	515,236,398	203	99
278	8,3,3	262,201,313	4,10,2	326,212,320	211	99
279	0,1,4	102,88,131	1,1,0	171,90,192	177	99
280	0,0,1	64,86,117	0,2,0	133,88,172	180	99
283	0,0,0	210,150,262	1,0,0	193,123,199	200	99
284	5,3,1	204,149,253	4,5,4	173,124,225	236	99
286	1,0,0	73,30,43	0,0,0	48,29,57	292	99
287	3,1,1	102,72,138	0,0,0	135,71,168	207	99
288	0,0,0	44,33,46	0,0,1	41,21,54	185	99
291	1,4,4	84,51,75	2,5,3	104,91,97	181	99
293	2,1,1	0,1,1	3,0,0	1,0,0	228	99
294	2,2,2	81,58,128	0,1,0	96,40,112	178	99
297	2,1,1	0,1,0	3,2,3	0,0,3	225	99
298	52,20,43	56,42,54	18,20,23	112,61,113	176	99
299	15,8,26	310,260,445	12,3,18	498,240,512	428	99
300	0,0,0	68,76,113	0,0,1	92,57,114	187	99
301	0,0,1	794,632,949	1,3,0	1026,598,1071	184	99
304	1,2,1	568,370,688	2,2,1	524,369,579	192	99
305	1,1,2	53,55,66	2,1,0	101,55,129	213	99
307	1960,1379,2488	19,6,17	2027,1460,2370	17,6,10	147	99
308	2,0,0	91,80,117	0,0,0	136,81,135	189	99
309	4,1,1	16,12,23	0,1,2	39,17,35	209	99
310	12,5,9	0,2,1	5,4,3	9,11,10	183	99
311	1,0,0	582,446,964	0,0,0	614,347,589	185	99
314	1,0,0	3,1,0	0,2,1	1,0,1	219	99
315	1,1,0	40,28,64	0,0,0	99,40,93	184	99
316	1,0,0	153,138,180	0,0,0	195,121,241	212	99
317	0,2,1	52,48,106	1,5,7	113,35,91	186	99
320	213,186,290	0,1,0	257,165,222	0,1,0	145	99
322	1,0,1	0,0,1	1,0,2	9,6,9	281	99
323	4,3,5	184,140,242	2,0,1	253,127,272	191	99
324	2,1,1	1,0,4	1,0,0	0,1,1	190	99
325	0,0,1	14,14,31	0,1,1	16,10,9	222	99
326	1,3,1	73,58,81	0,5,0	66,41,90	190	99
329	5,3,6	36,20,39	6,4,8	54,24,54	191	99
330	5,6,4	42,21,34	6,1,4	30,44,58	252	99
331	0,0,1	9,4,27	0,0,0	21,8,13	195	99
332	25,28,45	0,0,0	51,29,52	0,2,1	246	99
333	0,0,0	2,1,4	1,0,2	9,2,9	184	99
336	5,0,1	43,34,52	3,1,3	115,69,126	173	99
337	6,0,5	755,571,898	1,4,4	804,475,832	186	99
338	110,90,141	0,0,1	115,80,128	0,1,1	198	99
341	4,5,6	69,66,121	6,3,5	114,78,117	565	99
343	0,1,0	24,22,36	0,0,3	39,21,50	171	99
344	0,1,0	1,1,0	0,0,3	3,0,0	180	99
345	0,1,1	30,17,28	0,0,2	43,22,26	197	99
346	1,5,5	1,1,2	4,2,8	4,4,8	215	99
349	0,3,3	94,84,85	0,0,0	115,87,162	185	99
352	0,0,1	11,6,11	0,1,1	21,14,13	258	99
354	2,1,0	234,232,307	0,0,0	418,266,510	223	99
355	2,0,2	0,0,0	1,0,1	0,0,2	233	99
356	4,4,5	73,57,100	1,1,1	66,29,73	204	99
357	0,0,2	1094,818,1461	2,2,2	3245,1733,3383	292	99
358	1,0,1	3,4,7	0,0,0	5,5,3	177	99
359	0,1,0	119,109,178	0,0,1	218,120,188	194	99
360	26,26,30	26,18,35	28,14,22	96,63,102	183	99
361	0,0,2	8,9,13	1,0,1	27,19,12	285	99
362	0,0,2	7,8,8	1,0,1	12,5,10	288	99
363	1,0,0	18,15,29	0,0,1	20,13,29	259	99
364	46,19,31	161,93,17	43,26,121	7,201,45	120	99
365	28,13,14	73,38,62	19,14,70	133,26,214	141	99
366	36,22,32	0,0,0	46,28,65	0,0,7	183	99
367	18,13,16	16,13,19	32,17,60	18,14,7	162	99
368	40,25,37	0,0,2	50,30,70	0,0,0	222	99
369	34,27,41	6,2,1	44,33,74	13,2,2	180	99
370	75,45,77	0,0,0	123,42,148	0,0,142	138	99
371	45,28,40	0,0,0	56,34,74	2,0,0	252	99
372	80,48,80	14,8,16	129,46,152	6,2,9	168	99
373	39,30,44	0,4,1	51,37,78	0,4,0	219	99
374	80,48,80	19,0,0	129,46,152	0,0,0	177	99
375	40,31,43	145,77,106	54,39,80	32,0,1	222	99
376	81,50,80	0,0,0	132,49,155	0,0,3	201	99
378	2,1,0	12,11,21	0,0,0	34,21,46	197	99
381	10,0,6	493,335,630	4,1,4	477,370,605	541	99
383	557,469,853	30,32,48	750,440,875	39,23,46	150	99
384	2,1,2	151,97,285	0,1,0	252,107,263	261	99
387	0,0,0	2,0,2	0,1,1	5,1,3	192	99
391	18,11,25	0,0,1	29,17,33	1,1,0	128	99
392	3,2,3	17,14,16	5,3,6	16,15,18	222	99
394	6,7,9	38,18,58	17,3,6	47,36,67	182	99
395	7,4,6	7,5,16	12,6,3	14,2,26	290	99
397	0,0,1	9,2,6	0,0,0	13,9,13	182	99
399	14,13,31	1,2,0	11,23,23	1,0,2	195	99
400	0,0,0	44,39,63	0,1,0	76,39,63	177	99
401	0,1,0	765,482,1024	1,0,1	1095,582,1243	177	99
402	1,1,2	0,0,1	3,2,4	4,1,6	186	99
403	0,0,0	0,0,1	3,1,2	0,0,0	123	99
405	7,3,7	0,0,1	6,3,6	0,0,0	183	99
406	0,2,1	64,69,70	6,0,5	341,122,285	195	99
407	5,6,13	18,19,23	26,9,30	74,18,81	235	99
408	1,0,3	785,743,1349	0,0,0	1151,417,945	188	99
409	48,51,81	70,69,139	61,29,54	298,151,286	189	99
410	96,78,144	9,13,15	220,120,248	26,5,7	173	99
411	96,78,144	3,1,3	221,120,249	6,1,3	176	99
413	2,7,8	17,18,13	2,3,1	29,21,37	178	99
418	2,1,1	64,58,86	1,0,0	102,64,115	241	99
419	30,33,48	852,687,1155	54,31,54	1084,635,1262	326	99
420	1,0,3	0,0,1	1,2,0	4,0,3	203	99
422	1,1,1	2,0,0	0,0,0	1,2,2	189	99
423	1,1,0	283,324,580	0,0,0	622,164,501	251	99
424	3,1,0	1,0,0	1,0,3	0,0,2	545	99
425	2,1,0	0,0,0	3,3,0	2,2,1	405	99
427	0,3,5	48,37,43	1,4,11	62,35,73	179	99
428	0,4,5	285,236,352	3,6,11	387,241,425	194	99
432	4,6,8	14,9,6	5,4,9	31,13,14	416	99
433	4,6,8	8,9,8	5,4,9	34,7,35	413	99
434	4,4,6	236,163,275	1,2,1	281,153,285	179	99
435	0,1,1	2,0,2	0,0,0	2,0,1	174	99
437	10,8,10	95,79,127	12,9,9	112,86,120	429	99
438	1,5,4	20,21,38	4,3,1	24,19,22	329	99
439	0,0,1	182,132,174	0,0,1	185,110,206	280	99
440	1,0,0	189,137,219	1,0,1	207,120,219	195	99
441	0,1,1	166,132,179	1,0,4	186,105,153	194	99
443	4,1,2	130,118,158	2,1,3	170,110,193	183	99
447	171,98,147	38,38,82	86,47,85	104,55,115	227	99
448	4,3,9	122,115,195	12,7,20	182,50,194	169	99
450	2,1,1	40,28,38	0,3,1	28,17,39	212	99
451	1,0,2	135,96,193	3,2,0	206,97,196	338	99
452	0,1,1	868,1023,1820	0,0,0	1430,787,1348	198	99
453	3,2,3	93,96,185	0,0,0	412,95,365	244	99
454	3,0,3	0,0,0	0,0,1	0,0,1	195	99
455	8,6,11	38,24,61	2,4,1	52,36,49	227	99
458	0,0,0	55,38,65	0,1,0	77,37,66	174	99
461	4,6,5	286,183,294	8,2,7	324,231,399	327	99
462	2,3,5	3,14,28	3,1,3	17,18,14	174	99
464	0,0,1	1872,1534,2328	1,1,0	2658,1700,2981	326	99
466	7,13,13	540,457,714	17,12,24	741,523,927	183	99
467	14,15,15	141,106,171	19,13,28	206,113,212	184	99
468	13,4,9	169,137,265	20,17,23	125,77,169	180	99
469	1,2,1	8,8,11	1,0,0	28,29,40	159	99
471	71,63,111	0,0,0	108,63,104	4,0,4	184	99
472	0,0,0	2,1,1	1,0,1	2,3,1	175	99
473	2,2,4	157,149,239	3,5,3	188,108,220	331	99
474	0,0,1	34,20,39	0,0,0	47,20,49	255	99
476	1,1,0	82,75,51	1,1,5	100,99,141	270	99
477	1,0,0	0,0,0	1,1,1	2,1,4	233	99
478	0,0,0	15,10,25	0,1,0	15,13,11	188	99
480	4,4,6	62,33,81	5,6,5	76,28,67	484	99
482	5,3,10	113,97,153	12,5,6	142,111,140	179	99
483	1,0,2	60,54,107	0,0,1	89,54,114	346	99
484	337,211,434	191,122,213	372,177,362	202,94,136	150	99
486	5,1,1	43,39,67	1,0,0	81,24,65	386	99
487	16,8,15	4,3,5	27,3,17	15,5,8	178	99
488	4,5,3	2,0,3	5,5,3	2,1,5	170	99
492	0,1,3	0,0,3	0,1,1	2,1,4	183	99
495	0,1,0	5,4,11	0,0,0	21,15,15	204	99
496	2,1,4	0,0,0	1,0,1	2,2,0	194	99
497	5,2,6	39,28,54	4,1,6	58,18,62	171	99
501	1,0,2	126,115,191	0,2,0	198,132,203	205	99
503	9,11,25	6,7,9	82,28,56	24,9,22	206	99
505	0,0,0	68,60,94	0,1,1	90,54,84	395	99
507	1,0,0	64,71,94	0,1,0	101,51,102	210	99
508	0,0,0	186,129,252	1,0,0	244,158,274	437	99
509	32,20,21	65,68,118	3,12,11	86,55,90	197	99
510	0,3,1	5,0,3	3,2,0	13,1,9	168	99
511	27,24,32	5,0,0	32,7,18	1,0,3	240	99
512	30,28,36	52,34,61	33,8,20	65,28,30	249	99
513	0,0,0	145,140,207	0,1,0	283,212,350	192	99
515	2,1,2	144,105,160	4,7,5	151,112,183	197	99
516	7,10,14	13,12,26	2,3,1	42,21,34	197	99
517	1,0,0	39,22,43	0,0,1	49,26,56	398	99
519	2,0,7	23,22,30	2,0,1	36,16,37	176	99
521	8,5,7	31,23,38	5,6,3	64,40,55	192	99
523	63,38,74	45,23,52	70,43,70	71,22,41	228	99
524	107,68,119	46,30,57	126,75,118	45,28,48	330	99
525	0,0,0	95,92,155	1,0,0	100,81,117	165	99
526	4,10,14	176,99,199	8,9,11	159,94,156	168	99
527	2,4,9	0,1,0	7,5,14	0,0,0	313	99
530	4,0,6	7,7,24	2,2,4	16,5,11	178	99
531	0,1,0	23,11,20	0,0,1	24,11,13	205	99
533	0,0,0	151,142,188	3,0,1	237,129,220	187	99
534	5,2,5	8,6,6	1,1,1	11,1,8	261	99
535	5,7,11	3,4,8	5,1,9	11,9,15	232	99
536	0,0,3	147,103,130	1,0,0	182,117,211	203	99
537	0,0,0	20,16,40	0,0,1	32,13,33	177	99
538	1,1,1	150,98,138	3,1,4	156,123,170	193	99
539	3,2,2	167,84,177	1,1,1	147,105,180	219	99
540	3,2,6	11,11,8	2,3,5	4,1,11	198	99
541	1,2,1	5,6,13	2,1,1	4,3,4	171	99
545	0,0,0	85,56,99	1,1,0	109,80,129	193	99
546	0,2,0	3,6,14	0,0,0	31,8,29	183	99
547	0,2,1	50,44,63	0,0,0	54,23,71	444	99
548	1,2,0	5,2,3	2,1,3	17,8,8	193	99
549	1,2,0	4,0,6	2,1,3	20,10,14	198	99
550	4,5,4	68,42,68	9,6,10	42,38,78	479	99
551	32,26,38	4,1,8	13,6,10	5,3,3	186	99
552	32,26,38	49,40,51	11,6,10	96,48,89	181	99
553	2,0,2	37,35,65	2,0,1	62,33,46	195	99
554	0,1,0	133,97,181	0,0,1	228,130,275	178	99
556	8,3,14	179,116,271	10,13,10	249,129,233	243	99
557	16,10,23	21,26,35	22,24,23	42,25,45	182	99
558	2,0,1	26,17,36	1,0,1	40,24,32	195	99
559	2,0,2	3717,2802,5010	1,3,0	6376,3700,6212	187	99
562	6,5,8	0,0,2	11,4,6	0,0,2	216	99
563	12,5,12	19,22,20	8,10,16	14,19,30	187	99
565	4,2,6	22,38,64	4,0,4	38,14,57	239	99
566	0,0,1	115,86,166	0,0,6	210,80,212	177	99
567	4,4,8	5,4,13	1,4,3	6,9,12	212	99
571	10,7,22	1,2,0	14,10,20	0,2,1	204	99
573	54,41,71	209,140,206	22,19,23	398,266,407	200	99
576	1,0,1	123,92,124	0,0,0	97,95,121	190	99
577	1,0,1	21,9,11	0,0,0	11,21,12	185	99
578	0,3,0	193,146,221	1,0,1	218,137,225	197	99
579	5,1,2	0,0,0	1,2,4	1,0,2	186	99
580	4,3,1	60,45,54	2,2,4	78,50,91	173	99
585	0,0,0	1,0,0	0,0,1	0,2,2	317	99
586	3,1,8	12,13,15	4,4,6	44,21,53	201	99
587	1,0,0	30,11,24	2,0,2	29,23,28	186	99
588	1,0,0	61,60,109	2,0,1	80,65,87	165	99
589	0,0,0	90,64,131	2,0,1	134,62,144	183	99
590	1,1,1	7,4,6	1,0,2	4,1,6	166	99
591	1,1,1	0,2,4	1,0,2	0,0,0	221	99
592	1,1,1	107,69,122	1,0,2	87,42,78	224	99
593	1,1,1	29,19,36	1,0,2	34,11,32	227	99
595	12,2,7	39,31,58	0,1,1	34,23,51	183	99
596	0,2,0	4,9,7	0,1,2	7,9,16	228	99
597	86,71,119	12,9,16	98,52,129	10,10,9	171	99
598	2,1,2	0,2,1	0,1,0	2,1,2	185	99
600	3,1,1	116,85,120	0,1,0	73,37,70	199	99
601	9,2,4	143,57,111	4,2,6	118,67,122	198	99
602	8,9,8	4,2,9	5,4,8	45,36,46	190	99
604	4,1,3	0,0,0	6,1,2	2,0,0	385	99
607	0,0,0	7,10,23	0,1,1	22,16,29	230	99
609	0,0,0	118,71,123	0,1,0	122,66,109	245	99
610	1,0,2	2,9,15	0,1,0	18,14,12	384	99
611	6,3,8	60,52,81	5,1,11	96,54,71	187	99
612	2,1,4	81,68,96	2,0,1	135,98,197	206	99
614	1,0,0	134,93,161	0,0,0	171,82,190	409	99
615	0,0,4	24,12,47	1,0,2	34,9,34	179	99
616	0,0,2	1,0,2	1,0,2	1,0,0	175	99
617	0,0,0	27,20,9	0,1,0	35,18,29	191	99
618	0,2,1	66,74,112	2,0,1	83,60,102	178	99
619	0,0,1	240,152,206	1,1,0	276,155,298	204	99
622	8,4,4	2,2,9	1,0,2	12,6,6	210	99
624	75,56,435	11464,8985,12736	29,32,58	19599,13856,24800	212	99
625	92,80,462	23431,19177,26688	55,68,106	23485,16473,28486	223	99
626	0,0,0	5,6,9	1,0,0	11,3,5	305	99
627	1,0,0	1,2,1	0,1,1	4,3,5	176	99
629	2,1,2	12,11,17	0,2,0	18,5,18	503	99
631	13,6,7	74,63,103	4,6,5	70,55,89	336	99
634	41,19,27	875,649,957	18,7,22	545,298,636	314	99
637	1,1,4	145,90,184	0,0,1	128,80,156	183	99
638	8,5,5	87,54,112	4,5,8	122,110,121	205	99
639	2,0,0	0,0,1	4,2,8	2,0,1	231	99
642	157,116,349	66,37,98	187,77,131	71,19,54	141	99
644	2,0,0	150,113,149	1,0,0	251,213,312	237	99
645	2,0,1	57,38,60	0,0,2	77,49,67	220	99
646	2,0,10	11,9,18	0,2,1	35,9,28	303	99
647	2,0,10	5,3,7	0,2,2	2,1,5	194	99
648	3,0,5	5,7,15	2,0,2	15,15,21	186	99
649	4,2,4	39,49,144	1,2,2	228,41,147	192	99
650	15,5,40	21,20,40	44,11,30	68,15,56	208	99
651	7,5,7	59,51,171	7,1,8	235,62,177	198	99
652	0,2,1	299,256,259	1,1,0	390,289,447	491	99
653	79,68,129	2,1,2	103,81,102	10,2,7	193	99
656	1,0,0	119,64,137	0,0,0	140,90,125	187	99
657	1,0,1	248,189,336	0,0,0	277,221,273	203	99
658	3,1,10	61,34,66	1,3,8	86,40,63	203	99
659	4,4,4	38,33,55	6,6,9	59,59,98	190	99
661	1,2,1	0,0,2	0,1,1	0,0,0	251	99
663	0,0,0	0,0,1	0,0,1	0,0,0	227	99
664	0,0,0	436,338,552	0,0,1	492,254,559	230	99
665	1,0,0	52,33,78	0,0,0	72,27,74	309	99
668	0,1,1	33,14,34	0,0,2	42,13,32	178	99
669	1,4,0	57,39,85	4,1,2	66,54,83	193	99
670	1,1,0	104,58,94	0,0,0	110,61,121	179	99
671	0,1,0	50,34,78	0,0,0	70,55,78	189	99
672	0,0,0	25,10,19	0,0,1	25,13,33	182	99
673	0,0,2	5,0,0	2,2,1	4,0,0	224	99
674	0,0,0	13,7,9	1,0,0	11,3,13	180	99
676	19,10,23	0,0,4	22,19,27	1,0,0	165	99
677	9,2,9	15,13,25	4,1,7	13,7,25	151	99
678	0,0,2	0,0,1	0,1,0	0,0,0	198	99
681	4,1,1	92,63,76	2,2,2	33,24,48	175	99
682	0,0,2	61,62,85	0,0,2	129,51,135	172	99
683	18,15,20	3,3,5	26,19,22	10,20,18	294	99
684	14,15,23	0,2,2	14,9,15	26,5,20	213	99
685	10,14,23	14,9,12	14,9,14	93,50,98	202	99
688	0,4,5	195,177,244	3,4,5	258,191,302	169	99
689	3,3,2	41,57,63	0,1,0	90,50,86	273	99
690	0,0,1	56,31,57	0,0,0	54,22,51	251	99
691	1,1,2	103,80,111	2,0,1	161,107,188	222	99
693	16,22,49	2,4,5	27,23,38	10,8,8	199	99
695	5,1,15	266,189,317	10,1,7	284,196,365	173	99
697	1,0,1	56,49,74	0,0,0	65,54,97	434	99
699	0,1,1	247,169,245	0,0,0	293,204,382	179	99
701	0,1,2	34,33,36	2,1,6	44,29,48	185	99
702	1,1,3	12,20,21	3,2,2	15,17,23	192	99
703	2,2,0	1,1,1	1,0,0	2,0,1	241	99
704	9,10,16	1,3,6	7,10,10	2,6,1	194	99
705	1,0,4	72,49,82	1,1,3	96,53,78	601	99
708	1,2,5	3,3,1	2,2,6	5,0,15	176	99
709	6,5,10	59,44,58	7,4,4	60,44,59	198	99
710	28,33,36	4,0,3	49,38,46	5,2,4	496	99
716	11,3,8	214,149,228	10,5,8	235,184,282	186	99
719	2,2,0	188,208,270	0,0,0	272,147,355	300	99
720	2,2,0	58,49,77	0,0,0	89,50,94	296	99
721	0,1,0	217,165,264	0,0,0	314,131,357	272	99
724	3,1,3	28,14,42	1,0,4	48,27,39	173	99
727	0,1,0	25,16,33	1,0,0	21,18,14	195	99
728	163,127,167	2,4,2	124,85,137	1,1,4	120	99
729	1,0,0	288,180,293	0,0,0	315,200,389	177	99
730	1,1,6	0,2,1	2,1,0	1,0,3	169	99
731	3,0,3	0,0,1	2,3,4	1,0,2	219	99
732	6,2,6	43,24,35	4,1,5	78,31,51	203	99
733	0,0,0	36,25,38	1,0,0	37,17,35	174	99
735	0,1,0	0,0,0	0,0,0	0,0,1	200	99
739	2,1,0	22,23,38	0,0,1	44,22,35	418	99
740	3,0,3	50,33,54	3,2,8	45,39,66	212	99
741	0,0,1	152,104,148	7,0,0	129,94,121	224	99
743	3,2,9	52,33,51	7,9,6	62,40,60	211	99
744	37,26,46	0,1,2	35,30,69	0,0,0	183	99
745	6,2,1	0,0,2	2,2,2	13,4,18	197	99
748	0,1,0	36,47,54	0,0,0	86,48,103	195	99
750	5,2,3	66,54,127	0,0,2	122,52,106	169	99
753	0,1,0	80,68,87	1,0,2	76,51,104	196	99
754	3,3,5	14,26,23	3,2,4	41,13,42	201	99
755	0,1,1	134,123,187	0,1,0	154,69,223	192	99
758	3,0,3	9,10,16	5,0,5	12,4,12	178	99
760	1,2,0	47,34,60	0,2,3	53,49,78	210	99
762	40,17,34	55,33,46	22,20,19	33,36,39	250	99
763	1,0,1	14,10,20	0,0,1	32,9,32	186	99
764	5,4,11	2,0,1	9,7,9	7,4,8	180	99
765	4,3,2	196,155,224	3,1,3	237,162,284	193	99
767	6,6,8	0,0,0	12,11,14	1,0,1	180	99
769	0,0,3	289,78,215	0,0,0	56,31,58	214	99
770	3,2,2	104,62,99	3,7,5	107,62,113	182	99
771	0,0,5	34,41,56	0,0,1	73,38,85	190	99
777	4,4,3	63,57,81	8,1,1	84,63,97	208	99
778	9,14,23	10,7,27	5,0,8	8,3,4	551	99
779	17,12,25	689,494,857	28,12,25	859,478,868	174	99
780	10,12,15	631,436,671	12,4,11	769,408,740	190	99
781	3,1,4	0,0,2	3,1,4	2,0,2	211	99
788	20,24,29	2,0,0	20,23,23	3,1,4	241	99
789	8,12,13	0,4,2	7,12,6	7,5,12	197	99
790	0,0,0	30,29,29	0,1,0	38,15,37	234	99
791	4,0,5	0,0,0	0,2,3	7,14,14	466	99
793	5,7,15	271,200,383	2,0,5	161,104,188	198	99
794	1,0,3	8,8,8	2,0,0	10,12,13	320	99
796	15,7,22	10,7,5	6,3,10	18,9,20	167	99
797	15,7,22	20,13,18	6,3,7	7,2,12	527	99
804	5,9,4	255,163,273	0,6,6	310,182,387	214	99
805	13,2,8	22,9,26	6,0,9	15,13,19	180	99
808	0,0,3	33,25,36	0,0,0	25,17,38	174	99
811	32,16,29	636,422,698	35,11,31	376,284,437	210	99
813	1,1,0	0,3,5	0,1,1	6,0,2	740	99
814	54,47,77	31,26,39	62,39,87	35,22,39	327	99
815	1,0,1	273,221,430	0,0,0	270,147,325	191	99
818	244,227,274	3853,3117,4659	327,215,353	4742,3205,5980	172	99
819	0,0,0	19,9,14	1,0,0	9,6,10	192	99
820	0,0,3	945,694,1139	0,0,1	1332,832,1632	184	99
821	4,4,10	1,0,1	5,8,3	2,1,0	207	99
822	0,1,2	0,0,0	1,0,3	3,0,8	196	99
827	7,2,6	14,11,28	4,5,1	25,3,18	174	99
828	1,0,0	5,7,27	3,1,1	35,9,23	202	99
829	6,4,9	23,34,60	5,2,3	50,14,61	204	99
830	1,1,2	7,4,10	1,0,0	23,9,19	195	99
831	4,1,1	85,77,99	2,3,3	103,72,91	170	99
832	248,199,363	40,34,54	273,206,465	80,43,63	489	99
834	1,2,3	8,10,6	3,2,1	6,6,6	285	99
835	4,3,4	59,41,106	4,0,4	105,39,92	188	99
836	10,9,12	2,0,0	6,9,10	0,0,5	553	99
837	0,0,0	45,44,49	0,0,1	38,33,73	194	99
838	77,65,118	3,1,2	102,73,150	2,0,0	327	99
840	0,1,0	0,0,1	1,0,0	0,0,3	169	99
841	0,1,0	44,19,54	0,0,0	68,32,59	176	99
842	1,0,5	12,11,29	1,3,4	22,17,21	298	99
843	0,0,5	1984,1430,2477	0,3,2	2389,1580,2564	292	99
845	11,12,22	53,29,42	15,9,4	66,39,71	200	99
846	1,0,1	79,49,105	1,0,7	105,78,117	182	99
847	16,8,21	30,32,56	13,14,21	71,39,80	169	99
848	17,9,21	6,5,11	15,16,22	14,12,18	181	99
849	3,2,3	10,11,17	1,1,1	28,16,37	199	99
851	2,1,1	14,4,8	1,1,1	20,14,20	177	99
852	1,2,0	227,192,278	0,0,0	242,161,251	190	99
855	9,6,3	251,207,328	3,5,11	288,151,336	172	99
858	10,5,1	72,66,79	2,5,4	101,83,135	174	99
859	13,13,14	3,2,3	8,6,15	3,3,4	378	99
860	2,1,0	255,279,386	0,0,2	458,187,516	168	99
861	4,3,8	260,217,312	4,3,13	311,194,337	360	99
862	0,0,0	37,21,39	0,0,2	33,14,42	171	99
863	0,1,0	63,44,98	0,0,0	93,49,95	193	99
864	17,12,24	342,272,380	15,4,16	424,246,462	177	99
865	1,1,0	0,0,0	1,0,0	1,0,0	342	99
867	9,8,11	58,54,83	10,2,10	73,56,84	175	99
869	3,5,13	4827,4690,6986	4,1,0	7429,3491,9508	191	99
871	18,18,22	6,9,10	28,19,42	27,11,31	189	99
872	13,8,14	202,177,254	20,7,14	242,163,261	216	99
873	0,0,0	29,20,33	0,0,1	22,22,24	184	99
874	1,1,3	243,228,281	0,0,4	410,212,497	201	99
875	1,0,1	1,3,0	2,2,0	4,0,3	219	99
878	2,1,4	471,372,438	3,3,8	641,356,650	173	99
879	0,0,0	131,122,152	1,0,1	187,113,271	204	99
880	0,0,0	71,58,84	1,0,1	108,62,135	189	99
881	0,1,0	924,699,1267	2,1,3	1024,508,1020	603	99
882	1,2,1	50,43,62	2,0,0	69,35,62	179	99
883	2,0,0	82,75,84	0,0,2	97,64,103	192	99
884	4,0,0	16,13,19	2,0,6	23,17,27	234	99
886	0,1,0	8,10,17	2,0,0	23,9,29	175	99
887	210,151,334	4,2,10	299,106,293	10,3,7	183	99
888	0,0,2	78,62,84	1,5,0	79,52,74	390	99
890	0,0,0	22,6,24	1,0,0	17,8,27	234	99
891	1,0,0	0,0,0	0,0,0	2,3,1	182	99
892	19,8,12	887,644,1187	9,2,7	1214,770,1212	447	99
893	26,26,56	43,30,55	28,20,34	79,43,71	188	99
895	12,10,24	1,2,0	19,15,30	5,11,9	204	99
896	12,5,10	102,106,175	11,6,17	162,61,158	197	99
897	2,0,0	0,0,0	0,0,0	0,0,1	183	99
898	0,0,0	4,2,1	0,0,1	1,1,3	209	99
899	4,2,6	78,48,92	6,1,4	75,42,98	188	99
904	0,1,0	0,0,1	0,2,0	1,0,0	183	99
905	4,4,5	26,18,33	1,0,0	38,30,55	176	99
906	9,6,8	39,61,52	6,4,5	86,52,92	184	99
910	3,1,5	0,0,0	1,5,6	8,3,6	199	99
912	18,19,22	19,6,17	4,4,4	36,18,51	163	99
917	0,0,1	349,321,625	0,1,1	561,239,489	184	99
918	128,132,168	0,0,0	251,124,266	3,2,0	192	99
919	0,2,0	15,13,15	0,0,1	12,4,10	199	99
920	9,15,21	2,1,4	7,13,28	15,4,11	190	99
921	12,12,28	735,661,1091	41,11,33	1245,596,1245	390	99
922	16,13,10	45,40,54	2,2,2	124,68,125	176	99
925	0,0,4	51,35,70	2,1,0	98,26,84	174	99
926	27,17,57	1,1,1	36,34,43	0,0,0	169	99
928	11,9,7	0,0,1	8,8,5	0,0,0	156	99
931	25,24,30	7685,5997,8899	32,22,36	10551,6104,11525	189	99
932	3,4,5	14,7,19	2,2,3	16,20,16	226	99
935	2,1,1	15,17,38	0,0,1	22,15,34	200	99
936	0,0,0	84,67,102	0,0,1	55,39,73	374	99
937	54,37,77	141,131,232	20,12,31	282,139,299	306	99
938	0,0,0	134,109,164	2,0,2	168,92,230	185	99
939	5,1,3	93,88,152	10,4,7	157,63,180	171	99
940	0,0,2	54,38,49	1,0,1	38,38,59	208	99
941	0,1,2	148,108,193	0,1,1	185,103,187	208	99
942	2,2,3	15,0,7	0,1,2	32,16,19	187	99
943	1,3,2	205,137,232	0,2,2	220,165,270	187	99
944	0,0,1	359,265,483	0,0,0	687,379,573	277	99
945	2,2,0	0,4,0	1,0,0	14,5,13	211	99
946	71,56,95	0,2,1	136,66,161	3,3,4	212	99
947	1,0,0	156,108,177	0,0,1	248,149,282	311	99
948	89,67,94	147,119,217	11,10,11	218,145,252	212	99
949	5,5,4	71,48,115	2,2,1	135,51,108	207	99
950	2,1,0	76,52,105	0,2,0	108,52,72	183	99
952	10,5,8	1046,753,1290	9,16,21	1282,819,1479	185	99
954	1,0,1	148,122,166	0,0,1	158,108,189	346	99
955	82,70,122	0,0,0	72,64,109	0,0,2	411	99
957	1,1,5	33,37,40	1,2,4	52,20,31	183	99
958	16,17,17	451,320,552	20,13,13	617,403,659	205	99
960	2,2,4	125,98,190	3,2,5	148,75,173	186	99
961	0,0,0	16,4,26	1,0,0	33,9,29	184	99
963	0,2,0	0,2,0	1,0,0	0,0,0	162	99
964	10,5,18	2,0,1	7,7,10	0,1,5	273	99
965	10,5,18	164,92,183	7,7,10	249,133,275	276	99
967	0,0,1	87,61,112	0,0,1	91,69,103	178	99
968	7,8,17	1,1,2	7,3,14	1,0,3	180	99
969	41,35,66	3,3,2	59,21,50	12,3,6	322	99
970	1,0,3	27,17,43	2,1,3	77,43,73	211	99
971	5,3,7	1,2,2	22,8,23	4,1,6	215	99
974	16,8,20	0,0,1	8,14,18	4,0,1	212	99
975	8,9,13	34,55,85	14,1,13	68,37,63	168	99
976	0,0,0	69,56,126	1,1,1	114,46,139	219	99
978	0,0,1	331,193,486	0,0,0	615,326,599	187	99
979	2,0,3	83,85,129	5,1,5	120,66,124	192	99
980	39,28,42	3,5,6	66,31,72	15,6,17	228	99
984	0,5,2	4397,3674,7588	3,0,0	7107,2896,5863	198	99
985	3,4,4	8,2,10	6,2,5	11,8,23	189	99
986	2,1,1	0,1,0	0,0,2	0,2,2	200	99
990	4,3,3	137,98,187	2,0,0	162,118,181	187	99
991	34,33,49	0,0,0	40,27,68	0,0,2	250	99
992	9,11,16	24,16,30	11,6,16	27,19,34	220	99
995	3,6,5	3055,2163,3545	0,4,2	4722,3216,4584	453	99
996	1,0,0	438,307,446	0,0,1	211,145,272	202	99
997	6,7,20	0,0,0	12,9,12	0,1,0	158	99
998	1,1,0	96,63,95	1,0,0	74,77,127	419	99
1000	65,44,84	3,0,1	76,63,114	3,0,2	165	99
1001	0,0,1	0,2,1	0,0,0	0,2,1	168	99
1003	16,12,23	4,0,1	29,16,28	3,0,5	218	99
1004	0,1,2	299,198,399	0,0,0	350,143,373	187	99
1005	13,17,46	45,36,49	2,1,3	74,35,80	181	99
1006	0,0,0	19,14,23	0,0,1	24,4,13	221	99
1008	0,2,3	47,65,91	1,0,2	109,36,116	185	99
1009	0,0,0	120,100,157	0,0,1	168,69,204	216	99
1010	0,0,3	8,7,11	0,0,0	18,5,13	189	99
1011	3,0,0	35,22,49	2,1,2	44,21,45	289	99
1012	1,2,0	63,37,67	3,0,0	67,37,61	185	99
1014	5,13,16	39,53,71	6,10,9	63,26,54	208	99
1016	21,17,30	0,0,0	21,19,21	0,0,1	237	99
1018	3,0,2	35,23,44	0,0,0	39,32,60	192	99
1019	2,4,7	41,25,52	3,3,1	30,21,27	329	99
1020	1,2,7	87,63,72	3,4,7	61,47,111	235	99
1021	0,0,0	13,13,16	1,0,1	19,7,19	190	99
1022	1,0,2	0,0,0	2,0,1	1,12,9	210	99
1026	0,0,0	30,12,27	1,0,0	22,9,31	164	99
1029	56,47,71	139,98,142	61,47,62	123,69,162	372	99
1030	3,4,11	104,67,119	3,3,6	105,78,105	199	99
1031	1,2,5	124,77,140	1,3,4	118,99,146	186	99
1034	25,27,26	2,2,2	25,14,24	0,4,8	215	99
1036	14,5,8	44,57,95	0,0,1	130,56,141	187	99
1037	0,0,1	22,17,39	0,0,0	20,14,19	187	99
1038	2,2,3	1,0,1	1,0,0	4,0,5	191	99
1040	7,7,8	242,157,262	8,6,7	197,166,230	181	99
1044	0,1,1	52,46,81	0,0,0	135,65,133	166	99
1045	0,1,0	0,0,0	0,0,0	1,0,0	226	99
1049	2,2,7	29,20,35	1,0,0	67,34,67	194	99
1050	1,0,2	0,1,0	0,0,0	5,2,1	183	99
1051	1,2,6	89,55,108	3,1,2	117,73,138	218	99
1052	1,0,4	31,21,47	1,0,1	31,12,22	167	99
1053	11,5,12	180,141,210	3,4,7	182,122,203	181	99
1054	2,1,2	6,1,5	1,0,2	7,2,5	388	99
1055	3,0,1	126,78,141	2,0,2	106,68,132	245	99
1056	0,1,0	14,6,7	0,0,0	5,3,4	1129	99
1058	2,5,3	108,69,130	1,2,3	69,69,120	217	99
1060	10,4,9	228,164,274	6,2,4	196,139,211	189	99
1061	4,3,6	26,26,44	1,4,4	24,10,27	363	99
1062	18,6,17	141,96,155	23,11,13	170,118,194	186	99
1063	46,30,51	89,65,100	14,6,20	169,123,190	226	99
1066	0,0,1	134,126,210	0,0,1	217,134,237	186	99
1067	0,1,2	34,33,32	0,0,0	16,16,18	187	99
1068	2,1,4	1,0,1	2,2,2	0,1,1	129	99
1070	9,4,9	20,4,15	2,5,4	33,15,27	180	99
1072	8,5,12	58,34,81	6,8,8	72,62,73	201	99
1073	4,6,6	0,0,2	7,3,7	0,0,0	216	99
1074	25,19,21	483,371,599	22,11,32	673,384,630	187	99
1075	7,3,9	52,51,77	2,1,3	69,52,77	209	99
1076	0,0,1	47,32,31	0,0,0	58,31,43	185	99
1077	14,5,16	10,12,25	16,10,15	18,14,22	241	99
1078	1,0,3	182,163,297	3,2,6	495,161,512	189	99
1079	1,1,3	71,56,99	3,0,3	71,47,88	184	99
1080	2,1,5	273,284,489	1,0,0	519,148,505	201	99
1085	1,0,1	0,0,1	2,1,0	1,0,0	188	99
1086	0,0,1	331,231,516	0,0,0	611,345,533	187	99
1087	1,0,0	0,0,1	0,0,1	3,0,0	219	99
1088	1,0,1	77,69,76	0,0,0	108,69,102	171	99
1089	0,2,4	75,75,105	8,7,10	129,78,139	213	99
1091	3,2,1	0,0,0	1,3,2	2,0,1	506	99
1092	62,42,69	32,28,29	71,32,59	48,29,69	207	99
1093	0,0,0	9,13,7	0,0,1	9,15,31	168	99
1095	38,37,76	1,0,3	53,25,62	1,0,2	192	99
1096	3,7,5	48,45,52	4,0,7	64,22,64	201	99
1097	0,0,1	48,44,53	0,0,0	58,20,59	189	99
1098	1,1,0	44,35,52	0,0,1	49,32,59	190	99
1099	2,5,7	62,59,101	2,0,1	90,50,77	196	99
1100	0,1,0	69,27,85	0,0,0	76,36,72	192	99
1102	9,4,17	1,0,1	23,16,10	0,1,8	186	99
1104	6,3,3	66,38,79	2,2,3	26,14,21	182	99
1105	4,8,9	2,2,4	6,3,10	4,2,3	176	99
1107	3,4,2	51,32,54	2,0,2	77,52,93	200	99
1109	9,5,4	73,91,155	3,1,6	140,70,150	167	99
1111	1,1,0	47,42,51	0,0,0	46,33,48	176	99
1113	452,285,563	30,22,40	514,350,586	35,19,44	126	99
1114	4,2,0	61,63,82	1,2,2	62,22,82	269	99
1115	7,7,8	51,64,97	1,2,2	139,44,122	379	99
1116	1,1,1	91,60,133	0,0,0	117,81,107	268	99
1117	1,0,0	1,0,0	0,1,0	0,0,0	189	99
1118	1,0,0	0,1,1	1,0,1	0,0,0	150	99
1119	0,1,0	79,64,105	1,0,0	89,40,105	399	99
1120	1,0,0	3,3,0	0,0,4	47,30,36	195	99
1122	1,0,0	968,645,1061	0,0,0	1004,534,1066	203	99
1124	9,5,9	264,211,336	18,7,17	324,207,407	307	99
1126	3,4,2	147,132,190	0,0,1	315,189,366	201	99
1128	13,10,24	15,6,29	15,10,15	15,11,22	673	99
1129	8,4,4	139,127,204	2,6,11	188,139,279	227	99
1130	1,1,2	32,33,34	0,0,1	78,40,88	193	99
1131	1,0,2	86,50,114	2,1,0	137,54,110	196	99
1132	16,10,22	39,35,83	38,25,30	83,47,62	180	99
1133	10,9,11	6,4,4	7,10,14	3,2,0	405	99
1135	0,0,1	333,342,670	1,1,3	896,301,728	292	99
1136	9,17,21	143,151,310	15,6,14	453,137,359	182	99
1137	3,2,3	409,335,486	0,0,0	861,319,739	175	99
1138	6,0,2	3,0,0	0,1,4	13,8,13	282	99
1140	4,5,6	313,207,401	6,3,5	445,288,498	191	99
1141	2,3,4	45,47,74	1,5,5	82,45,84	183	99
1142	1,0,1	129,108,177	0,0,0	121,86,147	187	99
1144	19,5,9	207,177,231	10,5,11	164,105,227	190	99
1146	4,1,5	5,2,3	2,2,8	9,6,10	177	99
1147	1,0,1	111,95,174	0,1,0	243,108,196	211	99
1148	7,4,7	213,157,252	9,3,6	266,194,281	177	99
1150	1,1,1	1,0,4	0,0,0	4,4,5	257	99
1152	0,0,1	1056,751,1223	0,1,1	1323,698,1479	194	99
1154	0,1,0	111,88,155	0,0,2	122,72,107	177	99
1155	1,4,5	0,0,1	8,2,11	1,0,1	193	99
1156	0,0,1	87,71,81	0,0,2	102,37,77	641	99
1158	9,4,12	144,94,144	10,6,10	174,106,196	184	99
1164	2,1,4	2,2,4	2,1,7	4,5,9	188	99
1168	3,1,2	18,3,12	1,0,1	17,10,19	169	99
1170	5,5,0	122,103,142	4,6,6	116,77,167	174	99
1171	0,2,0	591,548,839	0,0,1	1230,540,1071	181	99
1172	1,0,1	75,66,101	0,0,0	103,62,114	181	99
1173	0,1,0	1352,971,1616	0,1,0	1321,1077,1760	185	99
1175	0,0,1	11,14,12	1,0,3	18,6,17	313	99
1177	16,12,20	26,20,30	22,13,25	52,24,36	199	99
1178	1,0,0	71,83,115	0,0,0	123,81,128	179	99
1179	0,1,0	13,8,15	0,0,0	19,17,24	175	99
1180	0,1,1	108,79,112	0,0,0	102,73,119	196	99
1181	0,1,0	204,151,282	0,1,1	224,135,325	202	99
1182	91,52,81	130,81,146	81,64,104	129,61,129	1008	99
1183	4,1,0	141,114,232	2,2,1	174,88,193	235	99
1184	3,0,3	10,7,9	1,0,2	7,2,10	206	99
1185	1,0,0	17,13,29	0,0,0	34,4,28	192	99
1186	1,2,1	104,67,130	0,0,0	171,99,172	192	99
1187	5,2,6	17324,13488,20266	8,4,14	39174,15816,39956	190	99
1189	5044,3916,5923	0,0,0	11347,4588,11656	1,0,0	166	99
1192	0,1,2	4,4,9	1,0,1	3,8,10	180	99
1193	1,1,2	32,30,31	1,1,1	61,40,55	238	99
1194	2,1,0	2,2,0	1,1,0	1,0,1	282	99
1195	2,1,1	46,37,71	1,0,0	62,24,74	177	99
1196	1,0,2	73,42,101	0,0,0	82,41,86	313	99
1197	41,33,61	0,0,1	20,29,40	0,1,1	233	99
1198	8,7,7	4,1,3	22,6,13	10,7,9	189	99
1199	3,5,3	291,186,348	8,4,3	396,230,460	188	99
1200	47,60,51	3,1,5	114,68,113	6,1,7	221	99
1201	25,18,18	0,1,1	21,18,18	0,0,2	177	99
1204	4,1,4	12,9,9	0,1,0	18,14,28	180	99
1205	5,8,10	54,40,69	22,7,14	77,34,94	266	99
1206	1,1,0	39,36,56	0,0,1	30,15,58	175	99
1207	1,0,1	168,104,162	0,0,0	155,111,156	263	99
1209	58,48,121	9,6,13	97,69,111	7,6,9	276	99
1210	6,1,5	0,0,0	10,0,3	1,0,2	193	99
1213	6,3,3	106,61,92	2,4,0	99,62,122	199	99
1214	2,0,0	57,58,75	0,3,0	95,38,86	195	99
1215	2,0,0	47,48,71	0,0,0	53,29,54	174	99
1217	1,7,10	13,13,20	8,4,5	25,5,19	209	99
