ID	GeneID	geneSymbol	chr	strand	longExonStart_0base	longExonEnd	shortES	shortEE	flankingES	flankingEE	ID	IJC_SAMPLE_1	SJC_SAMPLE_1	IJC_SAMPLE_2	SJC_SAMPLE_2	IncFormLen	SkipFormLen	PValue	FDR	IncLevel1	IncLevel2	IncLevelDifference
4	"AT1G74560"	"NRP1"	chr1	-	28018137	28018197	28018137	28018194	28018286	28018350	4	0,3,3	15,16,13	21,26,11	9,7,4	102	99	4.8783199702e-13	1.28954039522e-12	0.0,0.154,0.183	0.694,0.783,0.727	-0.622
6	"AT1G77600"	"AT1G77600"	chr1	-	29153069	29153164	29153069	29153143	29153437	29153544	6	6,6,7	0,0,1	1,0,0	1,3,1	120	99	9.32619981242e-10	2.30451748988e-09	1.0,1.0,0.852	0.452,0.0,0.0	0.8
7	"AT1G77600"	"AT1G77600"	chr1	-	29156553	29156698	29156553	29156671	29156844	29156975	7	0,0,0	5,3,3	3,2,0	0,0,0	126	99	1	1.0	0.0,0.0,0.0	1.0,1.0,NA	-1.0
8	"AT1G77600"	"AT1G77600"	chr1	-	29158727	29158949	29158727	29158907	29159083	29159272	8	1,0,0	3,6,5	0,0,0	2,2,2	141	99	1	1.0	0.19,0.0,0.0	0.0,0.0,0.0	0.063
9	"AT1G61900"	"AT1G61900"	chr1	-	22882672	22882717	22882672	22882710	22882814	22882958	9	0,13,12	16,19,15	5,4,7	20,13,16	106	99	0.738222111645	0.94282299652	0.0,0.39,0.428	0.189,0.223,0.29	0.039
23	"AT1G52870"	"AT1G52870"	chr1	+	19687276	19687392	19687280	19687392	19686913	19687201	23	1,6,2	10,6,2	7,4,3	7,9,9	103	99	0.746493585924	0.949829525373	0.088,0.49,0.49	0.49,0.299,0.243	0.012
26	"AT1G36070"	"AT1G36070"	chr1	-	13470095	13470269	13470095	13470266	13470338	13470394	26	8,6,6	73,51,52	28,21,31	4,9,8	102	99	0	0.0	0.096,0.102,0.101	0.872,0.694,0.79	-0.686
27	"AT1G26630"	"ELF5A-2"	chr1	+	9206971	9207383	9206993	9207383	9206816	9206891	27	25,28,27	3,2,2	17,11,7	46,45,38	121	99	0	0.0	0.872,0.92,0.917	0.232,0.167,0.131	0.726
30	"AT1G67325"	"AT1G67325"	chr1	-	25210282	25210310	25210282	25210307	25210503	25210613	30	30,24,23	38,52,39	24,20,32	39,32,50	102	99	0.82422667848	1.0	0.434,0.309,0.364	0.374,0.378,0.383	-0.009
31	"AT1G07890"	"APX1"	chr1	+	2437677	2437741	2437680	2437741	2437477	2437555	31	145,121,150	3,0,1	16,9,12	4,2,4	102	99	4.42703924741e-07	9.99748598256e-07	0.979,1.0,0.993	0.795,0.814,0.744	0.206
32	"AT1G62610"	"AT1G62610"	chr1	-	23181462	23182358	23181462	23182355	23182684	23183227	32	8,9,14	8,8,17	9,7,9	6,6,8	102	99	0.444848886273	0.615533197757	0.493,0.522,0.444	0.593,0.531,0.522	-0.062
34	"AT1G09080"	"MED37B"	chr1	-	2931375	2931670	2931375	2931640	2931731	2931841	34	3,7,4	58,58,66	103,154,164	4,1,0	129	99	0	0.0	0.038,0.085,0.044	0.952,0.992,1.0	-0.926
42	"AT1G27385"	"AT1G27385"	chr1	-	9512115	9512219	9512115	9512216	9512570	9512820	42	0,2,0	38,39,43	81,88,90	0,4,1	102	99	0	0.0	0.0,0.047,0.0	1.0,0.955,0.989	-0.966
43	"AT1G52615"	"AT1G52615"	chr1	-	19600530	19601352	19600530	19601329	19601690	19602345	43	36,51,46	1,1,1	3,6,4	77,76,83	122	99	0	0.0	0.967,0.976,0.974	0.031,0.06,0.038	0.929
44	"AT1G08420"	"BSL2"	chr1	+	2652965	2653145	2652980	2653145	2652660	2652742	44	5,5,3	15,10,15	8,5,6	1,0,1	114	99	1	1.0	0.224,0.303,0.148	0.874,1.0,0.839	-0.679
45	"AT1G75170"	"AT1G75170"	chr1	+	28214829	28214928	28214836	28214928	28214570	28214747	45	32,40,35	433,421,390	454,515,522	13,15,9	106	99	0	0.0	0.065,0.082,0.077	0.97,0.97,0.982	-0.899
46	"AT1G14170"	"AT1G14170"	chr1	-	4844653	4845150	4844653	4845126	4845225	4845283	46	10,13,12	1,6,7	19,20,17	8,3,2	123	99	0.321522863508	0.472849830577	0.889,0.636,0.58	0.657,0.843,0.872	-0.089
58	"AT1G33430"	"B3GALT8"	chr1	-	12124987	12125311	12124987	12125287	12125392	12125638	58	1,1,1	12,22,10	14,16,8	0,0,0	123	99	0	0.0	0.063,0.035,0.074	1.0,1.0,1.0	-0.943
61	"AT1G59750"	"ARF1"	chr1	+	21983071	21983541	21983080	21983541	21982823	21982995	61	13,9,3	1,0,0	1,0,0	0,0,0	108	99	1	1.0	0.923,1.0,1.0	1.0,NA,NA	-0.026
64	"AT1G27760"	"SAT32"	chr1	+	9669341	9669422	9669353	9669422	9669096	9669265	64	3,6,6	27,30,35	2,2,1	27,24,30	111	99	0.017063868208	0.0309509524411	0.09,0.151,0.133	0.062,0.069,0.029	0.071
69	"AT1G59865"	"AT1G59865"	chr1	-	22032533	22032844	22032533	22032639	22032999	22033297	69	32,22,16	87,90,95	526,551,459	9,9,10	304	99	0	0.0	0.107,0.074,0.052	0.95,0.952,0.937	-0.869
70	"AT1G18270"	"AT1G18270"	chr1	-	6292979	6293063	6292979	6293060	6293295	6293371	70	0,0,0	7,7,5	3,2,1	0,0,0	102	99	1.22124532709e-15	3.62125788294e-15	0.0,0.0,0.0	1.0,1.0,1.0	-1.0
73	"AT1G52560"	"HSP26.5"	chr1	-	19574759	19575201	19574759	19575180	19575486	19575866	73	1,0,0	4,3,2	8,4,9	0,1,0	120	99	8.17124146124e-14	2.24709140184e-13	0.171,0.0,0.0	1.0,0.767,1.0	-0.865
78	"AT1G42525"	"AT1G42525"	chr1	+	15966848	15967057	15966869	15967057	15966673	15966719	78	15,14,13	3,2,3	1,2,1	7,1,6	120	99	1.41015550433e-05	3.02429576715e-05	0.805,0.852,0.781	0.105,0.623,0.121	0.53
80	"AT1G09840"	"ASK10"	chr1	-	3199380	3199623	3199380	3199619	3199709	3199978	80	24,29,38	26,21,25	23,37,52	14,28,31	103	99	0.411403453223	0.574953186676	0.47,0.57,0.594	0.612,0.559,0.617	-0.051
83	"AT1G51980"	"AT1G51980"	chr1	-	19323827	19323940	19323827	19323932	19324050	19324100	83	18,23,8	18,10,12	23,15,24	3,7,9	107	99	0.0130132437783	0.0238576135935	0.481,0.68,0.382	0.876,0.665,0.712	-0.237
84	"AT1G67840"	"CSK"	chr1	+	25436194	25436472	25436198	25436472	25435893	25436099	84	1,1,3	0,0,0	1,1,2	2,0,0	103	99	0.577857561259	0.76080860382	1.0,1.0,1.0	0.325,1.0,1.0	0.225
85	"AT1G55310"	"SCL33"	chr1	+	20632147	20632279	20632150	20632279	20631884	20632055	85	13,15,14	4,4,2	11,3,6	14,18,19	102	99	4.24654623687e-08	9.98670528809e-08	0.759,0.784,0.872	0.433,0.139,0.235	0.536
89	"AT1G18070"	"AT1G18070"	chr1	-	6215238	6215377	6215238	6215344	6215592	6215743	89	50,66,41	80,115,82	37,44,40	86,77,93	132	99	0.280350820262	0.423007211103	0.319,0.301,0.273	0.244,0.3,0.244	0.035
92	"AT1G75560"	"AT1G75560"	chr1	-	28372562	28373050	28372562	28372748	28373191	28373241	92	16,8,10	27,21,24	61,64,60	4,3,5	401	99	0	0.0	0.128,0.086,0.093	0.79,0.84,0.748	-0.69
95	"AT1G54610"	"AT1G54610"	chr1	-	20393791	20394264	20393791	20394261	20394584	20394702	95	0,2,1	13,11,7	0,1,0	9,7,13	102	99	0.69739020178	0.900795677299	0.0,0.15,0.122	0.0,0.122,0.0	0.05
100	"AT1G62180"	"APR2"	chr1	-	22976899	22977029	22976899	22977008	22977113	22977251	100	5,4,7	1,5,5	1,0,0	6,5,3	120	99	2.16376381812e-07	4.95196954348e-07	0.805,0.398,0.536	0.121,0.0,0.0	0.539
104	"AT1G64625"	"BHLH157"	chr1	+	24017646	24017736	24017676	24017736	24017545	24017587	104	1,0,1	6,8,2	1,1,0	3,2,0	129	99	1	1.0	0.113,0.0,0.277	0.204,0.277,NA	-0.11
105	"AT1G04020"	"BARD1"	chr1	+	1037920	1038175	1037923	1038175	1037530	1037746	105	1,2,0	1,1,0	1,1,1	7,2,5	102	99	1	1.0	0.493,0.66,NA	0.122,0.327,0.163	0.373
109	"AT1G54080"	"UBP1A"	chr1	-	20185312	20185400	20185312	20185388	20185573	20185661	109	4,1,3	10,17,9	4,5,4	10,15,13	111	99	0.32170428356	0.472849830577	0.263,0.05,0.229	0.263,0.229,0.215	-0.055
110	"AT1G76440"	"AT1G76440"	chr1	-	28682821	28683044	28682821	28683009	28683672	28683750	110	27,33,61	52,44,51	40,43,47	58,55,48	134	99	0.948303555294	1.0	0.277,0.357,0.469	0.338,0.366,0.42	-0.007
111	"AT1G17130"	"AT1G17130"	chr1	+	5854864	5855035	5854885	5855035	5854147	5854461	111	4,2,5	0,2,0	2,0,1	2,2,0	120	99	0.00338151032537	0.00666528913845	1.0,0.452,1.0	0.452,0.0,1.0	0.333
115	"AT1G29120"	"AT1G29120"	chr1	+	10175212	10175363	10175215	10175363	10174280	10174670	115	0,0,1	41,58,52	0,0,0	55,52,65	102	99	1	1.0	0.0,0.0,0.018	0.0,0.0,0.0	0.006
116	"AT1G29120"	"AT1G29120"	chr1	+	10177134	10177190	10177137	10177190	10176986	10177042	116	0,0,0	37,45,39	43,46,30	0,0,0	102	99	0	0.0	0.0,0.0,0.0	1.0,1.0,1.0	-1.0
120	"AT1G05170"	"B3GALT2"	chr1	-	1493327	1493401	1493327	1493392	1493494	1493591	120	0,2,2	1,2,3	4,7,3	2,0,3	108	99	0.0284536907689	0.0497574797548	0.0,0.478,0.379	0.647,1.0,0.478	-0.423
122	"AT1G49870"	"AT1G49870"	chr1	+	18460907	18461054	18460916	18461054	18460211	18460464	122	4,3,4	3,3,0	1,1,1	2,7,7	108	99	0.000114381506248	0.00023355744689	0.55,0.478,1.0	0.314,0.116,0.116	0.494
124	"AT1G32410"	"AT1G32410"	chr1	+	11694367	11694496	11694388	11694496	11693831	11693925	124	28,26,27	12,25,21	23,35,30	8,9,12	120	99	0.0126128114839	0.0233748299783	0.658,0.462,0.515	0.703,0.762,0.673	-0.168
131	"AT1G47900"	"FPP6"	chr1	-	17648016	17648077	17648016	17648071	17648157	17650420	131	11,4,6	1,0,1	0,0,0	4,4,2	105	99	1	1.0	0.912,1.0,0.85	0.0,0.0,0.0	0.921
134	"AT1G76280"	"AT1G76280"	chr1	-	28621672	28621780	28621672	28621768	28621954	28622142	134	13,17,19	0,1,0	15,28,20	0,0,1	111	99	1	1.0	1.0,0.938,1.0	1.0,1.0,0.947	-0.003
139	"AT1G16180"	"AT1G16180"	chr1	+	5540859	5541088	5540862	5541088	5540426	5540531	139	14,7,11	12,9,15	6,10,5	8,18,12	102	99	0.1958386776	0.307746493371	0.531,0.43,0.416	0.421,0.35,0.288	0.106
146	"AT1G66270"	"BGLU21"	chr1	-	24701799	24701887	24701799	24701881	24701977	24702055	146	0,3,2	7,9,15	6,8,10	0,0,1	105	99	4.4408920985e-16	1.38930661063e-15	0.0,0.239,0.112	1.0,1.0,0.904	-0.851
147	"AT1G35190"	"AT1G35190"	chr1	+	12891418	12891540	12891487	12891540	12891224	12891276	147	11,5,15	10,13,12	10,9,12	18,9,7	168	99	0.839138670176	1.0	0.393,0.185,0.424	0.247,0.371,0.503	-0.04
148	"AT1G63860"	"AT1G63860"	chr1	-	23702094	23702184	23702094	23702146	23702325	23702660	148	4,3,5	6,1,5	2,3,5	2,2,3	137	99	0.559921389177	0.742930714822	0.325,0.684,0.419	0.419,0.52,0.546	-0.019
151	"AT1G60600"	"ABC4"	chr1	-	22326365	22326590	22326365	22326582	22326669	22326769	151	8,5,5	8,9,12	3,7,4	9,15,12	107	99	0.278088305213	0.421458275901	0.481,0.34,0.278	0.236,0.302,0.236	0.108
155	"AT1G54217"	"AT1G54217"	chr1	-	20244703	20244824	20244703	20244821	20244995	20245059	155	4,1,1	12,22,16	9,16,18	1,5,1	102	99	9.99200722163e-16	3.01528713502e-15	0.244,0.042,0.057	0.897,0.756,0.946	-0.752
160	"AT1G01060"	"LHY"	chr1	-	34400	35474	34400	35471	35566	35647	160	95,109,102	14,25,33	74,62,109	26,14,27	102	99	0.474526159801	0.652473469726	0.868,0.809,0.75	0.734,0.811,0.797	0.028
161	"AT1G62790"	"AT1G62790"	chr1	+	23253383	23253743	23253386	23253743	23252895	23252943	161	0,0,1	2,5,8	12,12,5	0,0,0	102	99	0	0.0	0.0,0.0,0.108	1.0,1.0,1.0	-0.964
162	"AT1G73490"	"AT1G73490"	chr1	-	27634184	27634292	27634184	27634289	27634521	27634598	162	16,14,16	2,3,4	2,4,4	18,11,12	102	99	3.4130476223e-12	8.95268645542e-12	0.886,0.819,0.795	0.097,0.261,0.244	0.633
163	"AT1G34120"	"IP5P1"	chr1	+	12428879	12428988	12428882	12428988	12428612	12428803	163	3,2,1	39,53,45	28,18,30	0,1,0	102	99	0	0.0	0.069,0.035,0.021	1.0,0.946,1.0	-0.94
164	"AT1G62800"	"ASP4"	chr1	-	23256617	23256701	23256617	23256695	23256952	23257014	164	24,23,13	3,0,2	1,1,4	20,19,20	105	99	0	0.0	0.883,1.0,0.86	0.045,0.047,0.159	0.831
165	"AT1G52630"	"AT1G52630"	chr1	-	19607836	19607941	19607836	19607907	19608198	19608278	165	9,5,9	0,0,0	1,0,1	3,2,2	133	99	1	1.0	1.0,1.0,1.0	0.199,0.0,0.271	0.843
172	"AT1G29170"	"SCAR3"	chr1	-	10190529	10190646	10190529	10190632	10190746	10190839	172	32,24,22	10,21,19	23,29,29	17,12,21	113	99	0.927537408592	1.0	0.737,0.5,0.504	0.542,0.679,0.547	-0.009
174	"AT1G33050"	"AT1G33050"	chr1	-	11968588	11968744	11968588	11968675	11968970	11970511	174	4,3,6	25,25,23	30,19,17	0,2,1	168	99	0	0.0	0.086,0.066,0.133	1.0,0.848,0.909	-0.824
176	"AT1G25280"	"TULP10"	chr1	+	8865424	8865728	8865428	8865728	8864870	8865326	176	3,1,2	9,8,5	0,6,4	0,0,0	103	99	1	1.0	0.243,0.107,0.278	NA,1.0,1.0	-0.791
178	"AT1G08920"	"SUGTL2"	chr1	+	2869514	2869595	2869535	2869595	2869377	2869440	178	14,21,16	79,110,107	111,92,103	15,16,21	120	99	0	0.0	0.128,0.136,0.11	0.859,0.826,0.802	-0.704
197	"AT1G02190"	"AT1G02190"	chr1	+	416730	416838	416742	416838	416044	416435	197	0,0,0	8,22,20	26,29,22	0,1,3	111	99	0	0.0	0.0,0.0,0.0	1.0,0.963,0.867	-0.943
199	"AT1G06960"	"AT1G06960"	chr1	+	2136414	2136587	2136449	2136587	2135851	2136002	199	61,63,81	4,9,8	59,63,57	5,7,2	134	99	0.383440231384	0.546011002648	0.918,0.838,0.882	0.897,0.869,0.955	-0.028
203	"AT1G12740"	"CYP87A2"	chr1	+	4342722	4343062	4342740	4343062	4342281	4342658	203	5,4,1	9,11,11	8,8,13	7,0,1	117	99	9.168106192e-06	1.97868620979e-05	0.32,0.235,0.071	0.492,1.0,0.917	-0.594
205	"AT1G09195"	"AT1G09195"	chr1	-	2967939	2968254	2967939	2968199	2968379	2968403	205	17,18,20	2,3,3	3,3,4	15,19,22	154	99	0	0.0	0.845,0.794,0.811	0.114,0.092,0.105	0.713
211	"AT1G53780"	"RPT1B"	chr1	-	20076129	20076205	20076129	20076202	20076306	20076433	211	3,4,2	2,2,7	2,0,2	4,6,3	102	99	0.0632342390854	0.107814377641	0.593,0.66,0.217	0.327,0.0,0.393	0.25
214	"AT1G77810"	"B3GALT7"	chr1	-	29261324	29261468	29261324	29261450	29261537	29261625	214	8,7,16	0,0,0	0,0,1	6,4,7	117	99	0	0.0	1.0,1.0,1.0	0.0,0.0,0.108	0.964
215	"AT1G77810"	"B3GALT7"	chr1	-	29262209	29262388	29262209	29262379	29262481	29262540	215	9,13,14	0,1,0	0,0,0	4,4,7	108	99	0	0.0	1.0,0.923,1.0	0.0,0.0,0.0	0.974
217	"AT1G80640"	"AT1G80640"	chr1	+	30313912	30314002	30313916	30314002	30313717	30313833	217	0,2,0	3,4,4	1,1,7	1,1,4	103	99	6.22221350913e-05	0.000129376512598	0.0,0.325,0.0	0.49,0.49,0.627	-0.427
222	"AT1G02090"	"CSN7"	chr1	-	387583	387672	387583	387655	388267	388406	222	3,4,2	8,8,5	8,5,0	6,4,5	116	99	0.605411226706	0.794020108872	0.242,0.299,0.254	0.532,0.516,0.0	-0.084
223	"AT1G08220"	"AT1G08220"	chr1	-	2582796	2582865	2582796	2582860	2582997	2583038	223	1,0,3	8,10,8	7,4,8	1,2,1	104	99	4.34297620089e-09	1.0578249175e-08	0.106,0.0,0.263	0.87,0.656,0.884	-0.68
224	"AT1G23690"	"AT1G23690"	chr1	-	8378065	8378206	8378065	8378191	8378300	8378465	224	7,4,9	57,57,59	26,31,41	2,5,2	114	99	0	0.0	0.096,0.057,0.117	0.919,0.843,0.947	-0.813
225	"AT1G67140"	"SWEETIE"	chr1	-	25104758	25105196	25104758	25105193	25105293	25105497	225	0,1,0	9,12,14	0,0,0	10,11,13	102	99	1	1.0	0.0,0.075,0.0	0.0,0.0,0.0	0.025
230	"AT1G26320"	"AT1G26320"	chr1	+	9106481	9106564	9106496	9106564	9106232	9106399	230	1,1,1	4,8,3	0,2,1	1,0,1	114	99	0.368045885111	0.531795113656	0.178,0.098,0.224	0.0,1.0,0.465	-0.322
238	"AT1G08450"	"CRT3"	chr1	-	2670158	2670417	2670158	2670255	2670606	2670799	238	50,45,58	4,4,1	36,48,43	1,3,2	261	99	0.757760079362	0.957022915046	0.826,0.81,0.957	0.932,0.859,0.891	-0.03
241	"AT1G79480"	"AT1G79480"	chr1	-	29898016	29899099	29898016	29899096	29899188	29899604	241	6,7,5	63,42,49	44,41,42	4,5,3	102	99	0	0.0	0.085,0.139,0.09	0.914,0.888,0.931	-0.806
244	"AT1G67660"	"AT1G67660"	chr1	+	25364104	25365229	25364117	25365229	25363534	25363689	244	3,9,4	1,0,1	2,2,2	0,0,0	112	99	1	1.0	0.726,1.0,0.78	1.0,1.0,1.0	-0.165
246	"AT1G22700"	"AT1G22700"	chr1	-	8029085	8029399	8029085	8029384	8029487	8029524	246	2,1,0	14,14,13	10,9,7	2,0,2	114	99	1.66533453694e-15	4.89550928531e-15	0.11,0.058,0.0	0.813,1.0,0.752	-0.799
247	"AT1G22700"	"AT1G22700"	chr1	-	8029487	8029528	8029487	8029524	8029755	8029971	247	7,5,8	0,1,1	3,0,2	5,9,3	103	99	1	1.0	1.0,0.828,0.885	0.366,0.0,0.391	0.652
249	"AT1G23950"	"AT1G23950"	chr1	-	8470351	8470602	8470351	8470512	8470683	8470897	249	149,142,129	0,2,3	39,27,32	0,1,2	189	99	0.892836801958	1.0	1.0,0.974,0.957	1.0,0.934,0.893	0.035
252	"AT1G17160"	"AT1G17160"	chr1	+	5869120	5869356	5869152	5869356	5868844	5869040	252	1,1,0	18,12,16	27,15,17	2,1,2	131	99	1	1.0	0.04,0.059,0.0	0.911,0.919,0.865	-0.865
254	"AT1G55325"	"MED13"	chr1	+	20643370	20643548	20643430	20643548	20643097	20643275	254	3,4,2	3,0,2	2,5,6	1,0,1	159	99	0.00659279925257	0.0125594667325	0.384,1.0,0.384	0.555,1.0,0.789	-0.192
256	"AT1G32230"	"RCD1"	chr1	+	11615401	11615560	11615404	11615560	11615231	11615311	256	12,14,11	4,6,5	4,4,3	2,8,10	102	99	0.00767212988403	0.0144541231517	0.744,0.694,0.681	0.66,0.327,0.226	0.302
260	"AT1G37150"	"HCS2"	chr1	-	14175169	14175246	14175169	14175218	14175329	14175396	260	33,47,37	4,3,0	2,11,4	22,32,26	127	99	0	0.0	0.865,0.924,1.0	0.066,0.211,0.107	0.802
261	"AT1G37150"	"HCS2"	chr1	-	14176682	14176754	14176682	14176744	14176826	14177100	261	1,2,2	35,33,27	31,42,47	2,7,10	109	99	0	0.0	0.025,0.052,0.063	0.934,0.845,0.81	-0.816
265	"AT1G76405"	"OEP21B"	chr1	+	28662957	28663110	28662967	28663110	28662786	28662861	265	7,10,5	2,0,1	1,1,2	5,6,2	109	99	3.10890533317e-07	7.06757812407e-07	0.761,1.0,0.82	0.154,0.131,0.476	0.607
268	"AT1G71240"	"AT1G71240"	chr1	+	26856086	26856237	26856089	26856237	26855766	26855998	268	1,0,0	5,3,12	2,4,5	0,0,0	102	99	0	0.0	0.163,0.0,0.0	1.0,1.0,1.0	-0.946
270	"AT1G53760"	"AT1G53760"	chr1	-	20069385	20069514	20069385	20069441	20069594	20069666	270	1,1,2	7,7,7	29,35,16	2,3,0	172	99	0	0.0	0.076,0.076,0.141	0.893,0.87,1.0	-0.823
275	"AT1G55500"	"ECT4"	chr1	+	20720569	20721091	20720608	20721091	20720415	20720471	275	2,3,5	64,65,54	206,166,181	11,9,19	138	99	0	0.0	0.022,0.032,0.062	0.931,0.93,0.872	-0.872
281	"AT1G08600"	"ATRX"	chr1	+	2724542	2724876	2724545	2724876	2724263	2724301	281	1,0,0	13,9,17	10,12,10	1,1,1	102	99	0	0.0	0.069,0.0,0.0	0.907,0.921,0.907	-0.889
288	"AT1G48980"	"AT1G48980"	chr1	+	18119231	18119546	18119243	18119546	18118016	18118805	288	36,32,41	14,10,13	45,43,49	13,24,9	111	99	0.950023786893	1.0	0.696,0.741,0.738	0.755,0.615,0.829	-0.008
292	"AT1G52470"	"AT1G52470"	chr1	+	19555070	19555164	19555072	19555164	19554908	19554991	292	6,5,8	8,7,11	3,6,10	9,5,8	101	99	0.802922617324	1.0	0.424,0.412,0.416	0.246,0.54,0.551	-0.028
294	"AT1G53570"	"MAP3KA"	chr1	+	19990314	19990400	19990317	19990400	19990004	19990235	294	36,33,48	1,0,0	24,33,29	0,1,1	102	99	1	1.0	0.972,1.0,1.0	1.0,0.97,0.966	0.012
295	"AT1G53570"	"MAP3KA"	chr1	+	19990477	19991113	19990480	19991113	19990314	19990400	295	1,4,0	46,43,44	40,33,42	0,0,0	102	99	0	0.0	0.021,0.083,0.0	1.0,1.0,1.0	-0.965
300	"AT1G21650"	"SECA2"	chr1	-	7593516	7593706	7593516	7593685	7593810	7593880	300	7,14,9	0,1,0	2,1,1	6,0,5	120	99	1.2452166368e-06	2.75726541006e-06	1.0,0.92,1.0	0.216,1.0,0.142	0.521
307	"AT1G32490"	"ESP3"	chr1	-	11746683	11746763	11746683	11746733	11746862	11746926	307	2,3,3	1,3,2	0,2,1	4,3,2	129	99	0.007465190403	0.0141423884857	0.606,0.434,0.535	0.0,0.338,0.277	0.32
308	"AT1G13450"	"GT-1"	chr1	-	4613285	4613889	4613285	4613516	4614197	4614236	308	31,29,35	7,6,9	18,25,12	10,7,16	472	99	0.0103972010931	0.0194804701799	0.482,0.503,0.449	0.274,0.428,0.136	0.199
309	"AT1G08680"	"AGD14"	chr1	+	2766505	2766643	2766508	2766643	2765575	2766175	309	5,1,6	12,15,14	24,28,20	0,1,1	102	99	0	0.0	0.288,0.061,0.294	1.0,0.965,0.951	-0.758
310	"AT1G08680"	"AGD14"	chr1	+	2766719	2766821	2766725	2766821	2766505	2766643	310	0,6,2	25,19,26	1,5,1	16,9,19	105	99	0.49748256559	0.678566219465	0.0,0.229,0.068	0.056,0.344,0.047	-0.05
315	"AT1G34220"	"AT1G34220"	chr1	-	12464631	12464862	12464631	12464772	12464998	12465170	315	0,0,0	2,0,1	2,3,1	0,0,0	189	99	1	1.0	0.0,NA,0.0	1.0,1.0,1.0	-1.0
320	"AT1G67950"	"AT1G67950"	chr1	-	25478712	25479378	25478712	25479375	25479445	25479529	320	34,32,39	1,4,2	0,0,1	15,14,7	102	99	0	0.0	0.971,0.886,0.95	0.0,0.0,0.122	0.895
326	"AT1G80810"	"AT1G80810"	chr1	+	30368071	30368118	30368074	30368118	30367911	30367998	326	2,0,1	1,0,0	1,1,1	1,0,0	102	99	1	1.0	0.66,NA,1.0	0.493,1.0,1.0	-0.001
328	"AT1G25220"	"ASB1"	chr1	-	8838394	8838504	8838394	8838465	8839115	8839279	328	2,1,2	0,4,0	2,0,1	1,3,1	138	99	0.00568858276432	0.0109593600149	1.0,0.152,1.0	0.589,0.0,0.418	0.382
330	"AT1G01740"	"AT1G01740"	chr1	-	274166	274289	274166	274249	274383	274569	330	1,4,4	5,8,5	13,9,7	0,1,1	139	99	1	1.0	0.125,0.263,0.363	1.0,0.865,0.833	-0.649
344	"AT1G63940"	"MDAR6"	chr1	+	23732990	23733053	23733002	23733053	23732814	23732903	344	109,113,116	41,35,49	118,130,104	35,41,33	111	99	0.301454160376	0.452845236512	0.703,0.742,0.679	0.75,0.739,0.738	-0.034
346	"AT1G50500"	"VPS53"	chr1	-	18715282	18715434	18715282	18715377	18715548	18715645	346	2,3,3	6,2,6	4,0,1	3,4,3	156	99	0.445855424768	0.615533197757	0.175,0.488,0.241	0.458,0.0,0.175	0.09
351	"AT1G09980"	"AT1G09980"	chr1	-	3258636	3258770	3258636	3258767	3258864	3259104	351	3,1,0	4,5,7	5,3,6	0,0,0	102	99	1.31339383813e-13	3.55450237145e-13	0.421,0.163,0.0	1.0,1.0,1.0	-0.805
352	"AT1G16610"	"SR45"	chr1	-	5677153	5677376	5677153	5677355	5677465	5677634	352	15,26,22	0,0,0	0,0,0	8,5,11	120	99	0	0.0	1.0,1.0,1.0	0.0,0.0,0.0	1.0
366	"AT1G34170"	"ARF13"	chr1	-	12445124	12445238	12445124	12445160	12445347	12445512	366	20,12,11	0,0,1	4,1,2	16,10,14	177	99	0	0.0	1.0,1.0,0.86	0.123,0.053,0.074	0.87
371	"AT1G13610"	"AT1G13610"	chr1	-	4664821	4665058	4664821	4665053	4665275	4665312	371	1,0,5	3,7,12	11,5,11	3,0,1	104	99	1.11016440485e-08	2.68486568833e-08	0.241,0.0,0.284	0.777,1.0,0.913	-0.722
385	"AT1G72330"	"ALAAT2"	chr1	+	27236004	27236079	27236038	27236079	27235764	27235919	385	3,1,2	28,20,23	15,21,9	0,2,0	133	99	0	0.0	0.074,0.036,0.061	1.0,0.887,1.0	-0.905
390	"AT1G73090"	"AT1G73090"	chr1	+	27489339	27489560	27489423	27489560	27489203	27489266	390	15,20,19	3,1,1	5,9,2	22,17,27	183	99	0	0.0	0.73,0.915,0.911	0.109,0.223,0.039	0.728
397	"AT1G10600"	"AMSH2"	chr1	+	3505015	3505502	3505018	3505502	3504881	3504934	397	0,1,1	9,13,12	14,20,14	1,0,0	102	99	0	0.0	0.0,0.069,0.075	0.931,1.0,1.0	-0.929
409	"AT1G27752"	"AT1G27752"	chr1	+	9663958	9664053	9663969	9664053	9663087	9663149	409	2,2,2	18,7,9	32,34,27	0,0,0	110	99	0	0.0	0.091,0.205,0.167	1.0,1.0,1.0	-0.846
414	"AT1G17455"	"EFL4"	chr1	+	5997885	5998475	5997893	5998475	5997179	5997399	414	2,1,4	6,2,4	6,4,8	1,0,0	107	99	2.182514236e-08	5.24110813011e-08	0.236,0.316,0.481	0.847,1.0,1.0	-0.605
426	"AT1G69530"	"EXPA1"	chr1	+	26143108	26143496	26143111	26143496	26142744	26143034	426	15,12,19	2,0,0	7,10,11	1,0,0	102	99	1	1.0	0.879,1.0,1.0	0.872,1.0,1.0	0.002
431	"AT1G08630"	"THA1"	chr1	-	2744474	2744533	2744474	2744491	2744613	2744818	431	52,70,62	3,1,1	10,6,5	20,22,18	141	99	0	0.0	0.924,0.98,0.978	0.26,0.161,0.163	0.766
432	"AT1G08630"	"THA1"	chr1	-	2745242	2745702	2745242	2745693	2746403	2746477	432	7,6,7	34,45,38	27,25,20	0,0,1	108	99	0	0.0	0.159,0.109,0.144	1.0,1.0,0.948	-0.845
437	"AT1G44780"	"AT1G44780"	chr1	+	16911209	16911289	16911212	16911289	16910814	16911132	437	1,2,1	3,8,3	5,8,8	0,2,0	102	99	1.25449062249e-09	3.07756332568e-09	0.244,0.195,0.244	1.0,0.795,1.0	-0.704
438	"AT1G68080"	"AT1G68080"	chr1	+	25518200	25518296	25518260	25518296	25518034	25518107	438	41,30,38	1,2,1	7,8,7	35,46,28	159	99	0	0.0	0.962,0.903,0.959	0.111,0.098,0.135	0.827
445	"AT1G80490"	"TPR1"	chr1	-	30264999	30265109	30264999	30265106	30265248	30265372	445	8,6,2	21,29,22	26,17,13	3,1,3	102	99	0	0.0	0.27,0.167,0.081	0.894,0.943,0.808	-0.709
446	"AT1G80490"	"TPR1"	chr1	-	30266366	30266540	30266366	30266508	30266899	30267038	446	6,2,6	40,23,19	25,20,18	4,1,1	131	99	0	0.0	0.102,0.062,0.193	0.825,0.938,0.932	-0.779
450	"AT1G52410"	"TSA1"	chr1	+	19522857	19522926	19522869	19522926	19522711	19522759	450	54,44,44	5,3,3	1,4,0	38,44,46	111	99	0	0.0	0.906,0.929,0.929	0.023,0.075,0.0	0.889
469	"AT1G72640"	"AT1G72640"	chr1	-	27347584	27347661	27347584	27347658	27347769	27347856	469	1,7,4	18,25,13	9,5,9	22,20,17	102	99	0.108728978068	0.178252795775	0.051,0.214,0.23	0.284,0.195,0.339	-0.108
471	"AT1G23570"	"AT1G23570"	chr1	-	8355588	8355938	8355588	8355732	8356052	8356232	471	74,63,56	57,67,54	65,73,68	64,49,59	305	99	0.546773806206	0.730078414062	0.296,0.234,0.252	0.248,0.326,0.272	-0.021
473	"AT1G33470"	"AT1G33470"	chr1	+	12145683	12145942	12145686	12145942	12145573	12145610	473	11,9,7	1,0,0	2,1,0	1,3,3	102	99	3.64332395364e-08	8.68792635099e-08	0.914,1.0,1.0	0.66,0.244,0.0	0.67
476	"AT1G02205"	"CER1"	chr1	+	421719	421908	421734	421908	421525	421633	476	4,5,7	1,0,0	0,2,3	5,7,8	114	99	3.62855301361e-11	9.30328253865e-11	0.776,1.0,1.0	0.0,0.199,0.246	0.777
483	"AT1G44770"	"AT1G44770"	chr1	-	16908654	16908866	16908654	16908863	16908942	16909060	483	13,9,22	0,1,4	2,6,3	31,31,24	102	99	0	0.0	1.0,0.897,0.842	0.059,0.158,0.108	0.805
490	"AT1G01320"	"AT1G01320"	chr1	-	121492	123501	121492	123495	123578	123669	490	4,4,3	5,3,7	4,4,2	3,3,3	105	99	0.478363993333	0.655108922597	0.43,0.557,0.288	0.557,0.557,0.386	-0.075
491	"AT1G01320"	"AT1G01320"	chr1	-	124920	125046	124920	125022	125133	125226	491	6,2,5	8,6,3	3,2,7	2,4,3	123	99	0.402455656018	0.565181972368	0.376,0.212,0.573	0.547,0.287,0.653	-0.109
495	"AT1G57870"	"ASK4"	chr1	-	21434736	21434972	21434736	21434968	21435252	21435369	495	4,3,3	167,160,169	1,0,1	129,110,116	103	99	0.548094058651	0.730078414062	0.023,0.018,0.017	0.007,0.0,0.008	0.014
497	"AT1G57943"	"PUP17"	chr1	-	21437601	21438758	21437601	21438755	21438849	21438889	497	1,0,2	14,20,12	19,24,40	6,1,2	102	99	0	0.0	0.065,0.0,0.139	0.755,0.959,0.951	-0.82
498	"AT1G72250"	"AT1G72250"	chr1	+	27194728	27194805	27194742	27194805	27194438	27194649	498	6,5,9	77,70,78	202,206,221	4,5,5	113	99	0	0.0	0.064,0.059,0.092	0.978,0.973,0.975	-0.904
499	"AT1G53670"	"MSRB1"	chr1	+	20037641	20037839	20037662	20037839	20037461	20037527	499	18,18,23	1,1,1	3,3,4	13,14,13	120	99	0	0.0	0.937,0.937,0.95	0.16,0.15,0.202	0.771
500	"AT1G53910"	"RAP2-12"	chr1	+	20135799	20136970	20135805	20136970	20135111	20135536	500	33,42,42	23,25,17	26,22,34	40,36,36	105	99	0.00017767227747	0.000358498500694	0.575,0.613,0.7	0.38,0.366,0.471	0.224
508	"AT1G72416"	"AT1G72416"	chr1	-	27259220	27259433	27259220	27259430	27259519	27259576	508	12,7,12	5,7,10	9,12,8	12,7,2	102	99	0.900152562608	1.0	0.7,0.493,0.538	0.421,0.625,0.795	-0.037
531	"AT1G02850"	"BGLU11"	chr1	+	631927	632043	631999	632043	631602	631858	531	26,29,24	10,5,8	14,10,25	10,13,9	171	99	0.0335027419252	0.0579920558198	0.601,0.771,0.635	0.448,0.308,0.617	0.211
532	"AT1G02850"	"BGLU11"	chr1	+	631927	632043	632008	632043	631602	631858	532	28,31,27	5,5,3	15,11,30	6,9,2	180	99	0.170060904146	0.269724503785	0.755,0.773,0.832	0.579,0.402,0.892	0.162
533	"AT1G02850"	"BGLU11"	chr1	+	631999	632043	632008	632043	631602	631858	533	12,7,11	5,5,3	11,14,14	6,9,2	108	99	0.903270085556	1.0	0.688,0.562,0.771	0.627,0.588,0.865	-0.02
534	"AT1G02850"	"BGLU11"	chr1	+	632880	633259	632883	633259	632715	632806	534	10,7,4	29,24,21	4,7,4	22,29,32	102	99	0.216027256456	0.334842247507	0.251,0.221,0.156	0.15,0.19,0.108	0.06
541	"AT1G55520"	"TBP2"	chr1	-	20725725	20726058	20725725	20726055	20726143	20726224	541	245,236,276	1626,1620,1760	1556,1605,1355	238,228,181	102	99	0	0.0	0.128,0.124,0.132	0.864,0.872,0.879	-0.744
558	"AT1G08310"	"AT1G08310"	chr1	+	2619396	2619617	2619405	2619617	2619114	2619292	558	16,17,13	54,49,50	47,49,24	8,4,1	108	99	0	0.0	0.214,0.241,0.192	0.843,0.918,0.957	-0.69
564	"AT1G21630"	"AT1G21630"	chr1	+	7585520	7585635	7585523	7585635	7585377	7585449	564	0,1,0	3,3,7	0,5,2	0,0,0	102	99	1	1.0	0.0,0.244,0.0	NA,1.0,1.0	-0.919
574	"AT1G57820"	"ORTH2"	chr1	-	21416018	21416144	21416018	21416135	21416373	21416903	574	14,23,14	3,3,2	3,5,4	19,34,36	108	99	0	0.0	0.811,0.875,0.865	0.126,0.119,0.092	0.738
584	"AT1G28530"	"AT1G28530"	chr1	-	10034235	10034724	10034235	10034721	10034821	10035025	584	3,0,2	3,4,7	16,16,16	6,2,4	102	99	4.65574325303e-05	9.80005215607e-05	0.493,0.0,0.217	0.721,0.886,0.795	-0.564
593	"AT1G31420"	"FEI1"	chr1	+	11252755	11253004	11252758	11253004	11252347	11252680	593	11,11,7	4,2,0	1,3,3	2,9,4	102	99	2.56250065468e-05	5.46132952029e-05	0.727,0.842,1.0	0.327,0.244,0.421	0.526
602	"AT1G75890"	"EXL2"	chr1	+	28494066	28494339	28494105	28494339	28493868	28493999	602	22,28,24	2,1,0	2,2,1	12,12,12	138	99	0	0.0	0.888,0.953,1.0	0.107,0.107,0.056	0.857
605	"AT1G78150"	"AT1G78150"	chr1	+	29405465	29405652	29405552	29405652	29405213	29405287	605	8,10,6	9,7,6	13,4,13	9,3,6	186	99	0.307815898169	0.460373777525	0.321,0.432,0.347	0.435,0.415,0.536	-0.095
607	"AT1G55810"	"UKL3"	chr1	+	20863485	20863558	20863500	20863558	20863325	20863419	607	13,15,13	23,11,18	15,18,21	20,23,14	114	99	0.612852120891	0.800699514268	0.329,0.542,0.385	0.394,0.405,0.566	-0.036
616	"AT1G49720"	"ABF1"	chr1	+	18400741	18401824	18400783	18401824	18400091	18400160	616	12,20,19	0,2,0	2,1,1	12,26,26	141	99	0	0.0	1.0,0.875,1.0	0.105,0.026,0.026	0.906
617	"AT1G53730"	"SRF6"	chr1	+	20065091	20065251	20065094	20065251	20064868	20065002	617	9,9,4	2,3,0	0,2,1	9,8,6	102	99	7.33707761214e-10	1.82623610638e-09	0.814,0.744,1.0	0.0,0.195,0.139	0.741
619	"AT1G03457"	"BRN2"	chr1	-	862487	862640	862487	862613	862752	862804	619	28,26,17	0,0,1	3,0,4	25,11,16	126	99	0	0.0	1.0,1.0,0.93	0.086,0.0,0.164	0.893
622	"AT1G55350"	"DEK1"	chr1	-	20653819	20654256	20653819	20654235	20654322	20654768	622	18,18,10	1,0,1	30,19,21	0,1,2	120	99	1	1.0	0.937,1.0,0.892	1.0,0.94,0.897	-0.003
632	"AT1G42480"	"AT1G42480"	chr1	+	15937169	15937249	15937218	15937249	15937018	15937045	632	8,11,7	26,29,36	74,65,64	0,0,2	148	99	0	0.0	0.171,0.202,0.115	1.0,1.0,0.955	-0.822
635	"AT1G61100"	"AT1G61100"	chr1	-	22511168	22511215	22511168	22511212	22511306	22511359	635	1,0,0	19,8,16	0,2,0	9,16,16	102	99	1	1.0	0.049,0.0,0.0	0.0,0.108,0.0	-0.02
641	"AT1G79830"	"GC5"	chr1	-	30033360	30033590	30033360	30033584	30033713	30033794	641	13,8,16	72,60,65	22,25,25	3,3,2	105	99	0	0.0	0.145,0.112,0.188	0.874,0.887,0.922	-0.746
642	"AT1G02960"	"AT1G02960"	chr1	-	667372	667464	667372	667437	667540	667641	642	1,1,4	24,24,23	4,4,6	34,33,34	126	99	0.141896017429	0.226105336184	0.032,0.032,0.12	0.085,0.087,0.122	-0.037
645	"AT1G04300"	"AT1G04300"	chr1	-	1152878	1152971	1152878	1152947	1153035	1153124	645	27,28,39	4,7,8	4,5,2	15,4,13	123	99	6.61888682751e-08	1.5459180878e-07	0.845,0.763,0.797	0.177,0.502,0.11	0.539
650	"AT1G16240"	"SYP51"	chr1	-	5555006	5555314	5555006	5555312	5555508	5555553	650	5,11,5	0,0,1	1,2,0	15,13,10	101	99	0	0.0	1.0,1.0,0.831	0.061,0.131,0.0	0.88
651	"AT1G15350"	"AT1G15350"	chr1	-	5278944	5279194	5278944	5279189	5279481	5279574	651	0,0,1	14,22,13	35,20,32	2,1,2	104	99	0	0.0	0.0,0.0,0.068	0.943,0.95,0.938	-0.921
654	"AT1G66200"	"GLN1-2"	chr1	-	24656661	24656795	24656661	24656768	24656854	24656903	654	6,14,13	26,17,16	9,9,11	14,12,16	126	99	0.573116700659	0.757491453197	0.153,0.393,0.39	0.336,0.371,0.351	-0.041
661	"AT1G17450"	"AT1G17450"	chr1	-	5994487	5995117	5994487	5995033	5995212	5995398	661	1,0,0	5,13,17	11,16,17	0,0,0	183	99	0	0.0	0.098,0.0,0.0	1.0,1.0,1.0	-0.967
662	"AT1G77890"	"AT1G77890"	chr1	+	29293400	29293478	29293433	29293478	29293206	29293278	662	7,8,3	38,19,35	45,35,34	5,5,2	132	99	0	0.0	0.121,0.24,0.06	0.871,0.84,0.927	-0.739
663	"AT1G58025"	"AT1G58025"	chr1	-	21459370	21459431	21459370	21459428	21460033	21460268	663	13,8,5	11,5,10	8,7,3	2,2,11	102	99	0.529784598239	0.714057501974	0.534,0.608,0.327	0.795,0.773,0.209	-0.103
667	"AT1G64110"	"AT1G64110"	chr1	-	23799367	23799438	23799367	23799432	23799521	23799613	667	12,10,5	5,6,4	4,5,11	7,5,7	105	99	0.234516390195	0.36185560659	0.694,0.611,0.541	0.35,0.485,0.597	0.138
668	"AT1G61210"	"AT1G61210"	chr1	+	22567736	22568174	22567742	22568174	22567046	22567209	668	1,6,2	2,4,0	2,0,2	6,6,8	105	99	0.0039453135409	0.00773190757153	0.32,0.586,1.0	0.239,0.0,0.191	0.492
673	"AT1G59890"	"SNL5"	chr1	+	22046817	22046972	22046829	22046972	22046501	22046719	673	2,3,1	18,15,12	19,19,17	1,2,2	111	99	0	0.0	0.09,0.151,0.069	0.944,0.894,0.883	-0.804
674	"AT1G55050"	"AT1G55050"	chr1	+	20542769	20543453	20542773	20543453	20541886	20542001	674	34,31,38	8,9,3	3,4,3	45,36,52	103	99	0	0.0	0.803,0.768,0.924	0.06,0.096,0.053	0.762
677	"AT1G71860"	"PTP1"	chr1	+	27028353	27028495	27028358	27028495	27028131	27028280	677	2,2,1	4,7,5	4,3,3	1,2,0	104	99	5.56228284961e-05	0.000116364322191	0.322,0.214,0.16	0.792,0.588,1.0	-0.561
678	"AT1G71860"	"PTP1"	chr1	+	27028762	27029092	27028768	27029092	27028591	27028677	678	6,12,8	0,1,0	0,2,2	3,2,2	105	99	1.62042513852e-07	3.75894538936e-07	1.0,0.919,1.0	0.0,0.485,0.485	0.65
680	"AT1G28630"	"AT1G28630"	chr1	-	10061470	10061583	10061470	10061565	10061667	10061799	680	35,33,31	0,0,0	39,27,33	1,1,1	117	99	0.402754308755	0.565181972368	1.0,1.0,1.0	0.971,0.958,0.965	0.035
681	"AT1G28630"	"AT1G28630"	chr1	-	10062438	10062543	10062438	10062540	10062688	10062802	681	24,20,18	9,8,14	26,24,27	8,12,9	102	99	0.414254692311	0.576574898278	0.721,0.708,0.555	0.759,0.66,0.744	-0.06
684	"AT1G21060"	"AT1G21060"	chr1	+	7372097	7372160	7372133	7372160	7371946	7372013	684	2,2,0	8,7,9	1,4,2	0,0,0	135	99	4.65627536528e-13	1.24046085903e-12	0.155,0.173,0.0	1.0,1.0,1.0	-0.891
686	"AT1G10657"	"AT1G10657"	chr1	+	3531192	3531342	3531264	3531342	3530821	3530927	686	65,37,72	46,31,45	52,40,44	38,24,34	171	99	0.926912877677	1.0	0.45,0.409,0.481	0.442,0.491,0.428	-0.007
698	"AT1G32070"	"NSI"	chr1	-	11535224	11535340	11535224	11535337	11535457	11535569	698	94,61,75	4,1,2	44,28,44	0,1,0	102	99	0.342498160066	0.501252672028	0.958,0.983,0.973	1.0,0.965,1.0	-0.017
706	"AT1G54840"	"IDM2"	chr1	-	20452592	20453054	20452592	20453044	20453136	20453935	706	0,0,0	4,3,7	2,0,0	0,0,0	109	99	1	1.0	0.0,0.0,0.0	1.0,NA,NA	-1.0
710	"AT1G60610"	"AT1G60610"	chr1	-	22329663	22329721	22329663	22329713	22330124	22330207	710	6,8,8	95,158,129	13,10,24	167,200,253	107	99	0.243809480593	0.372820775257	0.055,0.045,0.054	0.067,0.044,0.081	-0.013
713	"AT1G23860"	"RSZ21"	chr1	-	8428234	8428399	8428234	8428330	8428604	8428818	713	17,9,13	105,98,102	41,60,48	3,5,1	168	99	0	0.0	0.087,0.051,0.07	0.89,0.876,0.966	-0.841
734	"AT1G75060"	"AT1G75060"	chr1	-	28181824	28181887	28181824	28181884	28181972	28182112	734	8,10,5	2,1,0	0,1,0	3,4,3	102	99	1.19105836305e-11	3.10038856336e-11	0.795,0.907,1.0	0.0,0.195,0.0	0.836
738	"AT1G60640"	"AT1G60640"	chr1	-	22338318	22338384	22338318	22338381	22338466	22338526	738	5,6,1	0,3,5	1,2,1	3,2,2	102	99	0.103969074159	0.17210414703	1.0,0.66,0.163	0.244,0.493,0.327	0.253
739	"AT1G24300"	"AT1G24300"	chr1	-	8615283	8617452	8615283	8617437	8617616	8618327	739	23,17,18	17,15,22	11,15,12	25,23,20	114	99	0.0229720346121	0.0410128994907	0.54,0.496,0.415	0.276,0.362,0.343	0.157
740	"AT1G19140"	"AT1G19140"	chr1	-	6611237	6611314	6611237	6611311	6611397	6611569	740	0,1,2	17,15,12	9,21,22	0,0,2	102	99	1	1.0	0.0,0.061,0.139	1.0,1.0,0.914	-0.905
741	"AT1G11840"	"ATGLX1"	chr1	+	3997238	3997391	3997248	3997391	3997033	3997141	741	102,94,92	2,4,2	79,66,86	3,2,5	109	99	0.351557611613	0.512312587863	0.979,0.955,0.977	0.96,0.968,0.94	0.014
753	"AT1G70620"	"AT1G70620"	chr1	+	26629001	26629962	26629052	26629962	26628830	26628897	753	26,27,21	0,0,1	3,2,2	22,22,24	150	99	0	0.0	1.0,1.0,0.933	0.083,0.057,0.052	0.914
754	"AT1G70620"	"AT1G70620"	chr1	+	26630397	26630582	26630504	26630582	26630246	26630303	754	19,17,16	0,0,0	6,8,2	19,16,18	206	99	0	0.0	1.0,1.0,1.0	0.132,0.194,0.051	0.874
760	"AT1G19330"	"AT1G19330"	chr1	-	6681205	6681271	6681205	6681268	6681360	6681515	760	7,5,7	10,5,9	6,6,4	16,13,10	102	99	0.117487255542	0.190776924475	0.405,0.493,0.43	0.267,0.309,0.28	0.157
761	"AT1G19330"	"AT1G19330"	chr1	-	6681360	6681515	6681360	6681500	6681682	6681809	761	11,15,14	1,0,1	17,13,8	2,0,0	114	99	1	1.0	0.905,1.0,0.924	0.881,1.0,1.0	-0.017
762	"AT1G21690"	"RFC4"	chr1	+	7616603	7616726	7616624	7616726	7616027	7616107	762	6,2,3	13,19,22	19,17,16	2,1,0	120	99	0	0.0	0.276,0.08,0.101	0.887,0.933,1.0	-0.788
767	"AT1G14270"	"AT1G14270"	chr1	-	4876360	4876472	4876360	4876468	4876669	4876767	767	31,29,19	2,1,0	1,3,6	1,0,1	103	99	0.386031006308	0.5462098471	0.937,0.965,1.0	0.49,1.0,0.852	0.187
775	"AT1G80040"	"AT1G80040"	chr1	-	30109692	30110115	30109692	30109866	30110306	30110621	775	303,317,348	9,9,10	6,6,10	62,62,43	348	99	0	0.0	0.905,0.909,0.908	0.027,0.027,0.062	0.869
785	"AT1G29850"	"AT1G29850"	chr1	+	10448845	10448907	10448848	10448907	10448679	10448745	785	0,1,0	88,73,86	65,66,66	1,0,1	102	99	0	0.0	0.0,0.013,0.0	0.984,1.0,0.985	-0.985
787	"AT1G71770"	"PAB5"	chr1	-	26993155	26993607	26993155	26993589	26994102	26994259	787	1,0,1	17,10,18	4,3,4	0,1,0	117	99	2.6645352591e-15	7.76586772097e-15	0.047,0.0,0.045	1.0,0.717,1.0	-0.875
795	"AT1G11870"	"ATSRS"	chr1	+	4004169	4004321	4004175	4004321	4003845	4004099	795	1,2,1	8,3,5	3,5,8	0,1,0	105	99	9.25181042888e-11	2.35437862407e-10	0.105,0.386,0.159	1.0,0.825,1.0	-0.725
796	"AT1G11870"	"ATSRS"	chr1	+	4006096	4006190	4006116	4006190	4005886	4006021	796	8,6,8	3,1,0	0,0,0	1,0,1	119	99	1	1.0	0.689,0.833,1.0	0.0,NA,0.0	0.841
797	"AT1G31360"	"MED34"	chr1	+	11233086	11233233	11233135	11233233	11232755	11232979	797	9,16,12	1,2,4	3,1,1	17,17,15	148	99	6.66133814775e-16	2.02813956106e-15	0.858,0.843,0.667	0.106,0.038,0.043	0.727
798	"AT1G14570"	"PUX7"	chr1	+	4983734	4983871	4983753	4983871	4983534	4983638	798	9,9,4	0,0,2	17,16,14	109,104,95	118	99	2.88657986403e-14	8.06822732487e-14	1.0,1.0,0.627	0.116,0.114,0.11	0.762
799	"AT1G14570"	"PUX7"	chr1	+	4985427	4985656	4985490	4985656	4984635	4984746	799	60,76,63	4,2,5	2,3,3	105,138,90	162	99	0	0.0	0.902,0.959,0.885	0.012,0.013,0.02	0.9
801	"AT1G23110"	"AT1G23110"	chr1	-	8197498	8197752	8197498	8197747	8198070	8198331	801	3,2,1	57,67,59	16,9,4	2,6,3	104	99	0	0.0	0.048,0.028,0.016	0.884,0.588,0.559	-0.646
804	"AT1G28210"	"ATJ1"	chr1	+	9859856	9860158	9859892	9860158	9859370	9859460	804	8,10,11	0,0,1	3,4,3	18,23,12	135	99	0	0.0	1.0,1.0,0.89	0.109,0.113,0.155	0.838
809	"AT1G60850"	"ATRPAC42"	chr1	-	22400020	22400178	22400020	22400167	22400284	22400362	809	4,0,1	4,2,1	19,17,15	0,2,0	110	99	2.26539972359e-06	4.9838793919e-06	0.474,0.0,0.474	1.0,0.884,1.0	-0.645
813	"AT1G30500"	"NFYA7"	chr1	-	10804988	10805153	10804988	10805141	10805232	10805307	813	33,32,25	8,5,4	5,9,3	18,22,20	111	99	0	0.0	0.786,0.851,0.848	0.199,0.267,0.118	0.634
814	"AT1G12370"	"PHR1"	chr1	-	4207111	4207170	4207111	4207152	4207242	4207279	814	5,9,7	9,20,6	11,11,9	7,8,10	117	99	0.0880435458456	0.147170829085	0.32,0.276,0.497	0.571,0.538,0.432	-0.149
820	"AT1G55340"	"AT1G55340"	chr1	+	20652901	20653172	20652931	20653172	20652575	20652822	820	10,11,10	42,43,33	17,5,17	52,38,50	129	99	0.974840045904	1.0	0.154,0.164,0.189	0.201,0.092,0.207	0.002
821	"AT1G63900"	"DAL1"	chr1	+	23718672	23718728	23718684	23718728	23718454	23718565	821	29,17,24	5,3,2	2,1,1	13,12,18	111	99	0	0.0	0.838,0.835,0.915	0.121,0.069,0.047	0.784
830	"AT1G54920"	"AT1G54920"	chr1	+	20474345	20474666	20474350	20474666	20474050	20474267	830	35,37,33	0,2,0	13,19,18	1,3,0	104	99	0.513216251905	0.697238015536	1.0,0.946,1.0	0.925,0.858,1.0	0.054
840	"AT1G01920"	"AT1G01920"	chr1	+	318295	318433	318361	318433	318144	318201	840	37,42,42	0,1,0	0,0,1	18,19,21	165	99	0	0.0	1.0,0.962,1.0	0.0,0.0,0.028	0.978
845	"AT1G43020"	"AT1G43020"	chr1	+	16157455	16157911	16157460	16157911	16157245	16157374	845	3,3,3	4,7,2	25,19,21	0,2,0	104	99	5.92215276818e-10	1.48489271614e-09	0.417,0.29,0.588	1.0,0.9,1.0	-0.535
857	"AT1G48850"	"EMB1144"	chr1	-	18065378	18065463	18065378	18065461	18065550	18065616	857	183,160,146	12,8,5	7,6,6	8,8,13	101	99	0	0.0	0.937,0.951,0.966	0.462,0.424,0.311	0.552
863	"AT1G60990"	"AT1G60990"	chr1	-	22462025	22462393	22462025	22462390	22462719	22462956	863	4,2,6	19,22,20	2,8,4	41,43,52	102	99	0.210455140636	0.327694990671	0.17,0.081,0.226	0.045,0.153,0.069	0.07
865	"AT1G34460"	"CYCB1-5"	chr1	+	12597323	12597645	12597332	12597645	12596927	12597273	865	1,0,0	9,21,12	37,41,33	1,3,0	108	99	0	0.0	0.092,0.0,0.0	0.971,0.926,1.0	-0.935
872	"AT1G02840"	"SR34"	chr1	+	626912	627004	626916	627004	626740	626828	872	9,11,13	557,524,561	639,493,619	6,5,5	103	99	0	0.0	0.015,0.02,0.022	0.99,0.99,0.992	-0.972
873	"AT1G02840"	"SR34"	chr1	+	628934	629321	629287	629321	628245	628469	873	18,10,13	244,263,313	10,10,18	287,246,310	452	99	0.947836106603	1.0	0.016,0.008,0.009	0.008,0.009,0.013	0.001
874	"AT1G76140"	"AT1G76140"	chr1	+	28574583	28574697	28574592	28574697	28574349	28574485	874	23,17,14	25,17,15	30,19,26	17,16,12	108	99	0.0482135160711	0.082617130554	0.458,0.478,0.461	0.618,0.521,0.665	-0.136
880	"AT1G02690"	"IMPA6"	chr1	+	585775	585942	585778	585942	585499	585685	880	1,1,1	2,5,3	3,6,4	1,1,2	102	99	4.48187564859e-05	9.49266829919e-05	0.327,0.163,0.244	0.744,0.853,0.66	-0.508
881	"AT1G11280"	"AT1G11280"	chr1	-	3788705	3788878	3788705	3788842	3789118	3789226	881	0,2,1	20,22,19	10,7,8	0,0,0	135	99	0	0.0	0.0,0.063,0.037	1.0,1.0,1.0	-0.967
882	"AT1G12140"	"FMOGS-OX5"	chr1	+	4122015	4122086	4122021	4122086	4121368	4121932	882	1,3,1	0,1,0	2,0,3	1,0,1	105	99	1	1.0	1.0,0.739,1.0	0.653,NA,0.739	0.217
883	"AT1G68200"	"AT1G68200"	chr1	+	25563606	25563948	25563609	25563948	25562117	25562702	883	32,23,33	3,3,3	3,1,2	34,38,30	102	99	0	0.0	0.912,0.882,0.914	0.079,0.025,0.061	0.848
884	"AT1G71220"	"UGGT"	chr1	+	26849650	26849737	26849653	26849737	26849200	26849553	884	1,0,1	6,3,2	3,3,0	0,0,0	102	99	1	1.0	0.139,0.0,0.327	1.0,1.0,NA	-0.845
896	"AT1G49700"	"AT1G49700"	chr1	-	18389511	18389682	18389511	18389676	18389777	18389909	896	6,8,5	1,2,3	1,2,1	1,6,1	105	99	0.00424241844996	0.00826665537964	0.85,0.79,0.611	0.485,0.239,0.485	0.347
898	"AT1G20880"	"AT1G20880"	chr1	-	7262673	7262780	7262673	7262757	7262873	7263181	898	7,12,12	20,16,22	11,8,21	15,13,7	122	99	0.0960394242268	0.159753383714	0.221,0.378,0.307	0.373,0.333,0.709	-0.17
900	"AT1G16010"	"MRS2-1"	chr1	-	5496491	5497117	5496491	5497101	5497247	5497297	900	65,79,72	20,26,33	76,71,78	31,24,33	115	99	0.727622534535	0.932779264197	0.737,0.723,0.653	0.679,0.718,0.67	0.015
903	"AT1G49540"	"ELP2"	chr1	-	18336415	18336575	18336415	18336569	18336664	18336750	903	12,14,29	0,0,0	0,1,2	8,23,17	105	99	0	0.0	1.0,1.0,1.0	0.0,0.039,0.1	0.954
904	"AT1G18730"	"PNSB4"	chr1	+	6460895	6461073	6460898	6461073	6460766	6460808	904	0,0,0	17,25,32	13,15,10	1,0,0	102	99	0	0.0	0.0,0.0,0.0	0.927,1.0,1.0	-0.976
907	"AT1G63640"	"AT1G63640"	chr1	-	23589505	23589615	23589505	23589612	23589703	23590290	907	6,10,11	0,0,1	1,0,1	6,10,8	102	99	1	1.0	1.0,1.0,0.914	0.139,0.0,0.108	0.889
908	"AT1G56440"	"TPR5"	chr1	-	21139613	21139805	21139613	21139751	21139937	21140150	908	16,8,13	2,1,1	19,12,18	0,0,0	153	99	0.0228467319427	0.0410038715393	0.838,0.838,0.894	1.0,1.0,1.0	-0.143
912	"AT1G70100"	"AT1G70100"	chr1	+	26405730	26406098	26405734	26406098	26405396	26405654	912	22,26,23	4,1,0	3,1,2	21,25,20	103	99	0	0.0	0.841,0.962,1.0	0.121,0.037,0.088	0.852
913	"AT1G63010"	"AT1G63010"	chr1	-	23348822	23349004	23348822	23348998	23349088	23349396	913	2,3,2	56,48,47	134,100,113	0,2,0	105	99	0	0.0	0.033,0.056,0.039	1.0,0.979,1.0	-0.95
914	"AT1G63010"	"AT1G63010"	chr1	-	23350215	23350554	23350215	23350527	23350760	23350881	914	8,4,3	33,34,29	2,2,2	137,123,107	126	99	2.6408086421e-06	5.73576908889e-06	0.16,0.085,0.075	0.011,0.013,0.014	0.094
916	"AT1G47230"	"CYCA3-4"	chr1	+	17307671	17307827	17307674	17307827	17307344	17307577	916	11,7,5	95,93,119	172,202,134	7,13,8	102	99	0	0.0	0.101,0.068,0.039	0.96,0.938,0.942	-0.877
925	"AT1G79910"	"AT1G79910"	chr1	+	30055729	30055833	30055733	30055833	30055157	30055290	925	4,1,7	0,1,0	1,1,0	8,5,8	103	99	1	1.0	1.0,0.49,1.0	0.107,0.161,0.0	0.741
928	"AT1G21640"	"NADK2"	chr1	+	7591099	7591263	7591141	7591263	7589169	7591026	928	16,23,12	11,11,10	18,11,18	11,16,15	141	99	0.311142890183	0.463317578831	0.505,0.595,0.457	0.535,0.326,0.457	0.08
933	"AT1G14620"	"DECOY"	chr1	-	5014752	5015091	5014752	5015089	5015176	5015302	933	1,1,0	3,0,3	3,7,2	0,1,0	101	99	2.58138476406e-06	5.64264233682e-06	0.246,1.0,0.0	1.0,0.873,1.0	-0.542
941	"AT1G72530"	"MORF7"	chr1	+	27313782	27313937	27313794	27313937	27313545	27313611	941	2,0,1	13,8,8	4,4,3	0,2,0	111	99	3.50936835147e-10	8.8644045026e-10	0.121,0.0,0.1	1.0,0.641,1.0	-0.807
943	"AT1G63220"	"AT1G63220"	chr1	+	23449577	23449643	23449619	23449643	23448918	23449083	943	2,1,4	1,1,1	0,0,2	3,3,3	141	99	0.000103094669484	0.000213062316934	0.584,0.413,0.737	0.0,0.0,0.319	0.472
964	"AT1G26440"	"UPS5"	chr1	-	9144994	9145195	9144994	9145114	9145300	9145340	964	7,10,13	2,5,6	9,8,9	6,4,3	180	99	0.751651238686	0.952836700342	0.658,0.524,0.544	0.452,0.524,0.623	0.042
976	"AT1G56230"	"AT1G56230"	chr1	-	21047112	21047639	21047112	21047609	21047719	21048382	976	10,13,15	73,59,76	161,151,160	19,18,22	129	99	0	0.0	0.095,0.145,0.132	0.867,0.866,0.848	-0.736
977	"AT1G73350"	"AT1G73350"	chr1	-	27576238	27576345	27576238	27576339	27576430	27576479	977	10,8,7	0,0,0	0,0,1	10,11,15	105	99	1	1.0	1.0,1.0,1.0	0.0,0.0,0.059	0.98
978	"AT1G73350"	"AT1G73350"	chr1	-	27576430	27576519	27576430	27576479	27576900	27576965	978	6,10,6	0,0,0	2,0,1	8,11,6	139	99	0	0.0	1.0,1.0,1.0	0.151,0.0,0.106	0.914
980	"AT1G11180"	"SCAMP5"	chr1	+	3746530	3746632	3746569	3746632	3746343	3746466	980	3,1,0	10,8,17	12,12,7	0,1,0	138	99	0	0.0	0.177,0.082,0.0	1.0,0.896,1.0	-0.879
982	"AT1G77765"	"AT1G77765"	chr1	+	29245725	29245887	29245728	29245887	29245049	29245374	982	12,15,13	1,0,1	2,1,1	19,10,10	102	99	1	1.0	0.921,1.0,0.927	0.093,0.088,0.088	0.86
985	"AT1G48410"	"AGO1"	chr1	-	17890509	17890649	17890509	17890643	17890734	17890884	985	41,47,43	2,1,1	2,1,3	32,17,27	105	99	0	0.0	0.951,0.978,0.976	0.056,0.053,0.095	0.9
988	"AT1G79500"	"KDSA1"	chr1	+	29905909	29906013	29905932	29906013	29905771	29905819	988	0,0,0	4,10,4	1,0,0	10,16,13	122	99	1	1.0	0.0,0.0,0.0	0.075,0.0,0.0	-0.025
998	"AT1G02860"	"BAH1"	chr1	+	636977	637262	636983	637262	636827	636886	998	7,5,1	5,7,2	4,3,5	4,4,5	105	99	0.890084358804	1.0	0.569,0.402,0.32	0.485,0.414,0.485	-0.031
999	"AT1G05880"	"ARI12"	chr1	+	1776665	1776770	1776686	1776770	1776356	1776553	999	0,0,0	6,6,6	5,2,7	0,1,1	120	99	1.11022302463e-15	3.32093027543e-15	0.0,0.0,0.0	1.0,0.623,0.852	-0.825
1000	"AT1G31910"	"AT1G31910"	chr1	+	11461284	11461825	11461382	11461825	11461059	11461182	1000	0,1,0	3,3,1	1,5,1	4,2,0	197	99	0.00472411214016	0.00915296727156	0.0,0.143,0.0	0.112,0.557,1.0	-0.509
1008	"AT1G69580"	"AT1G69580"	chr1	+	26172913	26172986	26172916	26172986	26172734	26172834	1008	13,15,28	8,9,20	15,22,17	12,11,9	102	99	0.723440761956	0.930918112555	0.612,0.618,0.576	0.548,0.66,0.647	-0.016
1012	"AT1G12750"	"RBL6"	chr1	-	4347423	4347790	4347423	4347784	4348240	4348328	1012	5,3,5	3,5,9	2,3,1	4,7,9	105	99	0.0664988433639	0.112816445707	0.611,0.361,0.344	0.32,0.288,0.095	0.204
1014	"AT1G78780"	"AT1G78780"	chr1	-	29621698	29621997	29621698	29621988	29622077	29622210	1014	15,12,7	27,42,26	64,43,52	3,1,0	108	99	0	0.0	0.337,0.208,0.198	0.951,0.975,1.0	-0.728
1022	"AT1G76380"	"AT1G76380"	chr1	-	28653383	28653456	28653383	28653453	28653568	28653608	1022	0,0,0	90,73,112	1,0,2	138,101,138	102	99	1	1.0	0.0,0.0,0.0	0.007,0.0,0.014	-0.007
1024	"AT1G52150"	"ATHB-15"	chr1	-	19410582	19410911	19410582	19410908	19410984	19411119	1024	1,0,0	15,12,8	4,11,11	0,0,0	102	99	1	1.0	0.061,0.0,0.0	1.0,1.0,1.0	-0.98
1032	"AT1G66660"	"AT1G66660"	chr1	-	24861875	24862745	24861875	24862677	24862975	24863368	1032	21,18,16	1,0,1	2,1,1	6,12,8	167	99	1	1.0	0.926,1.0,0.905	0.165,0.047,0.069	0.85
1033	"AT1G02145"	"ALG12"	chr1	+	405229	405316	405241	405316	405064	405110	1033	17,13,9	3,5,3	16,14,7	8,4,5	111	99	0.254513407444	0.387451214011	0.835,0.699,0.728	0.641,0.757,0.555	0.103
1034	"AT1G03630"	"PORC"	chr1	+	908032	908570	908038	908570	907848	907947	1034	3,2,6	1,3,3	1,2,6	3,2,2	105	99	0.661606112451	0.857823894851	0.739,0.386,0.653	0.239,0.485,0.739	0.105
1035	"AT1G20693"	"HMGB2"	chr1	+	7178469	7178820	7178472	7178820	7178289	7178376	1035	17,8,12	13,13,7	7,6,17	13,8,6	102	99	0.922954197904	1.0	0.559,0.374,0.625	0.343,0.421,0.733	0.02
1036	"AT1G20693"	"HMGB2"	chr1	+	7178469	7178820	7178475	7178820	7178289	7178376	1036	19,8,12	17,17,17	7,7,18	26,28,22	105	99	0.106709009988	0.175786340125	0.513,0.307,0.4	0.202,0.191,0.435	0.131
1037	"AT1G20693"	"HMGB2"	chr1	+	7178472	7178820	7178475	7178820	7178289	7178376	1037	15,13,7	17,17,17	13,9,7	26,28,22	102	99	0.0849790083943	0.14274798947	0.461,0.426,0.286	0.327,0.238,0.236	0.124
1038	"AT1G54680"	"AT1G54680"	chr1	+	20413318	20413411	20413359	20413411	20413134	20413245	1038	5,2,7	21,16,24	1,2,4	13,5,9	140	99	0.770830675685	0.96993823029	0.144,0.081,0.171	0.052,0.22,0.239	-0.038
1039	"AT1G54680"	"AT1G54680"	chr1	+	20413943	20414015	20413961	20414015	20413725	20413869	1039	5,9,11	20,24,35	19,13,14	1,2,1	117	99	0	0.0	0.175,0.241,0.21	0.941,0.846,0.922	-0.694
1043	"AT1G63980"	"AT1G63980"	chr1	+	23741491	23741652	23741497	23741652	23741364	23741401	1043	5,9,17	0,1,1	1,0,0	28,22,25	105	99	0	0.0	1.0,0.895,0.941	0.033,0.0,0.0	0.934
1045	"AT1G28490"	"SYP61"	chr1	+	10016864	10016982	10016868	10016982	10016566	10016680	1045	3,1,0	0,0,0	0,0,1	3,3,2	103	99	1	1.0	1.0,1.0,NA	0.0,0.0,0.325	0.892
1058	"AT1G43170"	"ARP1"	chr1	+	16266975	16267076	16266978	16267076	16266640	16266790	1058	7,4,5	89,77,95	1,2,2	1,1,3	102	99	0.0126995492271	0.0234083583051	0.071,0.048,0.049	0.493,0.66,0.393	-0.459
1059	"AT1G43170"	"ARP1"	chr1	+	16266975	16267076	16266981	16267076	16266640	16266790	1059	7,4,5	5,8,4	1,2,2	1,0,3	105	99	0.370752737107	0.533445921323	0.569,0.32,0.541	0.485,1.0,0.386	-0.147
1060	"AT1G43170"	"ARP1"	chr1	+	16266975	16267076	16266984	16267076	16266640	16266790	1060	7,4,5	4,2,1	1,2,2	3,1,0	108	99	0.869641989865	1.0	0.616,0.647,0.821	0.234,0.647,1.0	0.068
1061	"AT1G43170"	"ARP1"	chr1	+	16266975	16267076	16266987	16267076	16266640	16266790	1061	7,5,5	3,0,1	1,2,2	3,0,0	111	99	0.542015046818	0.727665869941	0.675,1.0,0.817	0.229,1.0,1.0	0.088
1062	"AT1G43170"	"ARP1"	chr1	+	16266978	16267076	16266981	16267076	16266640	16266790	1062	89,77,95	5,8,4	1,1,3	1,0,3	102	99	0.384289268726	0.546011002648	0.945,0.903,0.958	0.493,1.0,0.493	0.273
1063	"AT1G43170"	"ARP1"	chr1	+	16266978	16267076	16266984	16267076	16266640	16266790	1063	89,77,95	4,2,1	1,1,3	3,1,0	105	99	0.120522622618	0.194778266885	0.955,0.973,0.989	0.239,0.485,1.0	0.398
1064	"AT1G43170"	"ARP1"	chr1	+	16266978	16267076	16266987	16267076	16266640	16266790	1064	89,78,95	3,0,1	1,1,3	3,0,0	108	99	0.201553792651	0.315274510523	0.965,1.0,0.989	0.234,1.0,1.0	0.24
1065	"AT1G43170"	"ARP1"	chr1	+	16266981	16267076	16266984	16267076	16266640	16266790	1065	5,8,4	4,2,1	1,0,3	3,1,0	102	99	0.314399121267	0.466130871096	0.548,0.795,0.795	0.244,0.0,1.0	0.298
1066	"AT1G43170"	"ARP1"	chr1	+	16266981	16267076	16266987	16267076	16266640	16266790	1066	5,9,4	3,0,1	1,0,3	3,0,0	105	99	1	1.0	0.611,1.0,0.79	0.239,NA,1.0	0.181
1067	"AT1G43170"	"ARP1"	chr1	+	16266984	16267076	16266987	16267076	16266640	16266790	1067	4,3,1	3,0,1	3,1,0	3,0,0	102	99	1	1.0	0.564,1.0,0.493	0.493,1.0,NA	-0.061
1068	"AT1G11330"	"AT1G11330"	chr1	+	3811978	3812172	3811984	3812172	3811783	3811891	1068	3,4,3	0,0,2	0,0,0	1,1,1	105	99	8.98170426922e-14	2.45020892464e-13	1.0,1.0,0.586	0.0,0.0,0.0	0.862
1079	"AT1G68940"	"PUB42"	chr1	-	25921452	25921646	25921452	25921568	25922110	25923589	1079	4,5,3	13,24,12	4,6,6	16,17,13	177	99	0.384191154513	0.546011002648	0.147,0.104,0.123	0.123,0.165,0.205	-0.04
1091	"AT1G66610"	"AT1G66610"	chr1	-	24849715	24850412	24849715	24850294	24850717	24851032	1091	15,9,10	0,1,3	3,3,2	14,13,12	217	99	2.95696800379e-11	7.63883400979e-11	1.0,0.804,0.603	0.089,0.095,0.071	0.717
1095	"AT1G27450"	"APT1"	chr1	+	9532352	9532502	9532400	9532502	9531838	9532201	1095	7,11,8	25,18,24	15,11,14	23,9,18	147	99	0.027945031486	0.0491198749316	0.159,0.292,0.183	0.305,0.451,0.344	-0.155
1097	"AT1G45248"	"AT1G45248"	chr1	-	17163345	17163420	17163345	17163399	17163534	17163683	1097	2,1,2	1,0,2	2,0,0	17,13,17	120	99	0.000175221317066	0.000355657554283	0.623,1.0,0.452	0.088,0.0,0.0	0.662
1099	"AT1G64230"	"UBC28"	chr1	+	23833749	23833861	23833773	23833861	23833550	23833671	1099	31,37,32	26,24,27	23,23,27	28,22,31	123	99	0.114752774529	0.187228211074	0.49,0.554,0.488	0.398,0.457,0.412	0.088
1100	"AT1G16070"	"TULP8"	chr1	-	5512076	5512147	5512076	5512144	5512223	5512316	1100	1,3,1	0,0,2	1,0,0	1,1,4	102	99	9.98591037527e-07	2.22561793331e-06	1.0,1.0,0.327	0.493,0.0,0.0	0.611
1112	"AT1G12900"	"GAPA2"	chr1	-	4393545	4393896	4393545	4393850	4394043	4394148	1112	1,0,0	3,5,6	1,0,0	11,18,20	145	99	1	1.0	0.185,0.0,0.0	0.058,0.0,0.0	0.042
1119	"AT1G68910"	"WIT2"	chr1	-	25910007	25910538	25910007	25910492	25911042	25911108	1119	4,3,2	24,22,21	1,0,1	3,6,10	145	99	0.0237738680193	0.0422233801801	0.102,0.085,0.061	0.185,0.0,0.064	-0.0
1123	"AT1G12250"	"AT1G12250"	chr1	+	4159564	4159750	4159569	4159750	4159264	4159450	1123	6,8,3	0,0,1	0,2,0	4,8,8	104	99	7.9936057773e-15	2.29060468072e-14	1.0,1.0,0.741	0.0,0.192,0.0	0.85
1128	"AT1G50030"	"TOR"	chr1	-	18527735	18527846	18527735	18527765	18527953	18528022	1128	33,23,14	5,2,6	16,32,24	2,3,2	180	99	0.17361212567	0.274082105803	0.784,0.863,0.562	0.815,0.854,0.868	-0.109
1130	"AT1G22750"	"AT1G22750"	chr1	+	8052605	8052904	8052614	8052904	8052390	8052480	1130	15,10,9	3,4,12	11,9,8	10,7,13	108	99	0.133348424336	0.214457493845	0.821,0.696,0.407	0.502,0.541,0.361	0.173
1131	"AT1G22750"	"AT1G22750"	chr1	+	8052605	8052904	8052662	8052904	8052390	8052480	1131	30,26,23	5,5,8	24,18,19	8,13,12	156	99	0.0167176647866	0.0304851534344	0.792,0.767,0.646	0.656,0.468,0.501	0.193
1132	"AT1G22750"	"AT1G22750"	chr1	+	8052614	8052904	8052662	8052904	8052390	8052480	1132	18,20,26	5,5,8	23,16,24	8,13,12	147	99	0.0734184596221	0.123939082827	0.708,0.729,0.686	0.659,0.453,0.574	0.146
1133	"AT1G19396"	"AT1G19396"	chr1	+	6711413	6711527	6711419	6711527	6709777	6709958	1133	22,23,34	2,2,6	0,1,1	25,30,21	105	99	0	0.0	0.912,0.916,0.842	0.0,0.03,0.043	0.866
1136	"AT1G31140"	"GOA"	chr1	+	11118964	11119138	11118970	11119138	11118781	11118854	1136	5,8,3	26,22,29	45,47,40	8,7,7	105	99	0	0.0	0.153,0.255,0.089	0.841,0.864,0.843	-0.684
1147	"AT1G14700"	"PAP3"	chr1	+	5059725	5059833	5059731	5059833	5059472	5059629	1147	1,1,0	7,5,11	6,9,11	2,0,2	105	99	1	1.0	0.119,0.159,0.0	0.739,1.0,0.838	-0.766
1150	"AT1G13930"	"AT1G13930"	chr1	+	4762547	4762666	4762628	4762666	4761011	4761711	1150	2,1,1	0,0,1	8,4,6	1,0,1	180	99	1	1.0	1.0,1.0,0.355	0.815,1.0,0.767	-0.076
1152	"AT1G12730"	"AT1G12730"	chr1	+	4335437	4335562	4335457	4335562	4335260	4335293	1152	4,1,1	5,3,6	10,17,11	5,1,4	119	99	0.000105354415256	0.000216420816881	0.4,0.217,0.122	0.625,0.934,0.696	-0.505
1156	"AT1G15120"	"AT1G15120"	chr1	+	5203827	5204193	5203864	5204193	5203682	5203772	1156	25,26,20	2,4,0	4,1,5	22,17,18	136	99	0	0.0	0.901,0.826,1.0	0.117,0.041,0.168	0.8
1157	"AT1G11360"	"AT1G11360"	chr1	-	3821442	3821795	3821442	3821780	3822146	3823088	1157	15,11,12	2,2,1	16,11,9	49,36,46	114	99	0	0.0	0.867,0.827,0.912	0.221,0.21,0.145	0.677
1166	"AT1G21610"	"AT1G21610"	chr1	+	7576948	7577035	7576951	7577035	7576751	7576864	1166	9,12,12	2,1,1	13,6,10	2,1,0	102	99	0.364574645875	0.529021081887	0.814,0.921,0.921	0.863,0.853,1.0	-0.02
1171	"AT1G15280"	"AT1G15280"	chr1	+	5253545	5253751	5253548	5253751	5253287	5253387	1171	0,1,0	11,7,10	0,0,0	10,8,6	102	99	1	1.0	0.0,0.122,0.0	0.0,0.0,0.0	0.041
1176	"AT1G33700"	"AT1G33700"	chr1	-	12213538	12213590	12213538	12213584	12214108	12214182	1176	8,9,13	9,3,10	5,3,11	14,12,15	105	99	0.0106812943995	0.019903395575	0.456,0.739,0.551	0.252,0.191,0.409	0.298
1180	"AT1G74920"	"ALDH10A8"	chr1	-	28142121	28142264	28142121	28142249	28142464	28142744	1180	4,9,8	0,0,0	0,0,0	14,7,13	114	99	0	0.0	1.0,1.0,1.0	0.0,0.0,0.0	1.0
1195	"AT1G56700"	"AT1G56700"	chr1	+	21256734	21257006	21256785	21257006	21256175	21256395	1195	4,0,3	8,11,10	14,15,15	0,2,1	150	99	1.26565424807e-14	3.56684379002e-14	0.248,0.0,0.165	1.0,0.832,0.908	-0.776
1200	"AT1G27110"	"AT1G27110"	chr1	-	9412819	9413113	9412819	9413109	9413194	9413259	1200	7,13,20	2,6,8	11,13,8	5,6,6	103	99	0.523814456829	0.708812419757	0.771,0.676,0.706	0.679,0.676,0.562	0.079
1202	"AT1G67320"	"AT1G67320"	chr1	-	25206643	25206703	25206643	25206688	25206898	25206958	1202	2,2,0	6,7,7	9,18,16	0,2,1	114	99	6.672440378e-14	1.84983916171e-13	0.224,0.199,0.0	1.0,0.887,0.933	-0.799
1203	"AT1G67320"	"AT1G67320"	chr1	-	25207809	25207937	25207809	25207829	25208046	25208104	1203	0,0,2	12,11,12	1,0,1	24,22,23	207	99	1	1.0	0.0,0.0,0.074	0.02,0.0,0.02	0.011
1204	"AT1G30470"	"AT1G30470"	chr1	+	10783763	10783892	10783769	10783892	10783520	10783689	1204	10,17,13	0,2,0	15,14,17	2,2,2	105	99	0.0199288514625	0.0359562875593	1.0,0.889,1.0	0.876,0.868,0.889	0.085
1211	"AT1G58007"	"AT1G58007"	chr1	-	21446834	21447082	21446834	21447072	21447251	21447341	1211	22,13,13	1,0,0	1,3,0	12,17,13	109	99	0	0.0	0.952,1.0,1.0	0.07,0.138,0.0	0.915
1216	"AT1G43190"	"PTB3"	chr1	-	16277641	16277723	16277641	16277717	16277794	16277871	1216	48,51,44	0,0,0	49,36,44	1,0,0	105	99	1	1.0	1.0,1.0,1.0	0.979,1.0,1.0	0.007
1218	"AT1G35580"	"CINV1"	chr1	-	13124442	13124827	13124442	13124815	13125117	13125264	1218	58,55,50	38,32,37	29,53,50	26,36,27	111	99	0.884858100112	1.0	0.577,0.605,0.547	0.499,0.568,0.623	0.013
1222	"AT1G23020"	"FRO3"	chr1	-	8152669	8152873	8152669	8152870	8152967	8153070	1222	0,0,1	10,3,7	6,8,5	0,1,1	102	99	1	1.0	0.0,0.0,0.122	1.0,0.886,0.829	-0.864
1223	"AT1G61680"	"TPS14"	chr1	-	22773688	22774073	22773688	22774052	22774162	22774409	1223	8,10,10	2,0,0	0,1,1	2,6,4	120	99	1	1.0	0.767,1.0,1.0	0.0,0.121,0.171	0.825
1224	"AT1G55250"	"HUB2"	chr1	+	20607967	20608198	20607973	20608198	20607792	20607880	1224	4,5,7	5,8,10	8,6,4	2,6,1	105	99	0.0270552076491	0.0478022062608	0.43,0.371,0.398	0.79,0.485,0.79	-0.289
1231	"AT1G56220"	"AT1G56220"	chr1	+	21044347	21044738	21044356	21044738	21043703	21043889	1231	3,1,2	0,1,2	0,1,3	9,10,8	108	99	0.00030014598229	0.000602057529182	1.0,0.478,0.478	0.0,0.084,0.256	0.539
1232	"AT1G56220"	"AT1G56220"	chr1	+	21044347	21044738	21044356	21044738	21043703	21043893	1232	0,0,0	19,8,17	0,0,2	1,0,1	108	99	1	1.0	0.0,0.0,0.0	0.0,NA,0.647	-0.324
1233	"AT1G30510"	"RFNR2"	chr1	-	10808058	10808403	10808058	10808400	10808572	10808632	1233	16,29,24	0,0,0	0,0,0	7,11,8	102	99	0	0.0	1.0,1.0,1.0	0.0,0.0,0.0	1.0
1234	"AT1G09140"	"SR30"	chr1	-	2943168	2943564	2943168	2943226	2944168	2944246	1234	27,25,32	3,4,3	21,17,13	4,7,4	437	99	0.0367682206949	0.0633230467523	0.671,0.586,0.707	0.543,0.355,0.424	0.214
1238	"AT1G69230"	"SP1L2"	chr1	-	26026833	26027119	26026833	26027113	26027648	26027708	1238	1,4,3	7,5,2	1,0,1	7,8,4	105	99	0.00048172455231	0.000960632001975	0.119,0.43,0.586	0.119,0.0,0.191	0.275
1239	"AT1G77180"	"SKIP"	chr1	-	28999607	29001840	28999607	29001664	29001963	29002135	1239	88,81,59	0,0,0	0,1,0	44,27,56	275	99	0	0.0	1.0,1.0,1.0	0.0,0.013,0.0	0.996
1244	"AT1G20560"	"AAE1"	chr1	-	7119675	7121393	7119675	7121386	7121526	7121817	1244	0,0,0	2,2,0	0,1,0	2,2,2	106	99	1	1.0	0.0,0.0,NA	0.0,0.318,0.0	-0.106
1245	"AT1G02990"	"AT1G02990"	chr1	-	686504	686605	686504	686597	686678	686751	1245	22,18,18	1,2,3	1,0,1	20,17,21	107	99	0	0.0	0.953,0.893,0.847	0.044,0.0,0.042	0.869
1248	"AT1G29200"	"AT1G29200"	chr1	+	10208588	10208765	10208664	10208765	10208436	10208511	1248	0,0,0	6,8,7	10,8,8	0,0,0	175	99	0	0.0	0.0,0.0,0.0	1.0,1.0,1.0	-1.0
1251	"AT1G07650"	"AT1G07650"	chr1	-	2364619	2364709	2364619	2364691	2366004	2366185	1251	2,0,2	6,6,7	6,7,1	0,0,0	117	99	7.32747196253e-15	2.11751520273e-14	0.22,0.0,0.195	1.0,1.0,1.0	-0.862
1252	"AT1G73650"	"AT1G73650"	chr1	-	27688242	27688461	27688242	27688457	27688560	27688666	1252	3,1,3	8,4,5	6,2,3	5,2,5	103	99	0.133957320202	0.214457493845	0.265,0.194,0.366	0.536,0.49,0.366	-0.189
1253	"AT1G12430"	"ARK3"	chr1	-	4234363	4234495	4234363	4234492	4234559	4234703	1253	151,138,166	12,28,14	7,2,2	57,63,66	102	99	0	0.0	0.924,0.827,0.92	0.107,0.03,0.029	0.835
1260	"AT1G04590"	"AT1G04590"	chr1	-	1259026	1259228	1259026	1259219	1259357	1259570	1260	1,1,2	1,0,0	0,0,2	1,2,2	108	99	5.12489535032e-07	1.14972981214e-06	0.478,1.0,1.0	0.0,0.0,0.478	0.667
1261	"AT1G05830"	"ATX2"	chr1	+	1761300	1761381	1761308	1761381	1761083	1761228	1261	4,1,3	15,19,11	8,13,15	1,2,2	107	99	1.13242748512e-14	3.21798143688e-14	0.198,0.046,0.201	0.881,0.857,0.874	-0.722
1266	"AT1G33260"	"AT1G33260"	chr1	+	12065389	12066376	12065392	12066376	12064508	12065120	1266	2,2,1	31,19,17	18,30,18	3,2,0	102	99	0	0.0	0.059,0.093,0.054	0.853,0.936,1.0	-0.861
1268	"AT1G51590"	"MNS1"	chr1	-	19131349	19131511	19131349	19131507	19131591	19131639	1268	3,2,6	15,15,13	18,13,18	3,2,3	103	99	3.52606832621e-13	9.46763227746e-13	0.161,0.114,0.307	0.852,0.862,0.852	-0.661
1272	"AT1G55620"	"CLC-F"	chr1	-	20790042	20790459	20790042	20790445	20790534	20791189	1272	0,0,0	3,2,6	2,3,0	0,0,0	113	99	1	1.0	0.0,0.0,0.0	1.0,1.0,NA	-1.0
1276	"AT1G63110"	"AT1G63110"	chr1	+	23405637	23405762	23405657	23405762	23405412	23405445	1276	24,29,30	9,7,5	39,26,34	2,6,8	119	99	0.236791340768	0.363720032441	0.689,0.775,0.833	0.942,0.783,0.78	-0.069
1278	"AT1G69720"	"HO3"	chr1	+	26228137	26228253	26228145	26228253	26227839	26228063	1278	12,9,13	29,38,53	47,42,51	5,3,9	107	99	0	0.0	0.277,0.18,0.185	0.897,0.928,0.84	-0.674
1280	"AT1G23230"	"MED23"	chr1	+	8247854	8247949	8247866	8247949	8247675	8247759	1280	5,2,8	7,6,3	3,7,3	3,7,5	111	99	0.966245397207	1.0	0.389,0.229,0.704	0.471,0.471,0.349	0.01
1285	"AT1G30070"	"AT1G30070"	chr1	-	10546990	10547071	10546990	10547050	10547140	10547380	1285	0,0,2	8,10,3	20,11,17	0,0,0	120	99	0	0.0	0.0,0.0,0.355	1.0,1.0,1.0	-0.882
1287	"AT1G03780"	"TPX2"	chr1	-	948428	948640	948428	948595	948696	948816	1287	25,21,27	12,18,14	9,20,17	27,24,17	144	99	0.00581738746532	0.0111445456499	0.589,0.445,0.57	0.186,0.364,0.407	0.216
1291	"AT1G02950"	"GSTF4"	chr1	-	666113	666262	666113	666256	666350	666451	1291	37,44,49	1,3,3	3,4,0	25,35,30	105	99	0	0.0	0.972,0.933,0.939	0.102,0.097,0.0	0.882
1292	"AT1G04120"	"ABCC5"	chr1	-	1065054	1065294	1065054	1065279	1065379	1065443	1292	1,4,5	1,3,3	2,2,4	1,0,1	114	99	0.00176146125558	0.00349219934973	0.465,0.537,0.591	0.635,1.0,0.776	-0.273
1294	"AT1G03250"	"AT1G03250"	chr1	-	794021	794198	794021	794180	794327	794410	1294	4,7,6	1,0,1	1,1,1	1,1,7	117	99	1.74118934493e-07	4.01179436906e-07	0.772,1.0,0.835	0.458,0.458,0.108	0.528
1306	"AT1G77800"	"AT1G77800"	chr1	+	29259983	29260617	29259986	29260617	29259463	29259865	1306	0,0,1	3,3,0	5,2,4	0,0,0	102	99	3.92099479551e-08	9.28513350881e-08	0.0,0.0,1.0	1.0,1.0,1.0	-0.667
1312	"AT1G49670"	"NQR"	chr1	-	18382885	18383029	18382885	18382960	18383116	18383212	1312	46,51,47	50,48,60	42,51,42	53,47,61	168	99	0.656819138725	0.854867657654	0.352,0.385,0.316	0.318,0.39,0.289	0.019
1313	"AT1G14240"	"APY3"	chr1	+	4865809	4865922	4865821	4865922	4865150	4865732	1313	0,0,1	25,18,26	30,31,30	1,0,1	111	99	0	0.0	0.0,0.0,0.033	0.964,1.0,0.964	-0.965
1317	"AT1G79650"	"RAD23B"	chr1	-	29974279	29974327	29974279	29974309	29974391	29974430	1317	70,72,60	3,0,1	11,10,12	38,40,32	117	99	0	0.0	0.952,1.0,0.981	0.197,0.175,0.241	0.773
1320	"AT1G33950"	"AT1G33950"	chr1	-	12338582	12338860	12338582	12338842	12338959	12339182	1320	0,0,0	7,8,4	5,0,3	0,0,0	117	99	1	1.0	0.0,0.0,0.0	1.0,NA,1.0	-1.0
1323	"AT1G72990"	"BGAL17"	chr1	-	27461458	27461667	27461458	27461654	27461790	27461895	1323	1,0,3	6,14,7	15,11,8	1,1,0	112	99	6.66133814775e-16	2.02813956106e-15	0.128,0.0,0.275	0.93,0.907,1.0	-0.811
1326	"AT1G25290"	"RBL10"	chr1	+	8868308	8868397	8868329	8868397	8868138	8868235	1326	12,12,9	0,0,1	1,0,0	27,14,19	120	99	0	0.0	1.0,1.0,0.881	0.03,0.0,0.0	0.95
1328	"AT1G80660"	"AHA9"	chr1	-	30318174	30318279	30318174	30318252	30318356	30319241	1328	44,38,49	0,1,3	7,14,8	24,32,26	126	99	0	0.0	1.0,0.968,0.928	0.186,0.256,0.195	0.753
1330	"AT1G47270"	"TULP6"	chr1	+	17327157	17327488	17327160	17327488	17327042	17327086	1330	1,5,3	15,16,22	20,16,20	2,3,6	102	99	6.66133814775e-16	2.02813956106e-15	0.061,0.233,0.117	0.907,0.838,0.764	-0.699
1332	"AT1G50000"	"AT1G50000"	chr1	-	18515543	18515658	18515543	18515597	18515763	18515825	1332	6,10,12	14,16,16	3,3,7	16,21,12	160	99	0.0299444945954	0.0520973094747	0.21,0.279,0.317	0.104,0.081,0.265	0.119
1334	"AT1G02080"	"AT1G02080"	chr1	+	375121	375238	375124	375238	374582	374922	1334	0,0,1	2,4,3	1,0,0	0,0,1	102	99	1	1.0	0.0,0.0,0.244	1.0,NA,0.0	-0.419
