ID	GeneID	geneSymbol	chr	strand	longExonStart_0base	longExonEnd	shortES	shortEE	flankingES	flankingEE	ID	IJC_SAMPLE_1	SJC_SAMPLE_1	IJC_SAMPLE_2	SJC_SAMPLE_2	IncFormLen	SkipFormLen	PValue	FDR	IncLevel1	IncLevel2	IncLevelDifference
3	"AT1G74560"	"NRP1"	chr1	-	28018137	28018194	28018165	28018194	28018002	28018050	3	22,24,19	1,0,2	26,42,23	3,2,2	127	99	0.0746443273024	0.120080004791	0.945,1.0,0.881	0.871,0.942,0.9	0.038
4	"AT1G52220"	"CURT1C"	chr1	-	19454377	19454697	19454380	19454697	19454186	19454273	4	0,1,0	1,2,4	1,0,0	0,0,1	102	99	1	1.0	0.0,0.327,0.0	1.0,NA,0.0	-0.391
10	"AT1G78870"	"UBC35"	chr1	+	29650928	29651018	29650928	29651015	29651315	29651374	10	3,5,8	1,2,3	3,1,5	12,7,14	102	99	1.02043366199e-05	1.92632885172e-05	0.744,0.708,0.721	0.195,0.122,0.257	0.533
12	"AT1G15860"	"AT1G15860"	chr1	+	5456303	5456437	5456303	5456410	5456503	5456569	12	12,11,10	0,2,2	0,1,0	8,7,9	126	99	0	0.0	1.0,0.812,0.797	0.0,0.101,0.0	0.836
13	"AT1G78510"	"SPS1"	chr1	-	29536972	29537417	29536976	29537417	29536697	29536822	13	1,1,2	3,2,5	5,3,2	4,3,5	103	99	0.258523307912	0.373646968467	0.243,0.325,0.278	0.546,0.49,0.278	-0.156
15	"AT1G07890"	"APX1"	chr1	+	2437677	2437833	2437677	2437741	2437992	2438123	15	10,7,6	90,64,65	17,19,13	6,3,5	191	99	0	0.0	0.054,0.054,0.046	0.595,0.767,0.574	-0.594
17	"AT1G32190"	"AT1G32190"	chr1	-	11594627	11594664	11594632	11594664	11594171	11594408	17	2,2,2	3,5,7	13,4,14	0,2,1	104	99	5.43881338855e-08	1.09480427755e-07	0.388,0.276,0.214	1.0,0.656,0.93	-0.569
20	"AT1G56280"	"ATDI19"	chr1	-	21074056	21074199	21074059	21074199	21073908	21073974	20	1,0,1	26,26,16	28,33,19	0,0,3	102	99	1	1.0	0.036,0.0,0.057	1.0,1.0,0.86	-0.922
28	"AT1G59750"	"ARF1"	chr1	+	21979383	21979619	21979383	21979423	21980383	21980450	28	7,5,7	19,18,21	27,20,33	3,3,2	295	99	0	0.0	0.11,0.085,0.101	0.751,0.691,0.847	-0.664
29	"AT1G59750"	"ARF1"	chr1	+	21982823	21982995	21982823	21982989	21983080	21983541	29	1,1,0	0,3,1	0,0,0	6,5,10	105	99	1	1.0	1.0,0.239,0.0	0.0,0.0,0.0	0.413
31	"AT1G63660"	"AT1G63660"	chr1	-	23604972	23605104	23604977	23605104	23604702	23604878	31	1,0,0	5,4,3	7,14,8	1,0,0	104	99	2.22044604925e-16	5.62715779604e-16	0.16,0.0,0.0	0.87,1.0,1.0	-0.903
33	"AT1G78620"	"AT1G78620"	chr1	-	29575308	29575794	29575335	29575794	29574727	29574981	33	5,6,7	3,1,0	3,4,3	3,2,3	126	99	0.0241178454336	0.0413129759742	0.567,0.825,1.0	0.44,0.611,0.44	0.3
36	"AT1G18270"	"AT1G18270"	chr1	-	6286737	6286917	6286797	6286917	6286590	6286659	36	3,6,5	0,0,1	0,0,1	3,0,2	159	99	1	1.0	1.0,1.0,0.757	0.0,NA,0.237	0.8
39	"AT1G03770"	"RING1B"	chr1	+	946893	947019	946893	947001	947122	947293	39	10,6,8	0,2,1	4,4,5	0,0,0	117	99	0.755778164545	0.954980804676	1.0,0.717,0.871	1.0,1.0,1.0	-0.137
40	"AT1G34780"	"APRL4"	chr1	-	12749649	12749837	12749736	12749837	12749441	12749566	40	18,13,15	2,1,0	4,3,4	10,5,11	186	99	4.98268093452e-13	1.15224496611e-12	0.827,0.874,1.0	0.176,0.242,0.162	0.707
41	"AT1G30240"	"AT1G30240"	chr1	-	10642747	10642875	10642753	10642875	10642404	10642673	41	2,4,1	13,18,14	24,30,27	8,4,5	105	99	0	0.0	0.127,0.173,0.063	0.739,0.876,0.836	-0.696
43	"AT1G33410"	"SAR1"	chr1	-	12110385	12110553	12110412	12110553	12109919	12110093	43	2,9,9	6,4,5	10,12,10	2,2,3	126	99	0.0164998907989	0.0287969792245	0.208,0.639,0.586	0.797,0.825,0.724	-0.304
49	"AT1G44940"	"AT1G44940"	chr1	+	16994154	16994185	16994154	16994170	16994473	16994495	49	93,113,95	14,22,15	32,48,47	53,88,63	114	99	0	0.0	0.852,0.817,0.846	0.344,0.321,0.393	0.486
51	"AT1G56100"	"AT1G56100"	chr1	-	20983757	20984058	20983761	20984058	20983279	20983668	51	2,0,2	52,42,44	4,3,0	1,0,0	103	99	1	1.0	0.036,0.0,0.042	0.794,1.0,NA	-0.871
56	"AT1G13860"	"QUL1"	chr1	-	4745792	4746540	4745872	4746540	4745575	4745711	56	3,2,1	5,6,7	28,19,20	2,2,0	179	99	2.91655588569e-13	6.82990935257e-13	0.249,0.156,0.073	0.886,0.84,1.0	-0.749
57	"AT1G35470"	"AT1G35470"	chr1	-	13052507	13052567	13052513	13052567	13052048	13052135	57	1,2,0	11,6,12	17,2,8	0,0,1	105	99	0	0.0	0.079,0.239,0.0	1.0,1.0,0.883	-0.855
62	"AT1G51690"	"PP2AB1"	chr1	+	19167361	19167568	19167361	19167565	19167960	19168052	62	9,8,13	6,4,10	7,8,6	8,7,7	102	99	0.242829692528	0.354989263489	0.593,0.66,0.558	0.459,0.526,0.454	0.124
65	"AT1G29120"	"AT1G29120"	chr1	+	10177613	10177784	10177613	10177782	10177860	10177958	65	0,0,1	26,45,34	0,0,0	40,35,35	101	99	1	1.0	0.0,0.0,0.028	0.0,0.0,0.0	0.009
67	"AT1G11170"	"AT1G11170"	chr1	+	3743579	3743667	3743579	3743633	3743793	3743886	67	4,2,1	0,0,1	1,0,0	0,1,3	133	99	4.20850961391e-06	8.02653895436e-06	1.0,1.0,0.427	1.0,0.0,0.0	0.476
74	"AT1G32410"	"AT1G32410"	chr1	+	11693831	11693925	11693831	11693921	11694367	11694496	74	11,5,7	37,22,20	5,12,5	32,32,48	103	99	0.291471329746	0.418001519403	0.222,0.179,0.252	0.131,0.265,0.091	0.055
75	"AT1G15110"	"PSS1"	chr1	+	5201592	5201685	5201592	5201681	5201780	5202175	75	5,8,6	9,13,12	3,1,2	8,16,4	103	99	0.0323389570337	0.0548872206535	0.348,0.372,0.325	0.265,0.057,0.325	0.133
85	"AT1G06570"	"PDS1"	chr1	-	2012296	2013545	2012303	2013545	2011884	2012189	85	0,0,0	1,2,4	5,3,7	0,0,0	106	99	1.11022302463e-15	2.70251657311e-15	0.0,0.0,0.0	1.0,1.0,1.0	-1.0
86	"AT1G34120"	"IP5P1"	chr1	+	12427194	12427257	12427194	12427245	12427375	12427445	86	52,62,41	0,0,0	1,3,1	33,24,19	111	99	0	0.0	1.0,1.0,1.0	0.026,0.1,0.045	0.943
87	"AT1G61140"	"EDA16"	chr1	-	22539749	22540040	22539776	22540040	22538538	22539665	87	0,0,0	7,8,6	0,0,1	7,10,5	126	99	1	1.0	0.0,0.0,0.0	0.0,0.0,0.136	-0.045
89	"AT1G48740"	"AT1G48740"	chr1	-	18024802	18024989	18024838	18024989	18024670	18024757	89	4,3,9	0,0,0	1,0,1	4,4,5	135	99	1	1.0	1.0,1.0,1.0	0.155,0.0,0.128	0.906
90	"AT1G67280"	"AT1G67280"	chr1	-	25190432	25190694	25190544	25190694	25190087	25190283	90	10,9,5	0,0,2	1,1,0	6,6,5	211	99	6.36501962248e-12	1.43601052458e-11	1.0,1.0,0.54	0.073,0.073,0.0	0.798
92	"AT1G50200"	"ALATS"	chr1	-	18592129	18592243	18592153	18592243	18591862	18592045	92	34,38,22	4,1,7	2,6,1	27,21,26	123	99	0	0.0	0.872,0.968,0.717	0.056,0.187,0.03	0.761
94	"AT1G01880"	"GEN1"	chr1	-	308396	308573	308399	308573	308147	308318	94	3,2,3	0,0,0	0,1,0	9,10,12	102	99	1.11022302463e-16	2.85265638273e-16	1.0,1.0,1.0	0.0,0.088,0.0	0.971
95	"AT1G76050"	"AT1G76050"	chr1	+	28541812	28542034	28541812	28542015	28542153	28542232	95	1,0,0	6,1,1	3,2,1	1,1,2	118	99	2.9960415835e-05	5.54267692948e-05	0.123,0.0,0.0	0.716,0.627,0.296	-0.505
96	"AT1G47600"	"TGG4"	chr1	+	17493896	17493928	17493896	17493925	17494021	17494118	96	18,14,15	3,1,3	1,1,0	4,5,7	102	99	1	1.0	0.853,0.931,0.829	0.195,0.163,0.0	0.752
120	"AT1G17110"	"UBP15"	chr1	-	5848199	5848339	5848211	5848339	5848030	5848119	120	7,9,10	3,5,14	9,12,8	6,7,5	111	99	0.602519396621	0.796186345535	0.675,0.616,0.389	0.572,0.605,0.588	-0.028
122	"AT1G67140"	"SWEETIE"	chr1	-	25102561	25102699	25102564	25102699	25102274	25102439	122	1,1,2	18,20,16	11,13,10	0,1,2	102	99	0	0.0	0.051,0.046,0.108	1.0,0.927,0.829	-0.85
135	"AT1G21350"	"AT1G21350"	chr1	-	7477331	7477418	7477335	7477418	7476944	7477126	135	33,44,36	2,1,1	2,1,2	33,25,42	103	99	0	0.0	0.941,0.977,0.972	0.055,0.037,0.044	0.918
136	"AT1G20020"	"LFNR2"	chr1	+	6943581	6943715	6943581	6943658	6943790	6943869	136	39,47,52	7,1,1	34,21,18	52,59,48	156	99	0	0.0	0.78,0.968,0.971	0.293,0.184,0.192	0.683
137	"AT1G23950"	"AT1G23950"	chr1	-	8470683	8470897	8470698	8470897	8470351	8470602	137	107,107,97	2,3,4	5,3,4	28,30,26	114	99	0	0.0	0.979,0.969,0.955	0.134,0.08,0.118	0.857
147	"AT1G55500"	"ECT4"	chr1	+	20722145	20722308	20722145	20722292	20722393	20722739	147	3,3,7	54,66,70	117,96,91	10,8,12	115	99	0	0.0	0.046,0.038,0.079	0.91,0.912,0.867	-0.842
150	"AT1G08600"	"ATRX"	chr1	+	2723823	2723957	2723823	2723938	2724074	2724133	150	22,15,17	1,0,0	3,0,1	15,14,15	118	99	0	0.0	0.949,1.0,1.0	0.144,0.0,0.053	0.917
151	"AT1G16560"	"AT1G16560"	chr1	+	5669159	5669413	5669159	5669409	5669492	5669689	151	0,1,0	4,6,8	0,0,0	5,5,3	103	99	1	1.0	0.0,0.138,0.0	0.0,0.0,0.0	0.046
154	"AT1G05550"	"AT1G05550"	chr1	-	1642581	1642662	1642585	1642662	1641649	1642373	154	24,19,14	0,0,0	0,0,0	12,17,16	103	99	0	0.0	1.0,1.0,1.0	0.0,0.0,0.0	1.0
163	"AT1G23970"	"AT1G23970"	chr1	-	8483090	8483304	8483105	8483304	8482758	8483009	163	5,8,3	0,0,1	1,1,2	6,6,7	114	99	1.37698741298e-11	3.03265085002e-11	1.0,1.0,0.723	0.126,0.126,0.199	0.757
171	"AT1G54650"	"AT1G54650"	chr1	-	20406721	20406921	20406727	20406921	20406593	20406643	171	16,14,18	3,1,3	5,6,4	17,10,13	105	99	1.37064803951e-11	3.03265085002e-11	0.834,0.93,0.85	0.217,0.361,0.225	0.604
174	"AT1G16270"	"AT1G16270"	chr1	+	5563086	5563364	5563086	5563200	5563717	5566376	174	4,5,6	0,0,0	0,1,0	0,0,1	263	99	1	1.0	1.0,1.0,1.0	NA,1.0,0.0	0.5
180	"AT1G61850"	"PLA1"	chr1	+	22859359	22859561	22859359	22859555	22859652	22859789	180	5,11,7	18,6,15	4,8,3	9,15,24	105	99	0.18555259399	0.279083169822	0.208,0.634,0.306	0.295,0.335,0.105	0.138
193	"AT1G45191"	"BGLU1"	chr1	+	17117993	17118217	17117993	17118202	17118336	17118411	193	0,2,0	4,4,5	6,7,0	0,0,0	114	99	1	1.0	0.0,0.303,0.0	1.0,1.0,NA	-0.899
194	"AT1G16890"	"UBC36"	chr1	-	5778034	5778089	5778061	5778089	5777851	5777938	194	2,4,0	14,13,27	23,28,22	7,2,1	126	99	0	0.0	0.101,0.195,0.0	0.721,0.917,0.945	-0.762
198	"AT1G16610"	"SR45"	chr1	-	5676727	5676877	5676760	5676877	5676428	5676495	198	0,0,0	25,22,18	0,1,0	6,7,6	132	99	1	1.0	0.0,0.0,0.0	0.0,0.097,0.0	-0.032
200	"AT1G34170"	"ARF13"	chr1	-	12444208	12444650	12444393	12444650	12443802	12443990	200	34,27,25	1,0,1	48,35,43	1,0,2	284	99	1	1.0	0.922,1.0,0.897	0.944,1.0,0.882	-0.002
202	"AT1G23080"	"PIN7"	chr1	-	8182205	8183570	8182217	8183570	8181857	8182128	202	5,4,5	32,44,61	12,25,22	0,6,3	111	99	0	0.0	0.122,0.075,0.068	1.0,0.788,0.867	-0.797
208	"AT1G61560"	"MLO6"	chr1	-	22712179	22712210	22712181	22712210	22711598	22711763	208	0,1,1	0,0,0	240,202,262	1,0,0	101	99	1	1.0	NA,1.0,1.0	0.996,1.0,1.0	0.001
210	"AT1G72330"	"ALAAT2"	chr1	+	27234898	27235042	27234898	27235003	27235097	27235208	210	0,1,3	28,36,30	22,15,12	0,1,1	138	99	1	1.0	0.0,0.02,0.067	1.0,0.915,0.896	-0.908
213	"AT1G56200"	"emb1303"	chr1	+	21030793	21030909	21030793	21030900	21031091	21031228	213	0,0,1	28,17,14	21,17,21	1,0,0	108	99	0	0.0	0.0,0.0,0.061	0.951,1.0,1.0	-0.963
215	"AT1G47550"	"SEC3A"	chr1	+	17462053	17462227	17462053	17462224	17462308	17462388	215	7,7,14	0,4,0	4,3,2	10,11,20	102	99	7.77326536472e-10	1.65293573847e-09	1.0,0.629,1.0	0.28,0.209,0.088	0.684
216	"AT1G67420"	"AT1G67420"	chr1	+	25258276	25258406	25258276	25258403	25258487	25258547	216	7,4,5	0,3,2	0,1,1	3,5,4	102	99	1	1.0	1.0,0.564,0.708	0.0,0.163,0.195	0.638
217	"AT1G68230"	"RTNLB14"	chr1	+	25572354	25572541	25572354	25572508	25572624	25572754	217	50,67,57	14,11,9	18,16,11	49,49,31	132	99	0	0.0	0.728,0.82,0.826	0.216,0.197,0.21	0.584
220	"AT1G23520"	"AT1G23520"	chr1	-	8343974	8344118	8343988	8344118	8343423	8343879	220	8,12,13	17,7,13	3,4,7	11,3,8	113	99	0.461082725037	0.627208118617	0.292,0.6,0.467	0.193,0.539,0.434	0.064
226	"AT1G30620"	"MUR4"	chr1	+	10855814	10855939	10855814	10855936	10856040	10856154	226	5,9,8	26,29,40	26,34,37	0,0,0	102	99	0	0.0	0.157,0.231,0.163	1.0,1.0,1.0	-0.816
231	"AT1G14840"	"MAP70.4"	chr1	-	5113611	5113758	5113656	5113758	5113431	5113503	231	26,19,16	6,5,4	18,23,24	4,4,3	144	99	0.34340010827	0.484954351374	0.749,0.723,0.733	0.756,0.798,0.846	-0.065
233	"AT1G51805"	"AT1G51805"	chr1	-	19224896	19225422	19224968	19225422	19223705	19224184	233	6,4,3	8,11,6	3,2,8	8,8,16	171	99	0.623779617369	0.812670628262	0.303,0.174,0.224	0.178,0.126,0.224	0.058
234	"AT1G55320"	"AAE18"	chr1	+	20633940	20634195	20633940	20634191	20634282	20634484	234	6,0,2	22,16,15	2,2,5	17,21,27	103	99	0.65120688778	0.836619959995	0.208,0.0,0.114	0.102,0.084,0.151	-0.005
239	"AT1G23570"	"AT1G23570"	chr1	-	8356052	8356232	8356058	8356232	8355588	8355732	239	58,71,61	67,51,56	68,56,62	51,49,61	105	99	0.758822585337	0.954980804676	0.449,0.568,0.507	0.557,0.519,0.489	-0.014
242	"AT1G55540"	"NUP214"	chr1	-	20737676	20738028	20737685	20738028	20737350	20737534	242	1,1,0	41,27,24	61,50,53	4,5,7	108	99	1	1.0	0.022,0.033,0.0	0.933,0.902,0.874	-0.885
248	"AT1G65470"	"FAS1"	chr1	-	24322762	24322886	24322786	24322886	24322266	24322631	248	0,0,1	5,3,3	5,5,4	1,1,0	123	99	1	1.0	0.0,0.0,0.212	0.801,0.801,1.0	-0.797
249	"AT1G75880"	"EXL1"	chr1	+	28491170	28491304	28491170	28491301	28491390	28491624	249	2,1,1	8,8,4	10,5,7	0,0,0	102	99	4.4408920985e-16	1.11022302462e-15	0.195,0.108,0.195	1.0,1.0,1.0	-0.834
255	"AT1G67980"	"CCOAMT"	chr1	+	25488176	25488321	25488176	25488319	25488425	25488557	255	2,1,4	3,3,3	0,2,1	3,5,6	101	99	0.0128712700786	0.0226779520432	0.395,0.246,0.567	0.0,0.282,0.14	0.262
264	"AT1G33980"	"UPF3"	chr1	+	12351592	12351864	12351592	12351858	12352105	12352212	264	20,26,23	58,50,50	41,59,57	14,13,18	105	99	0	0.0	0.245,0.329,0.303	0.734,0.811,0.749	-0.472
268	"AT1G26130"	"ALA12"	chr1	+	9033217	9033484	9033217	9033327	9033582	9034004	268	56,47,55	4,4,0	5,12,13	40,49,38	256	99	0	0.0	0.844,0.82,1.0	0.046,0.087,0.117	0.805
269	"AT1G26130"	"ALA12"	chr1	+	9036446	9036555	9036446	9036552	9036668	9036878	269	0,6,0	16,14,15	21,33,20	5,2,3	102	99	1.11022302463e-16	2.85265638273e-16	0.0,0.294,0.0	0.803,0.941,0.866	-0.772
270	"AT1G51680"	"4CL1"	chr1	-	19159209	19159319	19159216	19159319	19158751	19159120	270	7,14,11	6,7,8	10,6,6	5,4,5	106	99	0.940389965165	1.0	0.521,0.651,0.562	0.651,0.583,0.528	-0.009
283	"AT1G68990"	"RPOT1"	chr1	-	25939180	25939268	25939201	25939268	25939011	25939070	283	28,40,34	2,1,1	4,2,4	70,59,64	120	99	0	0.0	0.92,0.971,0.966	0.045,0.027,0.049	0.912
288	"AT1G24030"	"AT1G24030"	chr1	+	8503233	8503502	8503233	8503460	8503601	8503789	288	0,0,0	4,3,2	1,3,3	1,1,0	141	99	3.14013581804e-09	6.45472362597e-09	0.0,0.0,0.0	0.413,0.678,1.0	-0.697
289	"AT1G13460"	"B'THETA"	chr1	+	4615812	4616059	4615812	4615978	4616427	4617667	289	13,12,13	10,8,10	11,16,9	5,9,5	180	99	0.357708470332	0.49756441362	0.417,0.452,0.417	0.548,0.494,0.497	-0.084
292	"AT1G72740"	"AT1G72740"	chr1	-	27381146	27381248	27381164	27381248	27380621	27380901	292	11,5,10	0,1,2	3,1,5	13,20,12	117	99	1.74615877313e-12	3.98814040777e-12	1.0,0.809,0.809	0.163,0.041,0.261	0.718
306	"AT1G49720"	"ABF1"	chr1	+	18402098	18402153	18402098	18402128	18402276	18402628	306	0,1,0	12,4,6	12,18,10	1,1,0	124	99	0	0.0	0.0,0.166,0.0	0.905,0.935,1.0	-0.891
312	"AT1G02100"	"AT1G02100"	chr1	+	392020	392076	392020	392072	392261	392300	312	7,10,2	58,59,43	42,50,60	10,8,9	103	99	0	0.0	0.104,0.14,0.043	0.801,0.857,0.865	-0.745
313	"AT1G79830"	"GC5"	chr1	-	30030362	30030482	30030422	30030482	30030203	30030287	313	5,4,5	43,38,36	27,17,25	4,7,5	159	99	0	0.0	0.068,0.062,0.08	0.808,0.602,0.757	-0.652
314	"AT1G01950"	"ARK2"	chr1	+	328423	328555	328423	328504	328897	329030	314	2,4,3	0,0,0	0,0,0	3,1,6	150	99	5.55111512313e-16	1.36927506371e-15	1.0,1.0,1.0	0.0,0.0,0.0	1.0
322	"AT1G77890"	"AT1G77890"	chr1	+	29293206	29293278	29293206	29293272	29293400	29293478	322	4,4,1	5,10,7	5,0,3	79,58,38	105	99	0.000977485244514	0.00175567738092	0.43,0.274,0.119	0.056,0.0,0.069	0.233
327	"AT1G59890"	"SNL5"	chr1	+	22046138	22046241	22046138	22046226	22046501	22046719	327	1,0,0	18,14,14	1,0,0	14,11,13	114	99	1	1.0	0.046,0.0,0.0	0.058,0.0,0.0	-0.004
328	"AT1G11100"	"AT1G11100"	chr1	-	3708977	3709056	3708980	3709056	3708584	3708806	328	0,1,2	0,1,0	0,1,0	0,0,1	102	99	1	1.0	NA,0.493,1.0	NA,1.0,0.0	0.246
332	"AT1G59171"	"AT1G59171"	chr1	+	21822247	21822352	21822247	21822319	21822425	21822548	332	2,1,3	3,1,1	4,3,4	1,0,3	132	99	0.158543651351	0.240414553278	0.333,0.429,0.692	0.75,1.0,0.5	-0.265
336	"AT1G73170"	"AT1G73170"	chr1	-	27514350	27514797	27514354	27514797	27514053	27514268	336	34,28,31	4,3,1	1,2,4	32,29,17	103	99	0	0.0	0.891,0.9,0.968	0.029,0.062,0.184	0.828
338	"AT1G70850"	"MLP34"	chr1	-	26715928	26716400	26715932	26716400	26715182	26715706	338	5,3,4	88,79,90	39,42,43	2,2,6	103	99	0	0.0	0.052,0.035,0.041	0.949,0.953,0.873	-0.882
340	"AT1G27840"	"ATCSA-1"	chr1	-	9693838	9693996	9693841	9693996	9693664	9693754	340	0,1,0	39,47,48	2,1,1	49,37,50	102	99	0.420694509951	0.580809584634	0.0,0.02,0.0	0.038,0.026,0.019	-0.021
341	"AT1G27840"	"ATCSA-1"	chr1	-	9695720	9695981	9695891	9695981	9695481	9695641	341	22,28,31	44,42,51	156,124,163	11,5,4	270	99	0	0.0	0.155,0.196,0.182	0.839,0.901,0.937	-0.715
345	"AT1G22840"	"CYTC-1"	chr1	+	8079974	8080112	8079974	8080108	8080187	8080574	345	14,12,9	66,44,62	84,52,56	5,7,7	103	99	0	0.0	0.169,0.208,0.122	0.942,0.877,0.885	-0.735
346	"AT1G23860"	"RSZ21"	chr1	-	8428604	8428818	8428616	8428818	8428234	8428399	346	44,24,43	1,3,1	4,10,6	65,70,77	111	99	0	0.0	0.975,0.877,0.975	0.052,0.113,0.065	0.866
352	"AT1G32870"	"NAC13"	chr1	+	11912155	11913163	11912155	11913145	11913282	11913947	352	0,1,0	6,3,2	7,4,0	0,0,0	117	99	1	1.0	0.0,0.22,0.0	1.0,1.0,NA	-0.927
354	"AT1G60890"	"PIP5K8"	chr1	-	22416327	22416628	22416451	22416628	22415168	22416227	354	38,39,47	5,3,2	3,6,7	3,6,6	223	99	1.41734463832e-07	2.78945487329e-07	0.771,0.852,0.913	0.307,0.307,0.341	0.527
356	"AT1G05400"	"AT1G05400"	chr1	+	1584313	1584588	1584313	1584581	1584680	1585060	356	8,12,3	0,0,0	0,0,0	10,7,7	106	99	0	0.0	1.0,1.0,1.0	0.0,0.0,0.0	1.0
358	"AT1G17850"	"STR8"	chr1	-	6148046	6148196	6148052	6148196	6147774	6147937	358	12,14,9	1,3,3	0,1,2	5,10,7	105	99	2.80894196791e-11	6.11357957722e-11	0.919,0.815,0.739	0.0,0.086,0.212	0.725
360	"AT1G67090"	"RBCS-1A"	chr1	-	25048837	25048972	25048844	25048972	25048157	25048701	360	19,21,30	1,0,1	1,1,0	8,15,4	106	99	1	1.0	0.947,1.0,0.966	0.105,0.059,0.0	0.916
363	"AT1G10740"	"AT1G10740"	chr1	-	3568315	3568547	3568323	3568547	3567904	3567965	363	2,5,4	18,13,17	6,7,7	13,14,15	107	99	0.0660374635985	0.107166059348	0.093,0.262,0.179	0.299,0.316,0.302	-0.128
364	"AT1G48520"	"GATB"	chr1	+	17942103	17942176	17942103	17942172	17942264	17942381	364	81,77,58	0,1,2	6,4,11	43,66,60	103	99	0	0.0	1.0,0.987,0.965	0.118,0.055,0.15	0.876
365	"AT1G68010"	"HPR"	chr1	+	25494761	25494839	25494761	25494836	25494907	25495015	365	3,1,4	24,21,18	53,38,44	10,9,8	102	99	0	0.0	0.108,0.044,0.177	0.837,0.804,0.842	-0.718
366	"AT1G70830"	"MLP28"	chr1	-	26711147	26711462	26711151	26711462	26710567	26711053	366	7,11,4	42,46,50	2,1,5	49,46,34	103	99	0.0100390314976	0.0178578925678	0.138,0.187,0.071	0.038,0.02,0.124	0.071
379	"AT1G78915"	"AT1G78915"	chr1	-	29669919	29669999	29669928	29669999	29669750	29669801	379	0,1,0	7,7,1	0,0,1	4,2,2	108	99	1	1.0	0.0,0.116,0.0	0.0,0.0,0.314	-0.066
383	"AT1G21690"	"RFC4"	chr1	+	7615804	7615883	7615804	7615847	7616027	7616107	383	21,23,25	0,0,0	19,18,21	0,1,0	135	99	1	1.0	1.0,1.0,1.0	1.0,0.93,1.0	0.023
395	"AT1G29850"	"AT1G29850"	chr1	+	10449408	10449485	10449408	10449480	10449597	10449946	395	108,91,112	2,0,0	0,0,0	61,93,75	104	99	0	0.0	0.981,1.0,1.0	0.0,0.0,0.0	0.994
398	"AT1G74140"	"AT1G74140"	chr1	+	27877803	27877903	27877803	27877846	27877995	27878115	398	40,32,39	11,9,13	37,31,45	12,15,9	156	99	0.832967938159	1.0	0.698,0.693,0.656	0.662,0.567,0.76	0.019
399	"AT1G74140"	"AT1G74140"	chr1	+	27879177	27879279	27879177	27879270	27879359	27879401	399	20,31,17	7,6,12	23,11,17	13,7,7	108	99	0.352780379462	0.494427046973	0.724,0.826,0.565	0.619,0.59,0.69	0.072
404	"AT1G66970"	"GDPDL1"	chr1	-	24995800	24996117	24995866	24996117	24995314	24995608	404	4,2,5	1,0,0	0,0,0	3,1,0	165	99	1	1.0	0.706,1.0,1.0	0.0,0.0,NA	0.902
407	"AT1G73960"	"TAF2"	chr1	-	27806796	27806962	27806856	27806962	27806522	27806706	407	3,4,2	1,0,2	0,1,1	2,1,4	159	99	2.76791398264e-05	5.17236451301e-05	0.651,1.0,0.384	0.0,0.384,0.135	0.505
409	"AT1G67700"	"HHL1"	chr1	+	25375194	25375281	25375194	25375278	25375405	25375453	409	5,2,5	17,12,24	37,55,36	2,3,4	102	99	0	0.0	0.222,0.139,0.168	0.947,0.947,0.897	-0.754
411	"AT1G22200"	"AT1G22200"	chr1	-	7838207	7838304	7838211	7838304	7838047	7838114	411	33,28,34	0,1,0	2,1,0	27,36,31	103	99	0	0.0	1.0,0.964,1.0	0.066,0.026,0.0	0.957
413	"AT1G80380"	"GLYK"	chr1	+	30217218	30217632	30217218	30217575	30217862	30218248	413	53,51,25	21,12,17	42,50,40	18,13,20	156	99	0.937025292312	1.0	0.616,0.73,0.483	0.597,0.709,0.559	-0.012
414	"AT1G80380"	"GLYK"	chr1	+	30218913	30218945	30218913	30218927	30219060	30219204	414	46,28,51	6,8,6	34,34,43	4,17,4	117	99	0.540072510922	0.719760522603	0.866,0.748,0.878	0.878,0.629,0.901	0.028
417	"AT1G01140"	"CIPK9"	chr1	-	65732	65864	65738	65864	65562	65652	417	10,8,5	0,0,3	0,0,0	11,14,14	105	99	0	0.0	1.0,1.0,0.611	0.0,0.0,0.0	0.87
418	"AT1G17720"	"PP2AB2"	chr1	-	6096212	6096389	6096215	6096389	6095831	6095923	418	1,0,0	3,1,1	1,1,3	0,0,0	102	99	1.45611400715e-09	3.02675383509e-09	0.244,0.0,0.0	1.0,1.0,1.0	-0.919
420	"AT1G69220"	"SIK1"	chr1	-	26025353	26026171	26025434	26026171	26025107	26025196	420	12,10,8	1,1,2	14,11,5	0,0,0	180	99	0.129173048987	0.200815244223	0.868,0.846,0.688	1.0,1.0,1.0	-0.199
421	"AT1G50430"	"DWF5"	chr1	-	18684830	18684886	18684833	18684886	18684619	18684722	421	3,0,2	5,10,9	2,10,8	5,2,4	102	99	0.000966519462717	0.0017530009863	0.368,0.0,0.177	0.28,0.829,0.66	-0.408
425	"AT1G54920"	"AT1G54920"	chr1	+	20473790	20473982	20473790	20473952	20474050	20474267	425	8,9,11	27,31,22	16,17,16	2,6,5	129	99	1.10639275519e-10	2.38003092686e-10	0.185,0.182,0.277	0.86,0.685,0.711	-0.537
435	"AT1G44835"	"AT1G44835"	chr1	+	16941901	16942032	16941901	16942029	16942105	16942180	435	11,14,16	3,2,1	3,0,3	10,9,16	102	99	2.34035013591e-13	5.55083045056e-13	0.781,0.872,0.94	0.226,0.0,0.154	0.738
439	"AT1G47570"	"AT1G47570"	chr1	+	17478654	17479011	17478654	17478991	17479130	17479281	439	1,1,2	0,0,0	2,0,1	3,2,1	119	99	5.44443208295e-08	1.09480427755e-07	1.0,1.0,1.0	0.357,0.0,0.454	0.73
448	"AT1G51745"	"AT1G51745"	chr1	+	19191872	19192249	19191872	19192245	19192357	19193316	448	2,2,1	12,6,12	7,14,6	4,1,0	103	99	1.40033862284e-09	2.94389369574e-09	0.138,0.243,0.074	0.627,0.931,1.0	-0.701
449	"AT1G01040"	"DCL1"	chr1	+	27371	27536	27371	27533	27617	27713	449	4,6,6	1,0,0	0,0,0	1,3,2	102	99	0	0.0	0.795,1.0,1.0	0.0,0.0,0.0	0.932
459	"AT1G05230"	"HDG2"	chr1	-	1513824	1513920	1513830	1513920	1513373	1513744	459	6,7,7	66,62,67	108,84,109	2,0,2	105	99	0	0.0	0.079,0.096,0.09	0.981,1.0,0.981	-0.899
463	"AT1G79700"	"AT1G79700"	chr1	-	29991803	29991880	29991833	29991880	29990335	29990825	463	14,8,14	1,0,0	0,0,2	14,14,13	129	99	0	0.0	0.915,1.0,1.0	0.0,0.0,0.106	0.936
464	"AT1G18730"	"PNSB4"	chr1	+	6461317	6461910	6461317	6461389	6461993	6462224	464	173,182,195	0,0,0	32,31,29	16,13,22	620	99	0	0.0	1.0,1.0,1.0	0.242,0.276,0.174	0.769
467	"AT1G70570"	"AT1G70570"	chr1	+	26610834	26611053	26610834	26610942	26611127	26611251	467	3,3,2	7,5,3	27,32,38	0,0,0	210	99	0	0.0	0.168,0.22,0.239	1.0,1.0,1.0	-0.791
469	"AT1G79230"	"STR1"	chr1	+	29802115	29802244	29802115	29802240	29802347	29802510	469	24,12,14	0,0,0	3,1,1	17,14,17	103	99	0	0.0	1.0,1.0,1.0	0.145,0.064,0.054	0.912
470	"AT1G04270"	"RPS15A"	chr1	-	1142575	1142633	1142578	1142633	1141603	1142100	470	3,1,4	4,2,6	3,2,5	6,3,5	102	99	0.977471258676	1.0	0.421,0.327,0.393	0.327,0.393,0.493	-0.024
475	"AT1G71820"	"SEC6"	chr1	+	27014114	27014294	27014114	27014228	27014635	27014719	475	8,8,13	3,3,7	10,11,6	5,1,4	165	99	0.634764730944	0.821199127445	0.615,0.615,0.527	0.545,0.868,0.474	-0.043
480	"AT1G18030"	"AT1G18030"	chr1	+	6206124	6206218	6206124	6206214	6206319	6206367	480	5,2,3	4,3,8	0,3,2	5,9,7	103	99	0.0488811631356	0.081468605226	0.546,0.391,0.265	0.0,0.243,0.215	0.248
486	"AT1G71691"	"AT1G71691"	chr1	-	26951160	26951547	26951164	26951547	26950937	26951059	486	1,2,4	34,38,29	31,31,31	2,1,2	103	99	0	0.0	0.027,0.048,0.117	0.937,0.968,0.937	-0.883
491	"AT1G28660"	"AT1G28660"	chr1	-	10072529	10072675	10072532	10072675	10072180	10072457	491	11,2,4	2,1,2	8,1,7	1,5,3	102	99	0.240461889879	0.354989263489	0.842,0.66,0.66	0.886,0.163,0.694	0.14
493	"AT1G21530"	"AEE10"	chr1	-	7546036	7546936	7546042	7546936	7545150	7545900	493	7,6,10	0,0,0	0,0,0	1,5,2	105	99	0	0.0	1.0,1.0,1.0	0.0,0.0,0.0	1.0
495	"AT1G21560"	"AT1G21560"	chr1	+	7554783	7555007	7554783	7554975	7555182	7556032	495	3,0,1	0,2,2	2,0,0	1,2,3	131	99	0.151721248307	0.23197050361	1.0,0.0,0.274	0.602,0.0,0.0	0.224
499	"AT1G33290"	"AT1G33290"	chr1	+	12075131	12075416	12075131	12075188	12075506	12075650	499	2,1,0	13,7,8	0,1,3	2,11,19	327	99	0.618061484146	0.810931734518	0.045,0.041,0.0	0.0,0.027,0.046	0.004
500	"AT1G74390"	"NEN3"	chr1	-	27963011	27963075	27963044	27963075	27962093	27962815	500	48,28,34	1,1,2	2,2,2	43,23,25	132	99	0	0.0	0.973,0.955,0.927	0.034,0.061,0.057	0.901
505	"AT1G23820"	"SPDS1"	chr1	+	8422167	8422367	8422167	8422363	8422447	8422571	505	6,2,6	3,3,3	5,6,5	2,3,1	103	99	0.303847142864	0.432397857153	0.658,0.391,0.658	0.706,0.658,0.828	-0.162
524	"AT1G73390"	"AT1G73390"	chr1	-	27594494	27594551	27594498	27594551	27593901	27594166	524	33,35,26	36,42,46	20,21,14	43,52,31	103	99	0.0167732876829	0.0290005441246	0.468,0.445,0.352	0.309,0.28,0.303	0.124
528	"AT1G35340"	"AT1G35340"	chr1	+	12978235	12978355	12978235	12978340	12978439	12978514	528	11,7,14	50,53,53	29,27,40	1,0,0	114	99	0	0.0	0.16,0.103,0.187	0.962,1.0,1.0	-0.837
529	"AT1G13170"	"ORP1D"	chr1	-	4490266	4490790	4490329	4490790	4489995	4490151	529	11,7,12	40,42,41	28,38,33	1,0,5	162	99	0	0.0	0.144,0.092,0.152	0.945,1.0,0.801	-0.786
533	"AT1G72930"	"TIR"	chr1	+	27439451	27439973	27439451	27439930	27440071	27440464	533	145,125,163	11,14,18	130,138,120	10,7,12	142	99	0.243695332233	0.354989263489	0.902,0.862,0.863	0.901,0.932,0.875	-0.027
534	"AT1G63770"	"AT1G63770"	chr1	-	23658411	23658526	23658415	23658526	23658215	23658332	534	70,64,49	13,12,5	4,3,6	103,165,137	103	99	0	0.0	0.838,0.837,0.904	0.036,0.017,0.04	0.829
542	"AT1G34350"	"AT1G34350"	chr1	+	12534900	12535081	12534900	12535006	12535395	12535544	542	0,0,0	5,7,2	3,2,6	0,0,0	174	99	0	0.0	0.0,0.0,0.0	1.0,1.0,1.0	-1.0
546	"AT1G11820"	"AT1G11820"	chr1	-	3991721	3993026	3991987	3993026	3991387	3991415	546	4,3,2	2,4,4	2,3,1	4,8,7	365	99	0.147903757186	0.228018292328	0.352,0.169,0.119	0.119,0.092,0.037	0.131
547	"AT1G74530"	"AT1G74530"	chr1	-	28010054	28010124	28010058	28010124	28009898	28009973	547	14,24,23	0,0,1	1,2,1	19,24,5	103	99	0	0.0	1.0,1.0,0.957	0.048,0.074,0.161	0.891
554	"AT1G11480"	"AT1G11480"	chr1	-	3866654	3866969	3866658	3866969	3865528	3866435	554	7,0,4	0,2,0	0,0,1	2,5,1	103	99	1.38480873291e-06	2.66864182905e-06	1.0,0.0,1.0	0.0,0.0,0.49	0.503
558	"AT1G27450"	"APT1"	chr1	+	9532870	9533038	9532870	9532963	9533364	9533514	558	8,7,8	42,42,43	5,5,4	43,47,39	174	99	0.12581021489	0.197244828429	0.098,0.087,0.096	0.062,0.057,0.055	0.036
561	"AT1G45248"	"AT1G45248"	chr1	-	17164615	17164779	17164670	17164779	17164196	17164250	561	0,0,0	34,36,32	28,28,17	0,0,1	154	99	0	0.0	0.0,0.0,0.0	1.0,1.0,0.916	-0.972
564	"AT1G22690"	"GASA9"	chr1	+	8027779	8028059	8027779	8028015	8028131	8028168	564	11,12,7	0,0,0	3,3,3	19,12,17	143	99	0	0.0	1.0,1.0,1.0	0.099,0.148,0.109	0.881
566	"AT1G24260"	"SEP3"	chr1	-	8594806	8594891	8594809	8594891	8594629	8594697	566	20,20,12	5,8,8	10,14,13	4,4,8	102	99	0.977750870871	1.0	0.795,0.708,0.593	0.708,0.773,0.612	0.001
570	"AT1G09932"	"AT1G09932"	chr1	-	3232882	3233109	3232964	3233109	3232669	3232777	570	19,12,20	0,1,0	4,2,0	7,11,8	181	99	0	0.0	1.0,0.868,1.0	0.238,0.09,0.0	0.847
574	"AT1G68910"	"WIT2"	chr1	-	25908564	25908715	25908568	25908715	25908130	25908380	574	9,8,8	0,1,0	0,1,1	2,2,1	103	99	1.47173625176e-07	2.8660127008e-07	1.0,0.885,1.0	0.0,0.325,0.49	0.69
576	"AT1G03160"	"FZL"	chr1	+	764698	764931	764698	764866	765024	765255	576	6,10,2	6,12,4	11,7,7	8,4,6	164	99	0.196063181466	0.29251361751	0.376,0.335,0.232	0.454,0.514,0.413	-0.146
577	"AT1G29040"	"AT1G29040"	chr1	+	10134504	10134581	10134504	10134536	10134685	10134797	577	58,54,65	21,21,16	592,574,565	30,22,21	144	99	0	0.0	0.655,0.639,0.736	0.931,0.947,0.949	-0.266
583	"AT1G60730"	"AT1G60730"	chr1	-	22358753	22358860	22358757	22358860	22358034	22358665	583	5,3,0	2,4,5	4,3,1	2,1,6	103	99	0.540793041307	0.719760522603	0.706,0.419,0.0	0.658,0.742,0.138	-0.138
587	"AT1G07780"	"PAI1"	chr1	-	2412547	2412677	2412609	2412677	2412193	2412219	587	0,3,2	52,78,71	60,35,55	6,7,9	161	99	0	0.0	0.0,0.023,0.017	0.86,0.755,0.79	-0.788
589	"AT1G80100"	"AHP6"	chr1	+	30133725	30134017	30133725	30133951	30134129	30134273	589	28,26,46	1,1,1	2,3,3	28,16,19	165	99	0	0.0	0.944,0.94,0.965	0.041,0.101,0.087	0.873
595	"AT1G05380"	"AT1G05380"	chr1	+	1576862	1577148	1576862	1577127	1577221	1579195	595	20,17,6	1,0,1	2,3,2	30,27,25	120	99	0	0.0	0.943,1.0,0.832	0.052,0.084,0.062	0.859
597	"AT1G11360"	"AT1G11360"	chr1	-	3822017	3823088	3822146	3823088	3821442	3821795	597	13,8,4	7,4,2	13,13,14	13,8,8	228	99	0.426616078737	0.584622033825	0.446,0.465,0.465	0.303,0.414,0.432	0.076
598	"AT1G11360"	"AT1G11360"	chr1	-	3822017	3823088	3822163	3823088	3821442	3821795	598	13,13,8	65,71,53	21,29,19	0,1,2	245	99	0	0.0	0.075,0.069,0.057	1.0,0.921,0.793	-0.838
599	"AT1G11360"	"AT1G11360"	chr1	-	3822146	3823088	3822163	3823088	3821442	3821795	599	7,9,6	65,71,53	21,24,13	0,1,2	116	99	0	0.0	0.084,0.098,0.088	1.0,0.953,0.847	-0.843
601	"AT1G72650"	"TRFL6"	chr1	+	27351193	27351264	27351193	27351246	27351417	27352308	601	9,5,4	4,3,5	16,12,14	5,4,1	117	99	0.0499743559623	0.0825469272592	0.656,0.585,0.404	0.73,0.717,0.922	-0.241
602	"AT1G53165"	"ATMAP4K	chr1	+	19817095	19817248	19817095	19817224	19817312	19817562	602	0,0,0	2,5,4	0,1,1	9,2,4	123	99	1	1.0	0.0,0.0,0.0	0.0,0.287,0.168	-0.152
607	"AT1G21610"	"AT1G21610"	chr1	+	7578051	7578165	7578051	7578162	7578250	7578956	607	7,11,9	1,1,2	3,4,1	5,9,7	102	99	9.49395135841e-08	1.88858172183e-07	0.872,0.914,0.814	0.368,0.301,0.122	0.603
609	"AT1G28100"	"AT1G28100"	chr1	+	9802915	9802978	9802915	9802954	9803206	9803375	609	2,0,3	50,74,56	0,0,1	55,83,75	123	99	0.511400310774	0.690577061994	0.031,0.0,0.041	0.0,0.0,0.011	0.02
610	"AT1G28100"	"AT1G28100"	chr1	+	9803623	9803680	9803623	9803676	9803770	9804092	610	50,50,64	1,1,2	10,9,13	27,49,34	103	99	0	0.0	0.98,0.98,0.969	0.263,0.15,0.269	0.749
612	"AT1G10670"	"ACLA-1"	chr1	+	3535382	3535645	3535382	3535578	3535773	3535885	612	116,135,131	2,4,1	1,1,1	68,53,31	166	99	0	0.0	0.972,0.953,0.987	0.009,0.011,0.019	0.958
619	"AT1G19230"	"RBOHE"	chr1	+	6644936	6645096	6644936	6645042	6646069	6646118	619	31,23,20	3,4,2	10,9,10	18,32,23	153	99	0	0.0	0.87,0.788,0.866	0.264,0.154,0.22	0.629
620	"AT1G54360"	"TAF6B"	chr1	+	20291301	20291378	20291301	20291357	20291457	20291595	620	45,34,44	5,12,2	52,46,57	4,5,3	120	99	0.106118413914	0.167794073283	0.881,0.7,0.948	0.915,0.884,0.94	-0.07
622	"AT1G22910"	"AT1G22910"	chr1	+	8107290	8107523	8107290	8107519	8107612	8108164	622	0,0,0	0,1,1	39,38,34	5,2,1	103	99	1	1.0	NA,0.0,0.0	0.882,0.948,0.97	-0.933
626	"AT1G49050"	"AT1G49050"	chr1	+	18150537	18151243	18150537	18151239	18151338	18151462	626	63,32,44	4,4,3	4,9,6	84,97,73	103	99	0	0.0	0.938,0.885,0.934	0.044,0.082,0.073	0.853
635	"AT1G01080"	"AT1G01080"	chr1	-	46372	47019	46375	47019	46043	46145	635	5,6,3	16,8,13	8,7,7	6,13,9	102	99	0.0999678862892	0.159431542789	0.233,0.421,0.183	0.564,0.343,0.43	-0.167
637	"AT1G56220"	"AT1G56220"	chr1	+	21043703	21043893	21043703	21043889	21044347	21044738	637	1,0,0	3,1,2	0,0,0	0,1,1	103	99	1	1.0	0.243,0.0,0.0	NA,0.0,0.0	0.081
638	"AT1G56220"	"AT1G56220"	chr1	+	21043703	21043893	21043703	21043889	21044356	21044738	638	20,8,17	0,1,2	1,0,1	9,10,8	103	99	1	1.0	1.0,0.885,0.891	0.096,0.0,0.107	0.858
642	"AT1G53710"	"AT1G53710"	chr1	-	20055276	20055415	20055279	20055415	20055097	20055194	642	12,12,16	0,0,0	1,0,0	3,2,2	102	99	1.8574031202e-13	4.46259191217e-13	1.0,1.0,1.0	0.244,0.0,0.0	0.919
644	"AT1G01800"	"AT1G01800"	chr1	+	293499	293756	293499	293752	294054	294120	644	65,50,59	14,12,11	28,22,22	135,148,126	103	99	0	0.0	0.817,0.8,0.838	0.166,0.125,0.144	0.673
652	"AT1G10060"	"BCAT1"	chr1	+	3286303	3286399	3286303	3286358	3286533	3286646	652	33,28,25	6,11,7	21,24,31	21,21,18	140	99	0.000673909958703	0.00123438952832	0.795,0.643,0.716	0.414,0.447,0.549	0.248
659	"AT1G76510"	"ARID5"	chr1	-	28711064	28711179	28711133	28711179	28710760	28710853	659	30,24,14	1,1,0	1,1,1	12,9,9	168	99	1	1.0	0.946,0.934,1.0	0.047,0.061,0.061	0.904
662	"AT1G02950"	"GSTF4"	chr1	-	665857	665910	665861	665910	665167	665777	662	30,27,18	4,2,3	0,1,0	14,14,19	103	99	0	0.0	0.878,0.928,0.852	0.0,0.064,0.0	0.865
666	"AT1G54310"	"AT1G54310"	chr1	+	20274312	20274561	20274312	20274535	20274641	20274828	666	37,19,15	6,2,6	14,19,21	7,1,2	125	99	0.731480741614	0.933268532404	0.83,0.883,0.664	0.613,0.938,0.893	-0.022
671	"AT1G16340"	"KDSA2"	chr1	-	5590234	5590338	5590240	5590338	5589928	5590025	671	128,116,113	9,6,4	0,0,0	110,110,96	105	99	0	0.0	0.931,0.948,0.964	0.0,0.0,0.0	0.948
672	"AT1G53530"	"AT1G53530"	chr1	+	19978145	19978393	19978145	19978383	19978472	19978697	672	8,3,3	1,1,4	7,4,6	2,1,4	109	99	0.907418675862	1.0	0.879,0.732,0.405	0.761,0.784,0.577	-0.035
677	"AT1G22280"	"PAPP2C"	chr1	+	7874402	7874660	7874402	7874642	7874730	7875007	677	0,2,0	9,10,11	6,10,13	0,1,0	117	99	0	0.0	0.0,0.145,0.0	1.0,0.894,1.0	-0.916
678	"AT1G53200"	"AT1G53200"	chr1	-	19842633	19842741	19842650	19842741	19842434	19842517	678	10,8,6	2,6,5	8,9,8	1,2,2	116	99	0.0437176557975	0.0735251483867	0.81,0.532,0.506	0.872,0.793,0.773	-0.197
679	"AT1G79810"	"PEX2"	chr1	+	30019743	30020037	30019743	30020033	30020105	30020219	679	11,13,17	4,2,6	16,9,14	2,0,3	103	99	0.0553520859001	0.0906206716064	0.726,0.862,0.731	0.885,1.0,0.818	-0.128
682	"AT1G54270"	"TIF4A-2"	chr1	+	20260648	20260752	20260648	20260737	20260861	20261292	682	114,136,134	23,12,14	58,49,61	276,259,266	114	99	0	0.0	0.811,0.908,0.893	0.154,0.141,0.166	0.717
684	"AT1G31170"	"SRX"	chr1	+	11133682	11133846	11133682	11133840	11133926	11133960	684	6,6,4	0,0,0	0,1,1	10,14,7	105	99	1	1.0	1.0,1.0,1.0	0.0,0.063,0.119	0.939
