ID	GeneID	geneSymbol	chr	strand	riExonStart_0base	riExonEnd	upstreamES	upstreamEE	downstreamES	downstreamEE	ID	IJC_SAMPLE_1	SJC_SAMPLE_1	IJC_SAMPLE_2	SJC_SAMPLE_2	IncFormLen	SkipFormLen	PValue	FDR	IncLevel1	IncLevel2	IncLevelDifference
3	"AT1G61970"	"AT1G61970"	chr1	+	22906472	22907630	22906472	22907329	22907434	22907630	3	5,4,4	2,1,0	5,4,3	1,1,1	204	99	0.728103231052	0.917528461895	0.548,0.66,1.0	0.708,0.66,0.593	0.082
5	"AT1G11720"	"SS3"	chr1	+	3952344	3953618	3952344	3952408	3952484	3953618	5	0,0,2	1,1,2	4,4,5	0,0,0	175	99	5.61006792354e-07	1.15941403753e-06	0.0,0.0,0.361	1.0,1.0,1.0	-0.88
10	"AT1G78870"	"UBC35"	chr1	+	29651771	29652046	29651771	29651845	29651948	29652046	10	2,1,4	9,9,9	21,26,32	3,2,2	202	99	3.33066907388e-16	9.64960198975e-16	0.098,0.052,0.179	0.774,0.864,0.887	-0.732
23	"AT1G07890"	"APX1"	chr1	+	2439277	2439665	2439277	2439336	2439419	2439665	23	4,4,2	70,64,87	310,303,318	17,15,15	182	99	0	0.0	0.03,0.033,0.012	0.908,0.917,0.92	-0.89
36	"AT1G14170"	"AT1G14170"	chr1	-	4844653	4845283	4844653	4845126	4845225	4845283	36	14,16,12	1,6,7	6,8,7	8,3,2	198	99	0.276117587346	0.408267575897	0.875,0.571,0.462	0.273,0.571,0.636	0.143
37	"AT1G14170"	"AT1G14170"	chr1	-	4844653	4845283	4844653	4845150	4845225	4845283	37	10,13,9	6,10,9	3,7,4	16,19,14	174	99	8.86053514563e-05	0.000174953241729	0.487,0.425,0.363	0.096,0.173,0.14	0.289
40	"AT1G67500"	"REV3"	chr1	-	25294487	25294841	25294487	25294579	25294657	25294841	40	3,2,7	4,4,7	2,3,2	2,1,3	177	99	0.725353295094	0.917528461895	0.296,0.219,0.359	0.359,0.627,0.272	-0.128
48	"AT1G75380"	"BBD1"	chr1	-	28281388	28281850	28281388	28281708	28281783	28281850	48	20,19,13	36,31,24	1,2,3	13,14,9	174	99	0.000461895985059	0.000873096069319	0.24,0.259,0.236	0.042,0.075,0.159	0.153
49	"AT1G72830"	"NFYA3"	chr1	-	27406172	27406343	27406172	27406250	27406325	27406343	49	11,10,4	0,0,0	0,0,0	15,16,13	174	99	0	0.0	1.0,1.0,1.0	0.0,0.0,0.0	1.0
55	"AT1G53260"	"AT1G53260"	chr1	-	19859266	19860060	19859266	19859671	19859781	19860060	55	0,1,0	5,4,5	2,3,8	0,0,0	209	99	0	0.0	0.0,0.106,0.0	1.0,1.0,1.0	-0.965
61	"AT1G56145"	"AT1G56145"	chr1	-	21008863	21009387	21008863	21009095	21009176	21009387	61	9,8,11	0,1,0	1,0,0	2,5,6	180	99	1.11022302463e-16	3.30931863111e-16	1.0,0.815,1.0	0.216,0.0,0.0	0.866
65	"AT1G65120"	"AT1G65120"	chr1	-	24191644	24191956	24191644	24191734	24191822	24191956	65	0,1,1	5,6,3	5,15,7	0,0,0	187	99	1	1.0	0.0,0.081,0.15	1.0,1.0,1.0	-0.923
68	"AT1G03520"	"AT1G03520"	chr1	-	878910	880158	878910	879300	879931	880158	68	24,22,15	3,4,8	18,12,13	4,1,5	730	99	0.933082209506	1.0	0.52,0.427,0.203	0.379,0.619,0.261	-0.036
69	"AT1G02880"	"TPK1"	chr1	-	643876	644256	643876	643949	644159	644256	69	7,0,2	33,35,39	98,104,84	0,2,2	309	99	0	0.0	0.064,0.0,0.016	1.0,0.943,0.931	-0.931
71	"AT1G73470"	"AT1G73470"	chr1	+	27625148	27625485	27625148	27625294	27625406	27625485	71	0,1,0	33,26,25	0,0,0	49,56,42	211	99	1	1.0	0.0,0.018,0.0	0.0,0.0,0.0	0.006
72	"AT1G05710"	"AT1G05710"	chr1	+	1716558	1716735	1716558	1716624	1716690	1716735	72	2,4,4	57,65,56	106,74,78	3,2,3	165	99	0	0.0	0.021,0.036,0.041	0.955,0.957,0.94	-0.918
77	"AT1G13770"	"RUS3"	chr1	+	4721694	4722005	4721694	4721838	4721947	4722005	77	4,4,10	10,4,7	13,7,13	0,1,0	208	99	2.93980839672e-10	7.06465583708e-10	0.16,0.322,0.405	1.0,0.769,1.0	-0.627
83	"AT1G20100"	"AT1G20100"	chr1	-	6969106	6969819	6969106	6969507	6969619	6969819	83	1,0,1	6,7,3	6,17,9	0,0,0	211	99	1	1.0	0.073,0.0,0.135	1.0,1.0,1.0	-0.931
87	"AT1G13860"	"QUL1"	chr1	-	4743308	4743903	4743308	4743523	4743668	4743903	87	0,2,1	2,2,0	29,28,24	0,0,1	244	99	7.51325229031e-06	1.51240792857e-05	0.0,0.289,1.0	1.0,1.0,0.907	-0.539
91	"AT1G75190"	"AT1G75190"	chr1	+	28219381	28220227	28219381	28219804	28219915	28220227	91	0,0,1	4,1,5	32,23,24	0,0,0	210	99	0	0.0	0.0,0.0,0.086	1.0,1.0,1.0	-0.971
94	"AT1G65040"	"HRD1B"	chr1	-	24162832	24163379	24162832	24163023	24163236	24163379	94	0,2,1	2,8,4	7,7,10	0,0,2	312	99	1.13008158387e-10	2.73691633594e-10	0.0,0.073,0.073	1.0,1.0,0.613	-0.822
99	"AT1G76630"	"SKI3"	chr1	+	28762810	28763184	28762810	28762906	28762990	28763184	99	68,54,74	0,2,0	1,1,0	29,30,26	183	99	0	0.0	1.0,0.936,1.0	0.018,0.018,0.0	0.967
101	"AT1G49180"	"AT1G49180"	chr1	-	18184653	18185040	18184653	18184820	18184942	18185040	101	5,14,11	27,32,51	43,33,28	5,2,4	221	99	0	0.0	0.077,0.164,0.088	0.794,0.881,0.758	-0.701
102	"AT1G34047"	"AT1G34047"	chr1	-	12390237	12390675	12390237	12390421	12390500	12390675	102	9,4,1	4,2,0	4,4,7	3,5,4	178	99	0.27214697454	0.407087246536	0.556,0.527,1.0	0.426,0.308,0.493	0.285
103	"AT1G76990"	"ACR3"	chr1	+	28934840	28935539	28934840	28935187	28935271	28935539	103	53,42,34	2,0,2	2,7,4	15,20,10	183	99	0	0.0	0.935,1.0,0.902	0.067,0.159,0.178	0.811
105	"AT1G29120"	"AT1G29120"	chr1	+	10177613	10177958	10177613	10177782	10177860	10177958	105	0,1,1	26,45,34	0,3,0	40,35,35	177	99	1	1.0	0.0,0.012,0.016	0.0,0.046,0.0	-0.006
106	"AT1G29120"	"AT1G29120"	chr1	+	10177613	10177958	10177613	10177784	10177860	10177958	106	0,1,1	0,0,1	0,3,0	0,0,0	175	99	1	1.0	NA,1.0,0.361	NA,1.0,NA	-0.32
107	"AT1G11170"	"AT1G11170"	chr1	+	3743983	3744148	3743983	3744010	3744112	3744148	107	6,4,3	0,0,0	0,1,0	1,0,3	201	99	5.16622174707e-07	1.07485150442e-06	1.0,1.0,1.0	0.0,1.0,0.0	0.667
108	"AT1G68540"	"TKPR2"	chr1	+	25720700	25721053	25720700	25720830	25720911	25721053	108	9,4,10	30,37,43	74,63,55	3,1,3	180	99	0	0.0	0.142,0.056,0.113	0.931,0.972,0.91	-0.834
113	"AT1G28610"	"AT1G28610"	chr1	-	10054233	10054760	10054233	10054510	10054614	10054760	113	1,9,5	15,6,9	40,27,34	1,0,1	203	99	1	1.0	0.031,0.422,0.213	0.951,1.0,0.943	-0.743
117	"AT1G79790"	"AT1G79790"	chr1	-	30017371	30017632	30017371	30017442	30017517	30017632	117	9,11,18	0,0,4	5,8,3	4,1,6	174	99	0.00233621129002	0.00433667964016	1.0,1.0,0.719	0.416,0.82,0.221	0.421
119	"AT1G75390"	"AtbZIP44"	chr1	+	28291697	28293008	28291697	28292538	28292608	28293008	119	21,6,9	0,2,0	15,19,22	1,1,3	169	99	0.090645961089	0.150268705549	1.0,0.637,1.0	0.898,0.918,0.811	0.003
120	"AT1G34380"	"AT1G34380"	chr1	-	12553034	12553605	12553034	12553257	12553370	12553605	120	287,280,287	9,8,10	18,16,13	62,44,56	212	99	0	0.0	0.937,0.942,0.931	0.119,0.145,0.098	0.816
121	"AT1G65060"	"4CL3"	chr1	-	24167769	24168150	24167769	24167837	24168004	24168150	121	5,6,8	9,9,11	80,83,109	8,3,5	266	99	0	0.0	0.171,0.199,0.213	0.788,0.911,0.89	-0.669
123	"AT1G14320"	"RPL10A"	chr1	+	4888548	4889050	4888548	4888766	4888937	4889050	123	26,33,43	1,1,0	1,2,7	13,15,11	270	99	0	0.0	0.905,0.924,1.0	0.027,0.047,0.189	0.855
131	"AT1G12760"	"AT1G12760"	chr1	+	4348497	4349359	4348497	4348827	4348882	4349359	131	90,85,86	17,14,16	18,14,21	86,77,91	154	99	0	0.0	0.773,0.796,0.776	0.119,0.105,0.129	0.664
142	"AT1G11450"	"AT1G11450"	chr1	+	3853757	3854111	3853757	3853820	3853994	3854111	142	1,0,5	2,0,1	20,10,11	2,1,0	273	99	1	1.0	0.153,NA,0.645	0.784,0.784,1.0	-0.457
145	"AT1G01060"	"LHY"	chr1	-	37372	37780	37372	37398	37568	37780	145	72,90,74	81,81,78	39,41,48	74,80,85	269	99	0.00017020563041	0.000331847455516	0.246,0.29,0.259	0.162,0.159,0.172	0.101
148	"AT1G29170"	"SCAR3"	chr1	-	10190529	10190839	10190529	10190632	10190746	10190839	148	42,45,45	10,21,19	37,31,29	17,12,21	213	99	0.276568357866	0.408267575897	0.661,0.499,0.524	0.503,0.546,0.391	0.081
149	"AT1G29170"	"SCAR3"	chr1	-	10190529	10190839	10190529	10190646	10190746	10190839	149	34,38,41	24,17,18	30,25,23	16,23,23	199	99	0.12485144076	0.198481777618	0.413,0.527,0.531	0.483,0.351,0.332	0.102
151	"AT1G33050"	"AT1G33050"	chr1	-	11968347	11968675	11968347	11968507	11968588	11968675	151	2,1,2	30,23,23	0,2,2	14,13,13	180	99	0.883429051645	1.0	0.035,0.023,0.046	0.0,0.078,0.078	-0.017
152	"AT1G25280"	"TULP10"	chr1	+	8865424	8865728	8865424	8865512	8865595	8865728	152	15,19,18	2,0,0	5,13,5	1,2,1	182	99	0.0120087057624	0.0215531404559	0.803,1.0,1.0	0.731,0.78,0.731	0.187
153	"AT1G08350"	"TMN5"	chr1	-	2635208	2635622	2635208	2635249	2635459	2635622	153	41,28,24	0,1,3	6,11,9	12,17,8	309	99	7.91589016558e-14	2.11545340632e-13	1.0,0.9,0.719	0.138,0.172,0.265	0.681
154	"AT1G68530"	"CUT1"	chr1	-	25712587	25714807	25712587	25713329	25713688	25714807	154	27,25,22	7,13,11	39,63,52	3,4,1	458	99	1.77881651409e-07	3.80298703012e-07	0.455,0.294,0.302	0.738,0.773,0.918	-0.459
155	"AT1G77480"	"AT1G77480"	chr1	-	29114557	29115061	29114557	29114834	29114973	29115061	155	0,1,2	8,2,2	6,6,5	0,1,1	238	99	5.39955724577e-09	1.22179762496e-08	0.0,0.172,0.294	1.0,0.714,0.675	-0.641
156	"AT1G48740"	"AT1G48740"	chr1	-	18023386	18023827	18023386	18023625	18023715	18023827	156	0,0,0	2,7,3	12,7,6	0,0,0	189	99	0	0.0	0.0,0.0,0.0	1.0,1.0,1.0	-1.0
167	"AT1G11270"	"AT1G11270"	chr1	-	3785696	3786674	3785696	3785848	3785997	3786674	167	124,122,113	0,0,1	23,23,17	42,49,43	248	99	0	0.0	1.0,1.0,0.978	0.179,0.158,0.136	0.835
173	"AT1G30330"	"ARF6"	chr1	-	10689993	10690838	10689993	10690218	10690304	10690838	173	1,0,0	2,1,1	4,3,5	0,0,0	185	99	4.97451879689e-09	1.13389766694e-08	0.211,0.0,0.0	1.0,1.0,1.0	-0.93
176	"AT1G11230"	"AT1G11230"	chr1	-	3763267	3764483	3763267	3763785	3763905	3764483	176	24,25,19	38,49,39	34,31,35	34,29,38	219	99	0.00517829537635	0.00944277392158	0.222,0.187,0.18	0.311,0.326,0.294	-0.114
177	"AT1G17980"	"PAPS1"	chr1	-	6190899	6191184	6190899	6191007	6191106	6191184	177	29,37,29	0,1,0	4,1,3	15,21,17	198	99	0	0.0	1.0,0.949,1.0	0.118,0.023,0.081	0.909
178	"AT1G71020"	"PUB10"	chr1	-	26792481	26793175	26792481	26792598	26792811	26793175	178	10,9,10	30,34,32	80,81,70	2,3,5	312	99	0	0.0	0.096,0.077,0.09	0.927,0.895,0.816	-0.792
185	"AT1G51770"	"AT1G51770"	chr1	+	19202543	19203224	19202543	19202626	19202707	19203224	185	2,4,5	3,10,13	16,8,13	3,1,1	180	99	3.09422232281e-09	7.10525125979e-09	0.268,0.18,0.175	0.746,0.815,0.877	-0.605
188	"AT1G09090"	"RBOHB"	chr1	+	2935466	2935717	2935466	2935569	2935643	2935717	188	160,138,169	7,8,4	7,4,10	33,33,25	173	99	0	0.0	0.929,0.908,0.96	0.108,0.065,0.186	0.813
189	"AT1G13580"	"LAG13"	chr1	-	4645122	4645575	4645122	4645307	4645389	4645575	189	10,10,17	0,3,1	0,1,0	0,2,0	181	99	1	1.0	1.0,0.646,0.903	NA,0.215,NA	0.635
191	"AT1G15340"	"MBD10"	chr1	-	5275676	5276986	5275676	5276725	5276881	5276986	191	6,7,6	0,0,0	1,0,1	4,9,2	255	99	1	1.0	1.0,1.0,1.0	0.088,0.0,0.163	0.916
194	"AT1G58350"	"ZW18"	chr1	-	21666654	21667445	21666654	21667007	21667179	21667445	194	2,1,1	26,31,25	0,2,2	39,45,39	271	99	1	1.0	0.027,0.012,0.014	0.0,0.016,0.018	0.006
203	"AT1G07880"	"MPK13"	chr1	-	2434437	2435059	2434437	2434621	2434726	2435059	203	1,0,3	13,7,6	9,11,6	1,1,0	204	99	1	1.0	0.036,0.0,0.195	0.814,0.842,1.0	-0.808
207	"AT1G02090"	"CSN7"	chr1	-	387583	388406	387583	387655	388267	388406	207	26,44,22	8,8,5	44,29,43	6,4,5	711	99	0.104897134763	0.172053501463	0.312,0.434,0.38	0.505,0.502,0.545	-0.142
208	"AT1G02090"	"CSN7"	chr1	-	387583	388406	387583	387672	388267	388406	208	25,43,21	2,3,1	40,26,43	4,2,0	694	99	0.75971999964	0.934576190033	0.641,0.672,0.75	0.588,0.65,1.0	-0.058
211	"AT1G02630"	"ETN8"	chr1	-	560609	561695	560609	561320	561452	561695	211	2,2,3	11,15,16	31,31,20	4,4,7	231	99	7.77156117238e-16	2.23072589207e-15	0.072,0.054,0.074	0.769,0.769,0.55	-0.629
222	"AT1G19650"	"SFH4"	chr1	-	6798853	6799384	6798853	6798953	6799098	6799384	222	3,8,11	11,13,11	30,30,17	1,0,2	244	99	8.54871728961e-15	2.3874796034e-14	0.1,0.2,0.289	0.924,1.0,0.775	-0.703
226	"AT1G75295"	"AT1G75295"	chr1	-	28256489	28256877	28256489	28256642	28256715	28256877	226	15,19,9	0,0,0	2,0,1	3,4,4	172	99	1.11022302463e-16	3.30931863111e-16	1.0,1.0,1.0	0.277,0.0,0.126	0.866
229	"AT1G54790"	"AT1G54790"	chr1	-	20441054	20441741	20441054	20441392	20441470	20441741	229	1,3,2	30,23,29	91,80,73	3,5,3	177	99	0	0.0	0.018,0.068,0.037	0.944,0.899,0.932	-0.884
230	"AT1G21350"	"AT1G21350"	chr1	-	7478616	7479033	7478616	7478682	7478778	7479033	230	0,0,1	28,42,34	78,66,71	3,5,5	195	99	0	0.0	0.0,0.0,0.015	0.93,0.87,0.878	-0.888
234	"AT1G23950"	"AT1G23950"	chr1	-	8469533	8470221	8469533	8470044	8470134	8470221	234	5,12,7	78,76,59	0,2,1	23,31,26	189	99	0.00171129344208	0.0031957889581	0.032,0.076,0.059	0.0,0.033,0.02	0.038
235	"AT1G58180"	"BCA6"	chr1	-	21537851	21538198	21537851	21538029	21538131	21538198	235	2,0,0	11,14,17	22,29,26	0,0,0	201	99	0	0.0	0.082,0.0,0.0	1.0,1.0,1.0	-0.973
241	"AT1G55325"	"MED13"	chr1	+	20644535	20645625	20644535	20645421	20645508	20645625	241	8,5,5	6,1,5	6,2,3	4,3,2	186	99	0.607998185039	0.81241136794	0.415,0.727,0.347	0.444,0.262,0.444	0.113
243	"AT1G07745"	"RAD51D"	chr1	-	2402378	2402873	2402378	2402458	2402754	2402873	243	37,52,47	1,1,6	4,9,11	14,14,13	395	99	1.22124532709e-15	3.47326652659e-15	0.903,0.929,0.663	0.067,0.139,0.175	0.705
245	"AT1G67025"	"AT1G67025"	chr1	-	25013025	25014725	25013025	25013981	25014407	25014725	245	74,114,119	0,3,3	24,24,21	20,13,9	525	99	0	0.0	1.0,0.878,0.882	0.185,0.258,0.306	0.67
246	"AT1G32230"	"RCD1"	chr1	+	11615643	11616218	11615643	11615739	11615831	11616218	246	5,8,5	6,12,11	5,6,7	6,14,13	191	99	0.784851268704	0.948068133222	0.302,0.257,0.191	0.302,0.182,0.218	0.016
249	"AT1G37150"	"HCS2"	chr1	-	14176826	14177100	14176826	14176864	14177061	14177100	249	7,11,10	32,38,36	89,83,138	1,3,7	296	99	0	0.0	0.068,0.088,0.085	0.967,0.902,0.868	-0.832
251	"AT1G53790"	"AT1G53790"	chr1	-	20079530	20080883	20079530	20079612	20079697	20080883	251	23,28,29	1,1,1	13,13,16	26,20,29	184	99	0	0.0	0.925,0.938,0.94	0.212,0.259,0.229	0.701
252	"AT1G01540"	"AT1G01540"	chr1	+	197774	198183	197774	197904	197973	198183	252	36,47,32	1,1,1	3,2,0	20,23,33	168	99	0	0.0	0.955,0.965,0.95	0.081,0.049,0.0	0.913
264	"AT1G48110"	"ECT7"	chr1	-	17772718	17773493	17772718	17772858	17773284	17773493	264	78,84,56	1,2,2	51,48,55	1,3,0	525	99	0.649210479706	0.858159983874	0.936,0.888,0.841	0.906,0.751,1.0	0.003
266	"AT1G68240"	"BHLH109"	chr1	-	25574863	25575438	25574863	25575217	25575285	25575438	266	12,10,14	2,9,9	10,4,13	7,5,7	167	99	0.511599980009	0.714010336439	0.781,0.397,0.48	0.459,0.322,0.524	0.118
267	"AT1G69800"	"CBSCBS2"	chr1	-	26275927	26276329	26275927	26276144	26276277	26276329	267	14,19,21	4,3,4	2,4,0	10,11,9	232	99	1.75082170983e-12	4.41264008169e-12	0.599,0.73,0.691	0.079,0.134,0.0	0.602
270	"AT1G20960"	"emb1507"	chr1	-	7301747	7302051	7301747	7301865	7301956	7302051	270	72,75,61	6,7,5	7,6,4	14,15,10	190	99	0	0.0	0.862,0.848,0.864	0.207,0.172,0.172	0.674
271	"AT1G48980"	"AT1G48980"	chr1	+	18119784	18120098	18119784	18119853	18119938	18120098	271	50,45,78	6,12,14	57,58,68	11,23,14	184	99	0.238735055307	0.362783662476	0.818,0.669,0.75	0.736,0.576,0.723	0.067
275	"AT1G52470"	"AT1G52470"	chr1	+	19554908	19555164	19554908	19554991	19555070	19555164	275	1,2,0	6,5,8	2,0,2	3,6,9	178	99	0.598256342064	0.802854831341	0.085,0.182,0.0	0.27,0.0,0.11	-0.038
276	"AT1G52470"	"AT1G52470"	chr1	+	19554908	19555164	19554908	19554991	19555072	19555164	276	1,2,0	8,7,11	2,0,3	9,5,8	180	99	0.217550511546	0.337203292896	0.064,0.136,0.0	0.109,0.0,0.171	-0.027
281	"AT1G30814"	"AT1G30814"	chr1	-	10943006	10943561	10943006	10943060	10943153	10943561	281	0,0,1	3,4,8	6,14,17	0,0,0	192	99	1	1.0	0.0,0.0,0.061	1.0,1.0,1.0	-0.98
294	"AT1G13450"	"GT-1"	chr1	-	4613285	4613889	4613285	4613516	4613754	4613889	294	17,19,19	3,5,5	11,10,6	7,4,0	337	99	0.754918373769	0.932369306249	0.625,0.527,0.527	0.316,0.423,1.0	-0.02
296	"AT1G08680"	"AGD14"	chr1	+	2765055	2765451	2765055	2765200	2765326	2765451	296	64,50,59	0,0,0	7,9,4	14,14,16	225	99	0	0.0	1.0,1.0,1.0	0.18,0.22,0.099	0.834
301	"AT1G29830"	"AT1G29830"	chr1	+	10444760	10445657	10444760	10444882	10444959	10445657	301	3,7,12	24,22,22	122,86,93	4,4,6	176	99	0	0.0	0.066,0.152,0.235	0.945,0.924,0.897	-0.771
304	"AT1G67950"	"AT1G67950"	chr1	-	25479770	25480176	25479770	25479874	25479988	25480176	304	2,0,1	34,37,22	0,0,0	13,18,11	213	99	1	1.0	0.027,0.0,0.021	0.0,0.0,0.0	0.016
305	"AT1G23590"	"AT1G23590"	chr1	-	8360220	8360645	8360220	8360370	8360503	8360645	305	7,1,8	1,0,1	5,7,4	1,0,0	232	99	1	1.0	0.749,1.0,0.773	0.681,1.0,1.0	-0.053
306	"AT1G01100"	"RPP1A"	chr1	-	50418	50631	50418	50447	50495	50631	306	53,53,45	23,19,10	39,59,64	21,16,12	147	99	0.723825635644	0.917528461895	0.608,0.653,0.752	0.556,0.713,0.782	-0.013
311	"AT1G48450"	"AT1G48450"	chr1	-	17908502	17909589	17908502	17908933	17909040	17909589	311	13,15,13	1,7,5	15,10,15	6,5,3	206	99	0.747735015303	0.930915079293	0.862,0.507,0.555	0.546,0.49,0.706	0.061
312	"AT1G48450"	"AT1G48450"	chr1	-	17908502	17909589	17908502	17908701	17909059	17909589	312	33,33,39	8,3,3	33,32,39	8,12,6	457	99	0.120440192854	0.193453159506	0.472,0.704,0.738	0.472,0.366,0.585	0.164
314	"AT1G72130"	"NPF5.11"	chr1	+	27137432	27138259	27137432	27137650	27137735	27138259	314	60,43,43	14,6,8	15,14,10	58,57,42	184	99	0	0.0	0.698,0.794,0.743	0.122,0.117,0.114	0.627
318	"AT1G65440"	"GTB1"	chr1	-	24306666	24307501	24306666	24307235	24307287	24307501	318	0,0,1	0,0,0	1,1,0	23,31,31	151	99	1	1.0	NA,NA,1.0	0.028,0.021,0.0	0.984
319	"AT1G76930"	"ATEXT4"	chr1	-	28895698	28895988	28895698	28895784	28895830	28895988	319	21,22,17	3,3,2	4,4,4	8,20,11	145	99	2.96429547575e-14	8.06080348669e-14	0.827,0.834,0.853	0.254,0.12,0.199	0.647
323	"AT1G09570"	"PHYA"	chr1	-	3097157	3099223	3097157	3098940	3099031	3099223	323	9,11,7	10,14,14	32,40,29	0,1,2	190	99	0	0.0	0.319,0.29,0.207	1.0,0.954,0.883	-0.674
329	"AT1G03055"	"D27"	chr1	-	710694	711016	710694	710801	710954	711016	329	19,23,27	1,0,1	19,22,14	2,1,4	252	99	1	1.0	0.882,1.0,0.914	0.789,0.896,0.579	0.177
332	"AT1G48490"	"IRE3"	chr1	-	17928053	17928930	17928053	17928633	17928718	17928930	332	3,3,4	4,2,3	9,9,4	0,0,1	184	99	4.1593878608e-07	8.77149820985e-07	0.288,0.447,0.418	1.0,1.0,0.683	-0.51
336	"AT1G63940"	"MDAR6"	chr1	+	23732814	23733053	23732814	23732903	23732990	23733053	336	71,92,98	98,98,103	115,116,107	102,116,92	186	99	0.106777132362	0.174215321222	0.278,0.333,0.336	0.375,0.347,0.382	-0.052
337	"AT1G63940"	"MDAR6"	chr1	+	23732814	23733053	23732814	23732903	23733002	23733053	337	82,107,111	41,35,49	131,130,119	35,41,33	198	99	0.0367366122926	0.0632686100595	0.5,0.605,0.531	0.652,0.613,0.643	-0.091
347	"AT1G29560"	"AT1G29560"	chr1	+	10333169	10333748	10333169	10333361	10333430	10333748	347	9,12,13	4,0,0	1,5,1	7,6,4	168	99	2.97435999164e-07	6.31542190006e-07	0.57,1.0,1.0	0.078,0.329,0.128	0.678
348	"AT1G11790"	"ADT1"	chr1	+	3984418	3984662	3984418	3984508	3984594	3984662	348	9,6,5	10,18,12	46,56,51	2,4,4	185	99	0	0.0	0.325,0.151,0.182	0.925,0.882,0.872	-0.674
353	"AT1G45688"	"AT1G45688"	chr1	+	17192206	17193158	17192206	17192392	17192516	17193158	353	12,16,11	0,1,1	0,0,3	7,6,6	223	99	1	1.0	1.0,0.877,0.83	0.0,0.0,0.182	0.842
378	"AT1G27710"	"AT1G27710"	chr1	+	9642473	9643352	9642473	9643042	9643060	9643352	378	1,1,6	86,98,78	78,74,67	11,20,21	117	99	0	0.0	0.01,0.009,0.061	0.857,0.758,0.73	-0.755
380	"AT1G30610"	"EMB2279"	chr1	+	10849380	10850054	10849380	10849538	10849622	10850054	380	15,10,4	20,23,18	6,5,13	21,16,19	183	99	0.777135089815	0.947383972892	0.289,0.19,0.107	0.134,0.145,0.27	0.012
383	"AT1G01620"	"PIP1-3"	chr1	-	226848	227302	226848	227049	227078	227302	383	2,2,3	0,0,0	1,2,1	4,1,3	128	99	6.44751696477e-10	1.52574828937e-09	1.0,1.0,1.0	0.162,0.607,0.205	0.675
389	"AT1G43770"	"AT1G43770"	chr1	+	16549672	16550108	16549672	16549897	16549980	16550108	389	165,158,189	10,5,5	11,6,9	69,77,72	182	99	0	0.0	0.9,0.945,0.954	0.08,0.041,0.064	0.871
390	"AT1G07930"	"A3"	chr1	+	2459570	2460790	2459570	2459870	2460101	2460790	390	4,4,6	1,0,0	1,0,1	6,2,7	330	99	1.21058718605e-11	2.97842879108e-11	0.545,1.0,1.0	0.048,0.0,0.041	0.819
397	"AT1G15200"	"AT1G15200"	chr1	-	5228299	5228881	5228299	5228566	5228650	5228881	397	91,79,79	1,0,0	8,8,6	14,33,26	183	99	0	0.0	0.98,1.0,1.0	0.236,0.116,0.111	0.839
400	"AT1G69530"	"EXPA1"	chr1	+	26141835	26142166	26141835	26141919	26142008	26142166	400	2,6,4	25,37,36	20,11,12	1,1,1	188	99	0	0.0	0.04,0.079,0.055	0.913,0.853,0.863	-0.818
401	"AT1G69530"	"EXPA1"	chr1	+	26142744	26143034	26142744	26142917	26143007	26143034	401	3,5,7	13,14,16	16,18,16	0,0,0	189	99	0	0.0	0.108,0.158,0.186	1.0,1.0,1.0	-0.849
402	"AT1G69530"	"EXPA1"	chr1	+	26142744	26143496	26142744	26143034	26143108	26143496	402	4,1,1	15,12,19	3,1,2	7,10,11	173	99	0.573328792412	0.77612194606	0.132,0.046,0.029	0.197,0.054,0.094	-0.046
403	"AT1G69530"	"EXPA1"	chr1	+	26142744	26143496	26142744	26143034	26143111	26143496	403	4,1,1	2,0,0	3,1,2	1,0,0	176	99	0.829122039287	0.988568585304	0.529,1.0,1.0	0.628,1.0,1.0	-0.033
404	"AT1G27770"	"ACA1"	chr1	-	9673280	9675232	9673280	9673339	9673561	9675232	404	6,13,15	0,1,0	2,4,2	4,7,5	321	99	1.22402088465e-12	3.13592127472e-12	1.0,0.8,1.0	0.134,0.15,0.11	0.802
414	"AT1G68080"	"AT1G68080"	chr1	+	25518367	25518772	25518367	25518512	25518602	25518772	414	42,28,27	0,0,0	6,7,5	42,41,22	189	99	0	0.0	1.0,1.0,1.0	0.07,0.082,0.106	0.914
421	"AT1G27290"	"AT1G27290"	chr1	+	9482559	9482912	9482559	9482620	9482636	9482912	421	34,18,18	4,9,3	22,24,18	3,5,6	115	99	0.962363718324	1.0	0.88,0.633,0.838	0.863,0.805,0.721	-0.013
430	"AT1G30475"	"AT1G30475"	chr1	-	10788225	10788988	10788225	10788682	10788912	10788988	430	48,38,37	1,1,2	11,8,7	8,14,13	329	99	0	0.0	0.935,0.92,0.848	0.293,0.147,0.139	0.708
431	"AT1G15180"	"AT1G15180"	chr1	+	5225765	5226391	5225765	5226004	5226185	5226391	431	55,47,49	0,0,0	2,1,1	19,32,38	280	99	0	0.0	1.0,1.0,1.0	0.036,0.011,0.009	0.981
436	"AT1G06420"	"AT1G06420"	chr1	+	1958922	1959947	1958922	1959032	1959101	1959947	436	1,0,0	2,4,2	1,3,5	2,1,0	168	99	3.39669186589e-06	6.92746367385e-06	0.228,0.0,0.0	0.228,0.639,1.0	-0.546
445	"AT1G02205"	"CER1"	chr1	+	419296	419894	419296	419529	419674	419894	445	3,4,2	13,9,13	2,2,3	9,6,5	244	99	0.844503239556	1.0	0.086,0.153,0.059	0.083,0.119,0.196	-0.033
449	"AT1G76680"	"OPR1"	chr1	+	28777295	28778467	28777295	28777603	28777678	28778467	449	18,18,24	28,19,22	26,25,18	28,15,23	174	99	0.510952778683	0.714010336439	0.268,0.35,0.383	0.346,0.487,0.308	-0.047
450	"AT1G02020"	"AT1G02020"	chr1	-	352636	354969	352636	353162	353237	354969	450	14,19,17	2,3,1	1,0,0	12,20,12	174	99	0	0.0	0.799,0.783,0.906	0.045,0.0,0.0	0.814
457	"AT1G61415"	"AT1G61415"	chr1	+	22659630	22659963	22659630	22659720	22659800	22659963	457	24,17,10	0,0,1	0,1,0	9,6,7	179	99	0	0.0	1.0,1.0,0.847	0.0,0.084,0.0	0.921
458	"AT1G15140"	"AT1G15140"	chr1	-	5210548	5210809	5210548	5210629	5210713	5210809	458	18,16,11	2,2,3	13,13,10	3,2,1	183	99	0.897566871098	1.0	0.83,0.812,0.665	0.701,0.779,0.844	-0.006
460	"AT1G77080"	"AGL27"	chr1	+	28958601	28958844	28958601	28958663	28958744	28958844	460	0,2,4	18,19,15	32,43,51	2,2,0	180	99	0	0.0	0.0,0.055,0.128	0.898,0.922,1.0	-0.879
462	"AT1G76650"	"CML38"	chr1	-	28766749	28767517	28766749	28767188	28767218	28767517	462	27,20,16	5,10,7	21,19,16	6,9,7	129	99	0.768640572297	0.941812558941	0.806,0.606,0.637	0.729,0.618,0.637	0.022
475	"AT1G07420"	"SMO2-2"	chr1	+	2278586	2279117	2278586	2278724	2278971	2279117	475	19,23,35	1,0,0	16,25,27	2,4,7	346	99	4.87452027631e-07	1.0210143822e-06	0.845,1.0,1.0	0.696,0.641,0.525	0.328
479	"AT1G18620"	"AT1G18620"	chr1	+	6410557	6410854	6410557	6410690	6410769	6410854	479	3,5,9	0,0,1	1,0,0	6,9,2	178	99	3.33066907388e-16	9.64960198975e-16	1.0,1.0,0.833	0.085,0.0,0.0	0.916
481	"AT1G58225"	"AT1G58225"	chr1	+	21564783	21565171	21564783	21564912	21565026	21565171	481	11,8,7	2,0,2	0,1,1	5,3,6	213	99	1	1.0	0.719,1.0,0.619	0.0,0.134,0.072	0.711
488	"AT1G06470"	"AT1G06470"	chr1	+	1970423	1970997	1970423	1970580	1970675	1970997	488	0,0,2	4,3,3	14,14,7	1,1,4	194	99	3.37707556364e-08	7.53160737215e-08	0.0,0.0,0.254	0.877,0.877,0.472	-0.657
490	"AT1G56400"	"AT1G56400"	chr1	-	21112673	21113621	21112673	21113361	21113484	21113621	490	13,15,14	1,1,2	7,1,2	6,9,5	222	99	9.17289078028e-09	2.06057691441e-08	0.853,0.87,0.757	0.342,0.047,0.151	0.647
496	"AT1G05570"	"CALS1"	chr1	-	1655119	1655457	1655119	1655162	1655285	1655457	496	0,1,1	7,7,4	20,10,6	0,0,0	222	99	1	1.0	0.0,0.06,0.1	1.0,1.0,1.0	-0.947
501	"AT1G69250"	"AT1G69250"	chr1	+	26034595	26034881	26034595	26034711	26034809	26034881	501	1,0,5	7,6,9	32,38,41	3,2,4	197	99	2.33146835171e-15	6.57050171846e-15	0.067,0.0,0.218	0.843,0.905,0.837	-0.767
502	"AT1G02850"	"BGLU11"	chr1	+	631602	632043	631602	631858	631927	632043	502	38,18,28	7,6,5	19,14,14	5,1,8	168	99	0.679555825924	0.88143224283	0.762,0.639,0.767	0.691,0.892,0.508	0.026
503	"AT1G02850"	"BGLU11"	chr1	+	631602	632043	631602	631858	631999	632043	503	57,41,47	10,5,8	28,23,31	10,13,9	240	99	0.00492055388339	0.00902586807012	0.702,0.772,0.708	0.536,0.422,0.587	0.212
504	"AT1G02850"	"BGLU11"	chr1	+	631602	632043	631602	631858	632008	632043	504	59,43,50	5,5,3	29,24,36	6,9,2	249	99	0.0887746303856	0.148757488754	0.824,0.774,0.869	0.658,0.515,0.877	0.139
507	"AT1G22920"	"CSN5B"	chr1	-	8109713	8110147	8109713	8109971	8110069	8110147	507	3,2,3	0,3,1	0,2,0	3,4,1	197	99	0.000193172628613	0.000374271967938	1.0,0.251,0.601	0.0,0.201,0.0	0.55
514	"AT1G74960"	"KAS2"	chr1	-	28155629	28156259	28155629	28156132	28156191	28156259	514	13,6,6	32,51,43	104,69,94	2,1,1	158	99	0	0.0	0.203,0.069,0.08	0.97,0.977,0.983	-0.859
523	"AT1G05670"	"AT1G05670"	chr1	-	1697586	1698029	1697586	1697832	1697938	1698029	523	12,5,7	22,17,18	59,60,70	3,3,7	205	99	0	0.0	0.208,0.124,0.158	0.905,0.906,0.828	-0.716
524	"AT1G48650"	"AT1G48650"	chr1	-	17989397	17990143	17989397	17989581	17989707	17990143	524	70,56,75	2,1,1	1,0,1	16,32,30	225	99	0	0.0	0.939,0.961,0.971	0.027,0.0,0.014	0.943
526	"AT1G79000"	"HAC1"	chr1	-	29716349	29717047	29716349	29716775	29716937	29717047	526	23,31,16	2,2,1	3,2,5	1,7,3	261	99	1.10856645316e-05	2.21713290632e-05	0.814,0.855,0.859	0.532,0.098,0.387	0.504
528	"AT1G33110"	"AT1G33110"	chr1	+	12007784	12008246	12007784	12008023	12008127	12008246	528	8,2,4	7,12,16	15,22,16	2,1,0	203	99	3.90243393156e-13	1.01660043595e-12	0.358,0.075,0.109	0.785,0.915,1.0	-0.719
538	"AT1G43620"	"UGT80B1"	chr1	-	16429349	16429754	16429349	16429558	16429642	16429754	538	1,0,1	28,25,30	0,0,1	21,37,34	183	99	1	1.0	0.019,0.0,0.018	0.0,0.0,0.016	0.007
545	"AT1G09730"	"ULP2B"	chr1	-	3153009	3153237	3153009	3153047	3153143	3153237	545	0,5,2	1,4,2	12,8,6	1,0,0	195	99	7.31429321554e-08	1.60810701902e-07	0.0,0.388,0.337	0.859,1.0,1.0	-0.711
548	"AT1G18470"	"AT1G18470"	chr1	-	6356854	6357149	6356854	6356935	6357079	6357149	548	47,43,48	0,0,0	0,0,0	15,29,19	243	99	0	0.0	1.0,1.0,1.0	0.0,0.0,0.0	1.0
553	"AT1G51520"	"AT1G51520"	chr1	+	19108435	19108690	19108435	19108515	19108593	19108690	553	1,0,0	6,11,23	36,39,33	1,1,0	177	99	0	0.0	0.085,0.0,0.0	0.953,0.956,1.0	-0.941
555	"AT1G72560"	"PSD"	chr1	-	27324388	27324871	27324388	27324728	27324816	27324871	555	1,3,2	0,5,2	4,3,2	1,4,4	187	99	0.785979065284	0.948068133222	1.0,0.241,0.346	0.679,0.284,0.209	0.138
573	"AT1G67150"	"AT1G67150"	chr1	+	25123440	25124252	25123440	25123784	25123913	25124252	573	0,3,4	21,26,21	100,128,96	0,1,0	228	99	0	0.0	0.0,0.048,0.076	1.0,0.982,1.0	-0.953
577	"AT1G32400"	"TOM2A"	chr1	-	11690634	11691465	11690634	11691147	11691365	11691465	577	20,24,31	4,5,11	29,23,18	8,4,4	317	99	0.683043424154	0.882264422866	0.61,0.6,0.468	0.531,0.642,0.584	-0.026
578	"AT1G05630"	"5PTASE13"	chr1	+	1685318	1685627	1685318	1685484	1685586	1685627	578	10,12,20	1,0,1	3,0,1	17,15,18	201	99	1	1.0	0.831,1.0,0.908	0.08,0.0,0.027	0.877
579	"AT1G55350"	"DEK1"	chr1	-	20653819	20654768	20653819	20654235	20654322	20654768	579	10,10,12	1,0,1	15,16,13	0,1,2	186	99	0.752608653729	0.932369306249	0.842,1.0,0.865	1.0,0.895,0.776	0.012
580	"AT1G55350"	"DEK1"	chr1	-	20653819	20654768	20653819	20654256	20654322	20654768	580	7,3,8	15,11,6	7,10,9	22,13,17	165	99	0.904189736973	1.0	0.219,0.141,0.444	0.16,0.316,0.241	0.029
581	"AT1G55350"	"DEK1"	chr1	-	20657492	20658194	20657492	20657812	20657896	20658194	581	5,10,6	8,9,7	8,2,11	14,10,5	183	99	0.655372586802	0.858214415292	0.253,0.375,0.317	0.236,0.098,0.543	0.023
589	"AT1G70700"	"TIFY7"	chr1	+	26656237	26656478	26656237	26656320	26656392	26656478	589	3,2,3	3,2,6	1,3,2	4,1,2	171	99	0.779299719637	0.947383972892	0.367,0.367,0.224	0.126,0.635,0.367	-0.057
592	"AT1G70180"	"AT1G70180"	chr1	+	26428883	26429361	26428883	26428946	26429046	26429361	592	0,3,1	3,3,3	6,7,6	0,2,2	199	99	9.63821036115e-05	0.000189104127339	0.0,0.332,0.142	1.0,0.635,0.599	-0.587
593	"AT1G45160"	"IRE4"	chr1	-	17084039	17084342	17084039	17084114	17084213	17084342	593	34,61,56	11,28,14	50,53,72	14,6,24	198	99	0.22551442968	0.347808324382	0.607,0.521,0.667	0.641,0.815,0.6	-0.087
594	"AT1G02960"	"AT1G02960"	chr1	-	667150	667437	667150	667281	667372	667437	594	4,3,0	13,19,19	61,69,63	6,5,10	190	99	0	0.0	0.138,0.076,0.0	0.841,0.878,0.766	-0.757
599	"AT1G78420"	"AT1G78420"	chr1	+	29505079	29505469	29505079	29505110	29505205	29505469	599	16,11,13	1,0,3	3,0,1	2,5,5	194	99	6.21202843609e-08	1.37552058228e-07	0.891,1.0,0.689	0.434,0.0,0.093	0.684
619	"AT1G17450"	"AT1G17450"	chr1	-	5993653	5994388	5993653	5993875	5993965	5994388	619	0,2,0	7,11,7	13,8,6	0,0,0	189	99	0	0.0	0.0,0.087,0.0	1.0,1.0,1.0	-0.971
620	"AT1G03180"	"AT1G03180"	chr1	+	773410	774153	773410	773691	774095	774153	620	46,51,47	0,1,0	12,8,12	13,15,16	503	99	0	0.0	1.0,0.909,1.0	0.154,0.095,0.129	0.844
623	"AT1G57650"	"AT1G57650"	chr1	+	21352601	21353540	21352601	21353280	21353379	21353540	623	14,12,16	5,7,4	9,8,6	4,9,2	198	99	0.302496229212	0.444425739601	0.583,0.462,0.667	0.529,0.308,0.6	0.092
627	"AT1G11100"	"AT1G11100"	chr1	-	3705704	3706548	3705704	3706056	3706188	3706548	627	2,2,3	1,0,0	3,2,5	1,3,0	231	99	0.0146238886405	0.0260540544745	0.462,1.0,1.0	0.563,0.222,1.0	0.226
632	"AT1G48360"	"AT1G48360"	chr1	+	17872184	17873031	17872184	17872418	17872493	17873031	632	41,51,40	5,4,6	11,8,6	13,11,10	174	99	1.69564362551e-12	4.30860265498e-12	0.823,0.879,0.791	0.325,0.293,0.254	0.54
634	"AT1G69400"	"BUB3.3"	chr1	+	26088247	26088484	26088247	26088328	26088402	26088484	634	1,2,1	10,11,15	21,21,21	1,1,1	173	99	0	0.0	0.054,0.094,0.037	0.923,0.923,0.923	-0.861
635	"AT1G62250"	"AT1G62250"	chr1	-	22995813	22996230	22995813	22995919	22996057	22996230	635	6,2,4	2,1,3	6,3,4	5,4,1	237	99	0.547685526293	0.75125005819	0.556,0.455,0.358	0.334,0.239,0.626	0.057
636	"AT1G11592"	"AT1G11592"	chr1	-	3895934	3896261	3895934	3896090	3896211	3896261	636	8,5,4	0,3,0	3,7,12	3,3,3	220	99	0.019740199143	0.0345732301375	1.0,0.429,1.0	0.31,0.512,0.643	0.321
651	"AT1G68130"	"IDD14"	chr1	+	25532243	25533138	25532243	25532634	25532735	25533138	651	19,18,13	9,12,12	21,31,25	10,4,6	200	99	0.0160322875005	0.0284000521437	0.511,0.426,0.349	0.51,0.793,0.673	-0.23
659	"AT1G09300"	"AT1G09300"	chr1	+	3004360	3004778	3004360	3004435	3004514	3004778	659	46,30,45	0,0,1	0,0,0	4,16,10	178	99	0	0.0	1.0,1.0,0.962	0.0,0.0,0.0	0.987
678	"AT1G15240"	"AT1G15240"	chr1	+	5248301	5248604	5248301	5248384	5248466	5248604	678	2,4,3	4,9,4	7,5,4	3,6,1	181	99	0.0397604459715	0.0680980013877	0.215,0.196,0.291	0.561,0.313,0.686	-0.286
679	"AT1G48520"	"GATB"	chr1	+	17941835	17942172	17941835	17942033	17942103	17942172	679	7,3,4	65,47,53	105,112,107	6,7,7	169	99	0	0.0	0.059,0.036,0.042	0.911,0.904,0.9	-0.859
680	"AT1G33270"	"AT1G33270"	chr1	-	12068558	12068925	12068558	12068654	12068828	12068925	680	5,1,5	1,1,1	5,4,4	1,0,0	273	99	0.595721651021	0.802854831341	0.645,0.266,0.645	0.645,1.0,1.0	-0.363
682	"AT1G72770"	"HAB1"	chr1	+	27392287	27393281	27392287	27392393	27392516	27393281	682	13,18,15	16,2,8	6,11,8	7,10,9	222	99	0.121701625798	0.19447167009	0.266,0.801,0.455	0.277,0.329,0.284	0.211
683	"AT1G72770"	"HAB1"	chr1	+	27392516	27393281	27392516	27392902	27392990	27393281	683	16,24,24	0,3,7	25,25,25	1,0,3	187	99	0.035230450289	0.0610136289921	1.0,0.809,0.645	0.93,1.0,0.815	-0.097
685	"AT1G50630"	"AT1G50630"	chr1	-	18751455	18752214	18751455	18751790	18751874	18752214	685	1,2,0	8,4,3	5,10,9	1,1,1	183	99	3.54695273153e-10	8.45811805211e-10	0.063,0.213,0.0	0.73,0.844,0.83	-0.709
698	"AT1G29950"	"BHLH144"	chr1	+	10492435	10492897	10492435	10492590	10492723	10492897	698	1,6,8	34,33,24	23,26,22	19,22,13	232	99	1.67678093632e-11	4.09292984456e-11	0.012,0.072,0.125	0.341,0.335,0.419	-0.295
699	"AT1G29950"	"BHLH144"	chr1	+	10493065	10494598	10493065	10494261	10494338	10494598	699	2,1,5	24,36,26	18,13,14	17,23,12	176	99	1.50933998633e-09	3.49175668479e-09	0.045,0.015,0.098	0.373,0.241,0.396	-0.284
702	"AT1G63750"	"AT1G63750"	chr1	+	23650847	23653342	23650847	23651611	23652020	23653342	702	41,36,38	31,26,23	37,55,44	44,37,24	508	99	0.676885325215	0.88143224283	0.205,0.212,0.244	0.141,0.225,0.263	0.011
703	"AT1G63750"	"AT1G63750"	chr1	+	23650847	23653342	23650847	23651424	23652246	23653342	703	200,189,184	24,25,30	255,248,215	27,20,20	921	99	0.040236330466	0.0685344090355	0.473,0.448,0.397	0.504,0.571,0.536	-0.098
709	"AT1G14270"	"AT1G14270"	chr1	-	4876360	4876767	4876360	4876468	4876669	4876767	709	4,3,3	2,1,0	115,87,135	1,0,1	300	99	0.385100582041	0.555261304338	0.398,0.497,1.0	0.974,1.0,0.978	-0.352
710	"AT1G14270"	"AT1G14270"	chr1	-	4876360	4876767	4876360	4876472	4876669	4876767	710	4,2,3	31,28,19	114,85,132	0,1,3	296	99	0	0.0	0.041,0.023,0.05	1.0,0.966,0.936	-0.929
711	"AT1G14270"	"AT1G14270"	chr1	-	4876669	4877248	4876669	4876767	4876940	4877248	711	60,67,55	1,3,0	3,3,4	29,24,34	272	99	0	0.0	0.956,0.89,1.0	0.036,0.044,0.041	0.908
717	"AT1G03960"	"B''EPSILON"	chr1	+	1013714	1014543	1013714	1014237	1014333	1014543	717	10,6,5	9,13,12	17,37,22	1,0,1	195	99	1	1.0	0.361,0.19,0.175	0.896,1.0,0.918	-0.696
721	"AT1G49730"	"AT1G49730"	chr1	-	18402529	18403126	18402529	18402892	18403012	18403126	721	116,89,116	0,0,0	159,153,189	1,0,0	219	99	1	1.0	1.0,1.0,1.0	0.986,1.0,1.0	0.005
722	"AT1G49730"	"AT1G49730"	chr1	-	18403365	18403627	18403365	18403455	18403559	18403627	722	101,77,126	0,0,1	4,3,5	73,61,71	203	99	0	0.0	1.0,1.0,0.984	0.026,0.023,0.033	0.967
724	"AT1G80410"	"EMB2753"	chr1	-	30227484	30228162	30227484	30227832	30227974	30228162	724	14,9,12	3,6,3	6,10,8	4,4,4	241	99	0.410756374439	0.589511463315	0.657,0.381,0.622	0.381,0.507,0.451	0.107
728	"AT1G24460"	"AT1G24460"	chr1	+	8670833	8671656	8670833	8670910	8671006	8671656	728	3,1,3	5,4,1	2,3,4	6,5,6	195	99	0.741908316406	0.927385395507	0.233,0.113,0.604	0.145,0.233,0.253	0.106
730	"AT1G60850"	"ATRPAC42"	chr1	-	22398470	22398773	22398470	22398564	22398677	22398773	730	27,19,19	2,3,1	0,3,3	10,13,13	212	99	0	0.0	0.863,0.747,0.899	0.0,0.097,0.097	0.772
731	"AT1G05180"	"AXR1"	chr1	-	1498113	1498746	1498113	1498440	1498565	1498746	731	49,64,58	32,35,41	52,46,65	41,36,35	224	99	0.656118762659	0.858214415292	0.404,0.447,0.385	0.359,0.361,0.451	0.022
732	"AT1G05180"	"AXR1"	chr1	-	1501166	1501330	1501166	1501190	1501288	1501330	732	32,34,40	53,65,56	30,45,39	64,62,64	197	99	0.943112708393	1.0	0.233,0.208,0.264	0.191,0.267,0.234	0.004
748	"AT1G48500"	"TIFY6A"	chr1	+	17934187	17934662	17934187	17934248	17934327	17934662	748	18,19,26	3,3,8	32,26,15	9,10,7	178	99	0.169884638603	0.265980999833	0.769,0.779,0.644	0.664,0.591,0.544	0.131
752	"AT1G01020"	"ARV1"	chr1	-	7156	7450	7156	7232	7383	7450	752	7,9,6	19,19,33	92,101,86	0,8,6	250	99	0	0.0	0.127,0.158,0.067	1.0,0.833,0.85	-0.777
754	"AT1G72970"	"HTH"	chr1	+	27454996	27455565	27454996	27455209	27455290	27455565	754	18,19,17	12,5,11	13,13,15	9,11,10	180	99	0.310240632648	0.45152392545	0.452,0.676,0.459	0.443,0.394,0.452	0.099
760	"AT1G54390"	"ING2"	chr1	-	20305038	20305293	20305038	20305171	20305254	20305293	760	27,34,24	29,30,18	32,33,30	49,38,39	182	99	0.0904422535803	0.150268705549	0.336,0.381,0.42	0.262,0.321,0.295	0.086
761	"AT1G54390"	"ING2"	chr1	-	20306423	20306798	20306423	20306635	20306726	20306798	761	20,15,14	43,36,31	18,14,25	32,31,31	190	99	0.237824627292	0.362783662476	0.195,0.178,0.19	0.227,0.19,0.296	-0.05
762	"AT1G12650"	"AT1G12650"	chr1	+	4307577	4308005	4307577	4307777	4307816	4308005	762	8,9,4	56,45,61	35,25,33	0,0,0	138	99	0	0.0	0.093,0.125,0.045	1.0,1.0,1.0	-0.912
771	"AT1G67580"	"AT1G67580"	chr1	-	25327283	25327826	25327283	25327511	25327623	25327826	771	1,1,0	0,1,0	1,2,0	0,0,2	211	99	1	1.0	1.0,0.319,NA	1.0,1.0,0.0	-0.007
774	"AT1G43020"	"AT1G43020"	chr1	+	16156694	16157130	16156694	16156803	16156933	16157130	774	76,102,64	1,2,2	3,8,6	0,1,1	229	99	0.431122941081	0.61588991583	0.97,0.957,0.933	1.0,0.776,0.722	0.121
781	"AT1G28280"	"VQ4"	chr1	-	9886076	9887478	9886076	9886310	9886677	9887478	781	15,8,10	31,18,32	167,137,138	2,2,2	466	99	0	0.0	0.093,0.086,0.062	0.947,0.936,0.936	-0.859
783	"AT1G61660"	"BHLH112"	chr1	-	22754369	22754674	22754369	22754521	22754620	22754674	783	0,0,0	21,27,13	1,0,0	20,25,23	198	99	1	1.0	0.0,0.0,0.0	0.024,0.0,0.0	-0.008
784	"AT1G14685"	"BPC2"	chr1	+	5042587	5044294	5042587	5042855	5043076	5044294	784	31,37,26	3,1,1	1,1,1	0,0,0	320	99	0.0294537447075	0.0512958475243	0.762,0.92,0.889	1.0,1.0,1.0	-0.143
785	"AT1G14300"	"AT1G14300"	chr1	-	4882816	4883176	4882816	4882930	4883044	4883176	785	16,24,30	6,7,3	28,17,14	15,11,16	213	99	0.00395875939364	0.00730485364303	0.553,0.614,0.823	0.465,0.418,0.289	0.273
788	"AT1G06210"	"AT1G06210"	chr1	+	1898140	1899208	1898140	1898422	1898602	1899208	788	29,39,50	12,12,13	43,41,41	13,19,15	279	99	0.523857079823	0.724980780112	0.462,0.536,0.577	0.54,0.434,0.492	0.036
794	"AT1G64355"	"AT1G64355"	chr1	+	23886654	23887212	23886654	23886672	23886787	23887212	794	0,2,2	7,9,11	13,15,17	2,1,1	214	99	2.22044604925e-16	6.5556026216e-16	0.0,0.093,0.078	0.75,0.874,0.887	-0.78
796	"AT1G73020"	"AT1G73020"	chr1	-	27473010	27473554	27473010	27473192	27473286	27473554	796	4,7,6	1,0,0	0,0,2	2,0,0	193	99	1	1.0	0.672,1.0,1.0	0.0,NA,1.0	0.391
797	"AT1G08620"	"JMJ16"	chr1	+	2737267	2737865	2737267	2737341	2737537	2737865	797	12,10,12	0,0,0	1,0,2	6,6,5	295	99	0	0.0	1.0,1.0,1.0	0.053,0.0,0.118	0.943
805	"AT1G03860"	"PHB2"	chr1	-	980777	981160	980777	980894	980986	981160	805	98,95,91	3,1,1	1,0,0	19,33,27	191	99	0	0.0	0.944,0.98,0.979	0.027,0.0,0.0	0.959
817	"AT1G79880"	"LA2"	chr1	-	30047899	30048203	30047899	30048049	30048124	30048203	817	10,3,6	2,3,1	6,12,4	1,4,3	174	99	0.802460646008	0.964196900242	0.74,0.363,0.773	0.773,0.631,0.431	0.014
823	"AT1G10990"	"AT1G10990"	chr1	-	3670277	3671187	3670277	3670901	3670979	3671187	823	3,6,3	20,10,14	13,25,27	0,0,1	177	99	1	1.0	0.077,0.251,0.107	1.0,1.0,0.938	-0.834
824	"AT1G14380"	"IQD28"	chr1	-	4918406	4919775	4918406	4919037	4919223	4919775	824	75,67,70	2,3,2	8,13,5	16,15,6	285	99	0	0.0	0.929,0.886,0.924	0.148,0.231,0.224	0.712
825	"AT1G16010"	"MRS2-1"	chr1	-	5497390	5497720	5497390	5497437	5497526	5497720	825	94,100,101	29,23,33	96,92,96	37,32,39	188	99	0.132186917678	0.208009870458	0.631,0.696,0.617	0.577,0.602,0.565	0.067
831	"AT1G68020"	"TPS6"	chr1	+	25497289	25499864	25497289	25499513	25499590	25499864	831	8,9,7	0,1,0	2,0,2	0,1,0	176	99	1	1.0	1.0,0.835,1.0	1.0,0.0,1.0	0.278
835	"AT1G70100"	"AT1G70100"	chr1	+	26405396	26405654	26405396	26405496	26405597	26405654	835	7,4,3	18,21,13	42,52,41	0,0,0	200	99	0	0.0	0.161,0.086,0.103	1.0,1.0,1.0	-0.883
839	"AT1G63010"	"AT1G63010"	chr1	-	23352323	23352646	23352323	23352398	23352498	23352646	839	118,106,97	1,1,1	12,7,9	2,1,3	199	99	0.000271962894734	0.000520422823256	0.983,0.981,0.98	0.749,0.777,0.599	0.273
842	"AT1G18660"	"AT1G18660"	chr1	+	6425345	6425880	6425345	6425414	6425505	6425880	842	3,4,4	30,30,26	36,47,46	0,0,2	190	99	0	0.0	0.05,0.065,0.074	1.0,1.0,0.923	-0.911
843	"AT1G65980"	"PRXIIB"	chr1	-	24559305	24559777	24559305	24559649	24559701	24559777	843	36,49,61	6,5,8	8,4,6	17,11,12	151	99	1.11022302463e-16	3.30931863111e-16	0.797,0.865,0.833	0.236,0.193,0.247	0.606
848	"AT1G58280"	"AT1G58280"	chr1	-	21621186	21621499	21621186	21621261	21621336	21621499	848	2,4,5	49,40,59	196,184,199	1,8,5	174	99	0	0.0	0.023,0.054,0.046	0.991,0.929,0.958	-0.918
849	"AT1G79940"	"ERDJ2A"	chr1	+	30072397	30073332	30072397	30072859	30073138	30073332	849	78,58,61	8,9,8	63,56,51	8,9,9	378	99	0.530838926783	0.731378076901	0.719,0.628,0.666	0.673,0.62,0.597	0.041
853	"AT1G07480"	"AT1G07480"	chr1	-	2299089	2299470	2299089	2299275	2299369	2299470	853	2,0,2	8,10,4	1,1,1	1,5,7	193	99	0.513626790406	0.714010336439	0.114,0.0,0.204	0.339,0.093,0.068	-0.061
857	"AT1G23360"	"MENG"	chr1	-	8296253	8296509	8296253	8296342	8296418	8296509	857	5,6,4	6,8,5	21,7,16	3,1,0	175	99	1.35781315191e-07	2.92306997981e-07	0.32,0.298,0.312	0.798,0.798,1.0	-0.555
861	"AT1G68660"	"AT1G68660"	chr1	-	25777850	25778319	25777850	25778138	25778228	25778319	861	15,19,20	0,0,1	2,1,4	7,6,8	189	99	0	0.0	1.0,1.0,0.913	0.13,0.08,0.208	0.832
863	"AT1G61640"	"AT1G61640"	chr1	-	22747177	22748835	22747177	22747441	22747526	22748835	863	15,8,9	1,3,1	2,1,2	6,11,7	184	99	8.67462657261e-10	2.0372229072e-09	0.89,0.589,0.829	0.152,0.047,0.133	0.659
866	"AT1G48900"	"SRP-54C"	chr1	-	18084781	18085300	18084781	18085073	18085206	18085300	866	2,1,2	8,6,10	15,29,27	1,1,0	232	99	1	1.0	0.096,0.066,0.079	0.865,0.925,1.0	-0.85
872	"AT1G01650"	"SPPL4"	chr1	-	236672	237023	236672	236784	236864	237023	872	155,142,196	19,14,15	9,12,6	42,34,46	179	99	0	0.0	0.819,0.849,0.878	0.106,0.163,0.067	0.737
878	"AT1G07705"	"AT1G07705"	chr1	+	2385236	2385708	2385236	2385278	2385569	2385708	878	1,3,1	3,1,1	9,8,8	1,1,0	390	99	5.48789340449e-06	1.11192611464e-05	0.078,0.432,0.202	0.696,0.67,1.0	-0.551
882	"AT1G22300"	"GRF10"	chr1	-	7879249	7879784	7879249	7879287	7879635	7879784	882	53,61,66	16,11,14	60,85,40	19,17,10	447	99	0.731888047976	0.918563946852	0.423,0.551,0.511	0.412,0.525,0.47	0.026
884	"AT1G26440"	"UPS5"	chr1	-	9144994	9145340	9144994	9145114	9145300	9145340	884	42,33,43	2,5,6	26,23,23	6,4,3	285	99	0.273142410579	0.407087246536	0.879,0.696,0.713	0.601,0.666,0.727	0.098
885	"AT1G26440"	"UPS5"	chr1	-	9144994	9145340	9144994	9145195	9145300	9145340	885	35,24,32	0,1,2	17,19,16	0,4,2	204	99	0.0426475918668	0.0722445545285	1.0,0.921,0.886	1.0,0.697,0.795	0.105
887	"AT1G10070"	"BCAT2"	chr1	+	3288086	3288320	3288086	3288153	3288237	3288320	887	1,2,0	16,16,15	0,0,0	17,10,17	183	99	0.442861456859	0.629757117552	0.033,0.063,0.0	0.0,0.0,0.0	0.032
888	"AT1G10070"	"BCAT2"	chr1	+	3288237	3288504	3288237	3288320	3288430	3288504	888	15,7,13	1,0,0	1,1,0	7,11,5	209	99	0	0.0	0.877,1.0,1.0	0.063,0.041,0.0	0.924
891	"AT1G69210"	"AT1G69210"	chr1	-	26018437	26019081	26018437	26018882	26018972	26019081	891	1,2,1	1,0,2	3,6,11	0,1,0	189	99	0.0744921877986	0.125503142487	0.344,1.0,0.208	1.0,0.759,1.0	-0.402
899	"AT1G77765"	"AT1G77765"	chr1	+	29245728	29246237	29245728	29245887	29245965	29246237	899	23,28,24	0,0,3	25,17,29	0,1,1	177	99	1	1.0	1.0,1.0,0.817	1.0,0.905,0.942	-0.01
900	"AT1G73430"	"AT1G73430"	chr1	+	27603654	27604182	27603654	27603848	27603948	27604182	900	3,4,5	0,0,0	0,0,0	0,5,5	199	99	1	1.0	1.0,1.0,1.0	NA,0.0,0.0	1.0
908	"AT1G08570"	"ACHT4"	chr1	+	2712891	2713295	2712891	2713142	2713235	2713295	908	143,135,161	0,0,0	2,4,4	59,60,43	192	99	0	0.0	1.0,1.0,1.0	0.017,0.033,0.046	0.968
909	"AT1G29630"	"EXO1"	chr1	+	10350354	10350716	10350354	10350478	10350578	10350716	909	3,2,2	5,2,3	0,0,0	1,0,2	199	99	1	1.0	0.23,0.332,0.249	0.0,NA,0.0	0.27
910	"AT1G79500"	"KDSA1"	chr1	+	29905932	29906559	29905932	29906013	29906104	29906559	910	17,14,19	0,0,0	2,2,5	10,9,12	190	99	0	0.0	1.0,1.0,1.0	0.094,0.104,0.178	0.875
912	"AT1G25420"	"AT1G25420"	chr1	+	8916360	8916674	8916360	8916493	8916570	8916674	912	25,25,21	3,1,1	20,25,22	3,3,2	176	99	0.231037930201	0.354563160209	0.824,0.934,0.922	0.789,0.824,0.861	0.069
914	"AT1G57750"	"CYP96A15"	chr1	-	21383980	21385709	21383980	21384320	21384406	21385709	914	0,3,3	26,19,20	46,55,46	1,2,0	185	99	0	0.0	0.0,0.078,0.074	0.961,0.936,1.0	-0.915
917	"AT1G65810"	"AT1G65810"	chr1	-	24477413	24477977	24477413	24477486	24477588	24477977	917	14,15,18	1,2,2	13,13,26	0,2,1	201	99	0.109229024338	0.176359362212	0.873,0.787,0.816	1.0,0.762,0.928	-0.071
919	"AT1G15440"	"PWP2"	chr1	-	5308218	5309514	5308218	5308843	5308963	5309514	919	63,44,64	2,3,1	19,16,14	36,67,47	219	99	0	0.0	0.934,0.869,0.967	0.193,0.097,0.119	0.787
922	"AT1G49340"	"PI4KA1"	chr1	+	18263546	18264462	18263546	18264021	18264148	18264462	922	6,10,2	19,10,11	63,80,71	5,9,7	226	99	0	0.0	0.122,0.305,0.074	0.847,0.796,0.816	-0.653
924	"AT1G06190"	"RHON1"	chr1	-	1892272	1893626	1892272	1892640	1892845	1893626	924	2,4,4	3,5,7	14,16,17	0,2,2	304	99	1.32827518984e-07	2.87947768427e-07	0.178,0.207,0.157	1.0,0.723,0.735	-0.639
925	"AT1G79450"	"ALIS5"	chr1	+	29888509	29888799	29888509	29888584	29888685	29888799	925	442,494,568	8,10,19	45,43,42	204,215,161	200	99	0	0.0	0.965,0.961,0.937	0.098,0.09,0.114	0.854
928	"AT1G73390"	"AT1G73390"	chr1	-	27591301	27591644	27591301	27591403	27591489	27591644	928	45,52,42	117,131,139	55,66,51	104,120,103	185	99	0.0161322346337	0.0284147314571	0.171,0.175,0.139	0.221,0.227,0.209	-0.057
932	"AT1G09160"	"AT1G09160"	chr1	-	2952770	2953418	2952770	2953074	2953162	2953418	932	17,11,7	2,1,1	5,11,7	9,8,9	187	99	1.82647748947e-06	3.74972199825e-06	0.818,0.853,0.787	0.227,0.421,0.292	0.506
936	"AT1G35340"	"AT1G35340"	chr1	+	12977785	12978148	12977785	12978013	12978126	12978148	936	12,17,11	1,5,2	53,50,53	0,0,2	212	99	1.70251250564e-05	3.38319792787e-05	0.849,0.614,0.72	1.0,1.0,0.925	-0.247
938	"AT1G47490"	"RBP47C"	chr1	+	17426037	17426340	17426037	17426096	17426209	17426340	938	6,4,4	1,0,1	4,1,4	0,0,0	212	99	1	1.0	0.737,1.0,0.651	1.0,1.0,1.0	-0.204
939	"AT1G31070"	"GLCNAC1PUT1"	chr1	+	11086286	11086527	11086286	11086326	11086434	11086527	939	9,7,6	0,0,0	0,0,0	13,10,10	207	99	0	0.0	1.0,1.0,1.0	0.0,0.0,0.0	1.0
940	"AT1G31070"	"GLCNAC1PUT1"	chr1	+	11086625	11086897	11086625	11086738	11086822	11086897	940	8,17,3	0,0,0	0,0,0	5,6,12	183	99	0	0.0	1.0,1.0,1.0	0.0,0.0,0.0	1.0
948	"AT1G63770"	"AT1G63770"	chr1	-	23658037	23658332	23658037	23658109	23658215	23658332	948	7,3,5	60,63,67	204,283,230	17,41,20	205	99	0	0.0	0.053,0.022,0.035	0.853,0.769,0.847	-0.786
949	"AT1G14660"	"NHX8"	chr1	-	5034144	5034329	5034144	5034181	5034270	5034329	949	68,76,75	1,4,0	1,3,6	33,30,26	188	99	0	0.0	0.973,0.909,1.0	0.016,0.05,0.108	0.903
951	"AT1G72360"	"ERF073"	chr1	+	27241811	27242827	27241811	27242090	27242175	27242827	951	11,12,8	3,1,2	10,8,11	2,2,1	184	99	0.816832449874	0.977675905255	0.664,0.866,0.683	0.729,0.683,0.855	-0.018
957	"AT1G52150"	"ATHB-15"	chr1	-	19409710	19410288	19409710	19410059	19410138	19410288	957	0,1,0	7,5,9	0,0,1	4,9,10	178	99	1	1.0	0.0,0.1,0.0	0.0,0.0,0.053	0.016
958	"AT1G05410"	"AT1G05410"	chr1	-	1586907	1587278	1586907	1587124	1587205	1587278	958	8,11,14	3,3,0	7,9,9	2,4,1	180	99	0.502488296466	0.708051690475	0.595,0.669,1.0	0.658,0.553,0.832	0.074
965	"AT1G02145"	"ALG12"	chr1	+	404756	404953	404756	404842	404911	404953	965	20,12,22	7,4,9	16,23,22	2,6,4	168	99	0.0939162027025	0.154861823605	0.627,0.639,0.59	0.825,0.693,0.764	-0.142
967	"AT1G67540"	"AT1G67540"	chr1	-	25311241	25312482	25311241	25312260	25312348	25312482	967	68,55,63	3,2,2	3,1,2	35,48,55	187	99	0	0.0	0.923,0.936,0.943	0.043,0.011,0.019	0.91
968	"AT1G21130"	"AT1G21130"	chr1	-	7399061	7399930	7399061	7399469	7399557	7399930	968	5,6,0	0,0,0	1,0,1	1,0,2	187	99	1	1.0	1.0,1.0,NA	0.346,NA,0.209	0.723
974	"AT1G20620"	"CAT3"	chr1	+	7145690	7146041	7145690	7145780	7145879	7146041	974	0,0,0	13,10,6	0,1,0	10,12,7	198	99	1	1.0	0.0,0.0,0.0	0.0,0.04,0.0	-0.013
979	"AT1G61150"	"AT1G61150"	chr1	+	22543106	22543474	22543106	22543266	22543367	22543474	979	61,63,58	60,90,69	39,47,44	75,78,84	200	99	0.0120280428996	0.0215531404559	0.335,0.257,0.294	0.205,0.23,0.206	0.082
988	"AT1G07660"	"AT1G07660"	chr1	+	2369188	2369734	2369188	2369256	2369307	2369734	988	8,7,11	11,9,6	6,4,14	11,14,10	150	99	0.355162905031	0.514488320372	0.324,0.339,0.548	0.265,0.159,0.48	0.102
997	"AT1G29890"	"AT1G29890"	chr1	+	10464319	10464600	10464319	10464457	10464543	10464600	997	19,16,22	29,37,45	37,43,44	1,2,2	185	99	0	0.0	0.26,0.188,0.207	0.952,0.92,0.922	-0.713
998	"AT1G29890"	"AT1G29890"	chr1	+	10465262	10465785	10465262	10465412	10465529	10465785	998	89,67,100	1,9,1	5,9,5	17,21,21	216	99	0	0.0	0.976,0.773,0.979	0.119,0.164,0.098	0.782
1005	"AT1G45170"	"OEP24A"	chr1	-	17097000	17097360	17097000	17097075	17097213	17097360	1005	3,3,1	7,3,2	6,9,12	0,0,0	237	99	1.27675647832e-14	3.53387953821e-14	0.152,0.295,0.173	1.0,1.0,1.0	-0.793
1006	"AT1G68960"	"AT1G68960"	chr1	+	25929895	25931257	25929895	25930712	25930782	25931257	1006	3,3,1	7,7,2	11,9,8	0,0,2	169	99	1.12796572083e-09	2.62909303351e-09	0.201,0.201,0.227	1.0,1.0,0.701	-0.691
1007	"AT1G48380"	"RHL1"	chr1	-	17878164	17878595	17878164	17878415	17878508	17878595	1007	8,7,11	29,22,22	69,68,72	8,4,10	192	99	0	0.0	0.125,0.141,0.205	0.816,0.898,0.788	-0.677
1008	"AT1G16060"	"ADAP"	chr1	+	5508833	5509155	5508833	5508916	5509146	5509155	1008	12,10,11	28,22,27	59,56,60	0,0,4	329	99	0	0.0	0.114,0.12,0.109	1.0,1.0,0.819	-0.825
1009	"AT1G05900"	"NTH2"	chr1	+	1788920	1789245	1788920	1789025	1789161	1789245	1009	8,7,4	0,4,1	4,5,1	4,0,1	235	99	0.49285474904	0.697648274897	1.0,0.424,0.628	0.296,1.0,0.296	0.153
1024	"AT1G10650"	"AT1G10650"	chr1	-	3524748	3525403	3524748	3525119	3525209	3525403	1024	165,184,183	2,1,1	5,5,1	74,81,87	189	99	0	0.0	0.977,0.99,0.99	0.034,0.031,0.006	0.962
1025	"AT1G70280"	"AT1G70280"	chr1	-	26467956	26468302	26467956	26468133	26468221	26468302	1025	3,4,2	11,8,5	26,17,16	2,2,1	187	99	3.82804898891e-13	1.00567388692e-12	0.126,0.209,0.175	0.873,0.818,0.894	-0.692
1032	"AT1G18900"	"AT1G18900"	chr1	+	6529776	6532614	6529776	6532336	6532439	6532614	1032	8,13,19	1,2,2	2,2,2	6,15,4	202	99	4.65461003074e-12	1.15434328762e-11	0.797,0.761,0.823	0.14,0.061,0.197	0.661
1037	"AT1G66160"	"PUB20"	chr1	+	24637195	24638608	24637195	24637364	24637412	24638608	1037	1,5,5	11,8,9	10,14,14	0,2,0	147	99	5.80091530367e-13	1.49856978678e-12	0.058,0.296,0.272	1.0,0.825,1.0	-0.733
1042	"AT1G02160"	"AT1G02160"	chr1	+	411176	411597	411176	411253	411335	411597	1042	9,6,10	3,4,1	8,4,4	5,2,2	181	99	0.243097824013	0.367611343629	0.621,0.451,0.845	0.467,0.522,0.522	0.135
1050	"AT1G07780"	"PAI1"	chr1	-	2411823	2412219	2411823	2411929	2412193	2412219	1050	173,217,189	0,3,5	10,10,3	64,38,62	363	99	0	0.0	1.0,0.952,0.912	0.041,0.067,0.013	0.914
1051	"AT1G66940"	"AT1G66940"	chr1	-	24973464	24973819	24973464	24973491	24973578	24973819	1051	3,0,1	14,16,12	2,1,4	13,16,13	186	99	0.216565722445	0.337203292896	0.102,0.0,0.042	0.076,0.032,0.141	-0.035
1052	"AT1G66940"	"AT1G66940"	chr1	-	24973578	24973819	24973578	24973602	24973729	24973819	1052	1,1,2	11,14,11	39,43,42	1,0,1	226	99	1	1.0	0.038,0.03,0.074	0.945,1.0,0.948	-0.917
1066	"AT1G71696"	"SOL1"	chr1	+	26967460	26967729	26967460	26967556	26967698	26967729	1066	124,140,139	2,2,3	13,17,16	159,109,107	241	99	0	0.0	0.962,0.966,0.95	0.032,0.06,0.058	0.909
1085	"AT1G31500"	"CCR4-4"	chr1	-	11275916	11276166	11275916	11275957	11276059	11276166	1085	4,6,3	10,15,12	2,2,5	8,10,13	201	99	0.56442637455	0.770802537932	0.165,0.165,0.11	0.11,0.09,0.159	0.027
1089	"AT1G16570"	"AT1G16570"	chr1	-	5670879	5671177	5670879	5671008	5671101	5671177	1089	2,5,4	0,1,1	3,4,3	0,0,1	192	99	1	1.0	1.0,0.721,0.673	1.0,1.0,0.607	-0.071
1090	"AT1G25500"	"AT1G25500"	chr1	-	8956864	8957322	8956864	8957162	8957242	8957322	1090	38,32,37	2,2,5	23,35,30	7,2,1	179	99	0.692705570678	0.891032061868	0.913,0.898,0.804	0.645,0.906,0.943	0.04
1097	"AT1G19230"	"RBOHE"	chr1	+	6646391	6646817	6646391	6646476	6646554	6646817	1097	2,1,2	14,22,14	33,36,27	4,1,7	177	99	0	0.0	0.074,0.025,0.074	0.822,0.953,0.683	-0.762
1098	"AT1G54360"	"TAF6B"	chr1	+	20290788	20291036	20290788	20290875	20290943	20291036	1098	3,0,2	37,31,30	0,2,1	30,36,34	167	99	0.61155794529	0.813660785579	0.046,0.0,0.038	0.0,0.032,0.017	0.012
1107	"AT1G16260"	"WAKL8"	chr1	-	5561168	5562113	5561168	5562029	5562080	5562113	1107	15,20,24	0,1,0	0,0,0	10,6,12	150	99	1	1.0	1.0,0.93,1.0	0.0,0.0,0.0	0.977
1108	"AT1G04960"	"AT1G04960"	chr1	-	1410184	1410868	1410184	1410318	1410618	1410868	1108	1,3,6	14,16,9	105,78,76	2,1,2	399	99	0	0.0	0.017,0.044,0.142	0.929,0.951,0.904	-0.86
1117	"AT1G31600"	"AT1G31600"	chr1	-	11314623	11315640	11314623	11314994	11315568	11315640	1117	8,5,6	9,12,14	151,125,124	1,0,0	673	99	0	0.0	0.116,0.058,0.059	0.957,1.0,1.0	-0.908
1120	"AT1G12520"	"CCS"	chr1	-	4268142	4268447	4268142	4268277	4268374	4268447	1120	8,13,11	17,26,21	6,10,5	23,19,17	196	99	0.272058361124	0.407087246536	0.192,0.202,0.209	0.116,0.21,0.129	0.049
1121	"AT1G12520"	"CCS"	chr1	-	4268374	4268555	4268374	4268447	4268528	4268555	1121	22,34,29	8,19,11	26,42,40	8,11,11	180	99	0.109226133459	0.176359362212	0.602,0.496,0.592	0.641,0.677,0.667	-0.098
1122	"AT1G77180"	"SKIP"	chr1	-	28999607	29001664	28999607	28999969	29000275	29001664	1122	109,89,108	1,2,1	2,1,1	46,44,55	405	99	0	0.0	0.964,0.916,0.964	0.011,0.006,0.004	0.941
1126	"AT1G44446"	"CAO"	chr1	-	16848911	16849395	16848911	16849206	16849282	16849395	1126	23,26,20	20,15,15	43,34,29	8,12,5	175	99	0.000241390701644	0.000464789549749	0.394,0.495,0.43	0.753,0.616,0.766	-0.272
1127	"AT1G73930"	"AT1G73930"	chr1	-	27796017	27797981	27796017	27797680	27797863	27797981	1127	6,8,6	1,2,2	0,2,2	3,1,4	282	99	0.000458229811432	0.000871480009472	0.678,0.584,0.513	0.0,0.413,0.149	0.404
1128	"AT1G29200"	"AT1G29200"	chr1	+	10207926	10208511	10207926	10208361	10208436	10208511	1128	1,1,1	5,10,7	2,1,0	5,8,6	174	99	1	1.0	0.102,0.054,0.075	0.185,0.066,0.0	-0.007
1130	"AT1G80210"	"BRCC36A"	chr1	-	30162834	30163618	30162834	30163479	30163563	30163618	1130	4,9,2	4,8,9	4,4,5	7,5,8	183	99	0.727913720216	0.917528461895	0.351,0.378,0.107	0.236,0.302,0.253	0.015
1131	"AT1G07840"	"AT1G07840"	chr1	+	2425951	2426306	2425951	2426103	2426191	2426306	1131	1,1,1	22,17,11	57,76,88	1,6,2	187	99	0	0.0	0.023,0.03,0.046	0.968,0.87,0.959	-0.899
1135	"AT1G68140"	"AT1G68140"	chr1	-	25538986	25540430	25538986	25539618	25539696	25540430	1135	18,19,18	2,0,0	2,9,0	12,15,11	177	99	0	0.0	0.834,1.0,1.0	0.085,0.251,0.0	0.833
1143	"AT1G33970"	"AT1G33970"	chr1	-	12349459	12350033	12349459	12349820	12349898	12350033	1143	53,49,54	63,55,61	33,28,28	48,63,53	177	99	0.0107526015673	0.0194930203852	0.32,0.333,0.331	0.278,0.199,0.228	0.093
1144	"AT1G54385"	"AT1G54385"	chr1	-	20303631	20303885	20303631	20303691	20303785	20303885	1144	28,41,40	1,0,0	34,27,32	1,0,1	193	99	1	1.0	0.935,1.0,1.0	0.946,1.0,0.943	0.015
1150	"AT1G22360"	"UGT85A2"	chr1	-	7894857	7896005	7894857	7895211	7895247	7896005	1150	7,4,2	0,0,0	0,0,1	0,2,0	135	99	1	1.0	1.0,1.0,1.0	NA,0.0,1.0	0.5
1151	"AT1G80960"	"AT1G80960"	chr1	+	30417666	30417852	30417666	30417709	30417781	30417852	1151	2,1,0	13,16,15	22,24,14	3,0,0	171	99	0	0.0	0.082,0.035,0.0	0.809,1.0,1.0	-0.897
1155	"AT1G55610"	"BRL1"	chr1	-	20783615	20784017	20783615	20783745	20783853	20784017	1155	28,29,27	1,4,3	6,5,2	16,16,19	207	99	0	0.0	0.931,0.776,0.811	0.152,0.13,0.048	0.729
1160	"AT1G06040"	"BBX24"	chr1	-	1828412	1829307	1828412	1828904	1828986	1829307	1160	5,2,1	12,12,15	1,2,2	11,9,13	181	99	0.710855086129	0.910599490496	0.186,0.084,0.035	0.047,0.108,0.078	0.024
1161	"AT1G03740"	"AT1G03740"	chr1	+	936188	937043	936188	936572	936654	937043	1161	18,14,20	3,5,2	4,1,6	12,9,7	181	99	8.06988650348e-08	1.76173578597e-07	0.766,0.605,0.845	0.154,0.057,0.319	0.562
1162	"AT1G26880"	"RPL34A"	chr1	-	9315382	9315929	9315382	9315733	9315819	9315929	1162	11,13,2	0,0,0	1,5,9	7,6,6	185	99	2.00239824721e-12	5.00599561802e-12	1.0,1.0,1.0	0.071,0.308,0.445	0.725
1163	"AT1G73320"	"AT1G73320"	chr1	-	27565986	27566365	27565986	27566100	27566180	27566365	1163	3,6,5	0,0,0	0,0,1	4,6,12	179	99	0	0.0	1.0,1.0,1.0	0.0,0.0,0.044	0.985
1170	"AT1G13270"	"MAP1B"	chr1	+	4546460	4546741	4546460	4546540	4546643	4546741	1170	13,16,7	13,12,13	27,38,32	21,43,30	202	99	0.650540632937	0.858159983874	0.329,0.395,0.209	0.387,0.302,0.343	-0.033
1174	"AT1G55120"	"CWINV3"	chr1	+	20566929	20567903	20566929	20566938	20567031	20567903	1174	53,64,53	32,29,24	44,27,26	25,24,19	192	99	0.127532555373	0.201709653906	0.461,0.532,0.532	0.476,0.367,0.414	0.089
1175	"AT1G22280"	"PAPP2C"	chr1	+	7874730	7875255	7874730	7875007	7875100	7875255	1175	15,19,22	0,2,1	1,2,1	7,6,2	192	99	8.06021915878e-14	2.13561362327e-13	1.0,0.83,0.919	0.069,0.147,0.205	0.776
1179	"AT1G68250"	"AT1G68250"	chr1	-	25579372	25580194	25579372	25579594	25579660	25580194	1179	5,2,4	5,2,6	4,5,4	3,3,5	165	99	0.571575413786	0.77612194606	0.375,0.375,0.286	0.444,0.5,0.324	-0.077
1181	"AT1G22880"	"CEL5"	chr1	+	8095501	8096549	8095501	8095964	8096045	8096549	1181	32,22,23	2,2,2	1,2,3	6,9,6	180	99	1.42108547152e-14	3.89855306346e-14	0.898,0.858,0.863	0.084,0.109,0.216	0.737
1182	"AT1G28960"	"NUDT15"	chr1	-	10109861	10110359	10109861	10110022	10110161	10110359	1182	86,72,63	21,25,22	79,85,80	11,13,11	238	99	0.00113588694222	0.00213409061872	0.63,0.545,0.544	0.749,0.731,0.752	-0.171
1188	"AT1G11310"	"MLO2"	chr1	-	3801399	3801617	3801399	3801460	3801549	3801617	1188	0,0,0	2,6,3	21,15,11	0,1,0	188	99	0	0.0	0.0,0.0,0.0	1.0,0.888,1.0	-0.963
1190	"AT1G10820"	"AT1G10820"	chr1	-	3604435	3604683	3604435	3604541	3604619	3604683	1190	95,80,87	0,2,0	1,0,0	31,25,45	177	99	0	0.0	1.0,0.957,1.0	0.018,0.0,0.0	0.98
1192	"AT1G31170"	"SRX"	chr1	+	11134212	11134405	11134212	11134291	11134306	11134405	1192	7,11,3	1,0,1	0,0,0	9,16,12	114	99	0	0.0	0.859,1.0,0.723	0.0,0.0,0.0	0.861
1193	"AT1G09270"	"IMPA4"	chr1	+	2997454	2998222	2997454	2997838	2997919	2998222	1193	46,46,47	0,0,0	46,43,36	0,1,0	180	99	1	1.0	1.0,1.0,1.0	1.0,0.959,1.0	0.014
1194	"AT1G05870"	"AT1G05870"	chr1	-	1772096	1772533	1772096	1772141	1772308	1772533	1194	4,6,6	4,12,14	2,5,5	12,12,11	266	99	0.307069572366	0.449016827516	0.271,0.157,0.138	0.058,0.134,0.145	0.076
1208	"AT1G17350"	"AT1G17350"	chr1	+	5944083	5944463	5944083	5944233	5944288	5944463	1208	45,40,48	5,8,5	4,1,0	8,7,8	154	99	6.37268016135e-14	1.71785291306e-13	0.853,0.763,0.861	0.243,0.084,0.0	0.717
