ID	GeneID	geneSymbol	chr	strand	exonStart_0base	exonEnd	upstreamES	upstreamEE	downstreamES	downstreamEE	ID	IJC_SAMPLE_1	SJC_SAMPLE_1	IJC_SAMPLE_2	SJC_SAMPLE_2	IncFormLen	SkipFormLen	PValue	FDR	IncLevel1	IncLevel2	IncLevelDifference
2	"AT1G77600"	"AT1G77600"	chr1	-	29156006	29156141	29155720	29155914	29156553	29156671	2	9,10,11	0,0,0	0,0,0	2,1,2	234	99	4.4408920985e-16	1.20538499816e-15	1.0,1.0,1.0	0.0,0.0,0.0	1.0
3	"AT1G61900"	"AT1G61900"	chr1	-	22883058	22883070	22882814	22882958	22883181	22883427	3	20,18,21	2,3,4	21,18,24	3,3,3	111	99	0.916268429323	1.0	0.899,0.843,0.824	0.862,0.843,0.877	-0.005
4	"AT1G52220"	"CURT1C"	chr1	-	19454186	19454273	19454031	19454094	19454377	19454697	4	6,2,2	1,0,0	0,0,0	4,0,1	186	99	1	1.0	0.762,1.0,1.0	0.0,NA,0.0	0.921
9	"AT1G66410"	"CAM4"	chr1	-	24775511	24775541	24774259	24774804	24775709	24775984	9	2,4,3	0,0,0	0,0,0	1,0,2	129	99	1	1.0	1.0,1.0,1.0	0.0,NA,0.0	1.0
11	"AT1G07890"	"APX1"	chr1	+	2437677	2437741	2437477	2437555	2437992	2438123	11	235,185,215	3,2,3	22,12,17	118,120,116	163	99	0	0.0	0.979,0.983,0.978	0.102,0.057,0.082	0.9
12	"AT1G07890"	"APX1"	chr1	+	2437677	2437833	2437477	2437555	2437992	2438123	12	151,126,155	3,2,3	31,21,20	118,120,116	255	99	0	0.0	0.951,0.961,0.953	0.093,0.064,0.063	0.882
13	"AT1G07890"	"APX1"	chr1	+	2437680	2437741	2437477	2437555	2437992	2438123	13	93,64,65	3,2,3	9,4,8	118,120,116	160	99	0	0.0	0.95,0.952,0.931	0.045,0.02,0.041	0.909
14	"AT1G07890"	"APX1"	chr1	+	2437680	2437833	2437436	2437555	2437992	2438123	14	9,5,6	3,2,3	19,14,12	118,120,116	252	99	1.49986356668e-10	3.33086584289e-10	0.541,0.495,0.44	0.059,0.044,0.039	0.445
20	"AT1G27385"	"AT1G27385"	chr1	-	9510826	9510901	9510602	9510638	9511132	9511185	20	52,72,81	0,0,0	4,0,2	1,0,0	174	99	1	1.0	1.0,1.0,1.0	0.695,NA,1.0	0.153
22	"AT1G06220"	"MEE5"	chr1	+	1900296	1900429	1899963	1900107	1900511	1901264	22	10,13,6	25,27,23	64,44,49	4,5,4	232	99	0	0.0	0.146,0.17,0.1	0.872,0.79,0.839	-0.695
25	"AT1G06500"	"AT1G06500"	chr1	+	1989667	1989705	1989478	1989526	1990136	1990730	25	21,6,15	14,14,17	20,22,17	16,18,22	137	99	0.612663754498	0.776040755697	0.52,0.236,0.389	0.475,0.469,0.358	-0.052
26	"AT1G06500"	"AT1G06500"	chr1	+	1989667	1989773	1989485	1989526	1990136	1990728	26	3,5,4	14,14,17	7,3,3	16,18,22	205	99	0.860670582937	1.0	0.094,0.147,0.102	0.174,0.074,0.062	0.011
28	"AT1G48590"	"AT1G48590"	chr1	+	17963787	17963883	17962838	17963104	17963986	17964427	28	21,23,17	5,8,10	14,16,15	9,7,4	195	99	0.704780720979	0.879689805018	0.681,0.593,0.463	0.441,0.537,0.656	0.034
30	"AT1G24490"	"ALB3L1"	chr1	+	8682772	8682883	8682233	8682690	8682965	8683040	30	16,7,8	0,0,1	2,1,1	2,7,8	210	99	5.83977310953e-14	1.49044955482e-13	1.0,1.0,0.79	0.32,0.063,0.056	0.784
36	"AT1G55310"	"SCL33"	chr1	+	20631686	20631722	20631041	20631119	20631884	20632055	36	17,25,24	1,3,2	6,9,11	9,10,9	135	99	6.02345651135e-09	1.27161859684e-08	0.926,0.859,0.898	0.328,0.398,0.473	0.495
38	"AT1G05710"	"AT1G05710"	chr1	+	1716063	1716102	1714949	1715384	1716195	1716308	38	47,73,65	0,1,0	0,0,0	51,43,46	138	99	0	0.0	1.0,0.981,1.0	0.0,0.0,0.0	0.994
40	"AT1G04930"	"AT1G04930"	chr1	-	1398280	1398370	1397829	1397882	1398439	1399053	40	15,22,23	1,3,0	0,1,2	7,7,8	189	99	0	0.0	0.887,0.793,1.0	0.0,0.07,0.116	0.831
41	"AT1G32550"	"FdC1"	chr1	-	11772867	11772915	11772599	11772668	11773118	11773207	41	0,0,0	46,47,30	42,36,26	0,0,0	147	99	0	0.0	0.0,0.0,0.0	1.0,1.0,1.0	-1.0
43	"AT1G64625"	"BHLH157"	chr1	+	24017545	24017587	24017341	24017405	24017676	24017736	43	8,8,2	2,1,5	5,4,0	2,1,4	141	99	0.377476238094	0.533458154662	0.737,0.849,0.219	0.637,0.737,0.0	0.144
48	"AT1G28395"	"AT1G28395"	chr1	-	9969771	9969836	9969539	9969587	9970112	9970153	48	15,20,14	2,3,1	6,19,17	6,4,5	164	99	0.020560122655	0.0374019252554	0.819,0.801,0.894	0.376,0.741,0.672	0.242
49	"AT1G28395"	"AT1G28395"	chr1	-	9970112	9970153	9969441	9969587	9971072	9971188	49	5,10,2	6,6,7	8,10,9	6,3,7	140	99	0.160302722437	0.2425819959	0.371,0.541,0.168	0.485,0.702,0.476	-0.194
50	"AT1G28395"	"AT1G28395"	chr1	-	9970112	9970153	9969535	9969836	9971072	9971188	50	8,17,9	8,9,6	5,16,12	2,4,4	140	99	0.0519881989118	0.0891387447157	0.414,0.572,0.515	0.639,0.739,0.68	-0.186
64	"AT1G66920"	"AT1G66920"	chr1	-	24966622	24966646	24965303	24966530	24966723	24967522	64	36,22,34	1,0,0	0,1,0	28,27,32	123	99	0	0.0	0.967,1.0,1.0	0.0,0.029,0.0	0.979
72	"AT1G76280"	"AT1G76280"	chr1	-	28620267	28620363	28619986	28620160	28620705	28621149	72	3,0,0	11,10,6	27,42,28	0,1,1	195	99	0	0.0	0.122,0.0,0.0	1.0,0.955,0.934	-0.922
77	"AT1G69740"	"HEMB1"	chr1	+	26232050	26232107	26231904	26231936	26232192	26232502	77	21,31,22	0,0,1	18,12,13	26,12,32	156	99	0	0.0	1.0,1.0,0.933	0.305,0.388,0.205	0.678
84	"AT1G45000"	"RPT4B"	chr1	+	17011060	17011252	17010715	17010853	17011349	17011448	84	8,3,2	0,2,4	3,8,7	2,0,1	291	99	0.142476296822	0.21949051132	1.0,0.338,0.145	0.338,1.0,0.704	-0.186
86	"AT1G75340"	"CG1"	chr1	-	28271665	28271725	28271296	28271474	28271835	28271965	86	7,4,3	3,2,6	14,8,9	5,1,11	159	99	0.40711979891	0.561431335594	0.592,0.555,0.237	0.635,0.833,0.338	-0.141
98	"AT1G17980"	"PAPS1"	chr1	-	6190434	6190497	6190183	6190345	6190899	6191007	98	0,1,1	15,14,9	36,31,38	0,0,0	162	99	0	0.0	0.0,0.042,0.064	1.0,1.0,1.0	-0.965
100	"AT1G79820"	"SGB1"	chr1	-	30023583	30023727	30023253	30023327	30023980	30024134	100	1,6,4	41,26,29	63,55,51	1,0,0	243	99	0	0.0	0.01,0.086,0.053	0.962,1.0,1.0	-0.938
103	"AT1G25540"	"MED25"	chr1	-	8973806	8973837	8973550	8973614	8974342	8974660	103	72,69,53	42,62,72	50,51,70	59,62,58	130	99	0.486399207689	0.649798941522	0.566,0.459,0.359	0.392,0.385,0.479	0.043
106	"AT1G09195"	"AT1G09195"	chr1	-	2968652	2968758	2968474	2968536	2968969	2969077	106	4,5,3	10,6,7	34,31,32	2,3,2	205	99	3.04090086445e-13	7.53614562059e-13	0.162,0.287,0.171	0.891,0.833,0.885	-0.663
109	"AT1G58350"	"ZW18"	chr1	-	21664351	21664600	21663991	21664250	21664684	21664744	109	26,17,23	16,16,17	87,108,118	2,6,4	348	99	0	0.0	0.316,0.232,0.278	0.925,0.837,0.894	-0.61
111	"AT1G61340"	"AT1G61340"	chr1	+	22629157	22629295	22628515	22628792	22629359	22629434	111	1,2,0	3,6,1	10,14,9	0,0,1	237	99	3.66928709639e-13	8.96354419261e-13	0.122,0.122,0.0	1.0,1.0,0.79	-0.849
113	"AT1G60070"	"AT1G60070"	chr1	-	22143355	22143463	22143166	22143265	22143544	22143720	113	0,1,1	3,3,3	0,2,2	2,6,0	207	99	0.122244962763	0.191778794793	0.0,0.137,0.137	0.0,0.137,1.0	-0.288
116	"AT1G23690"	"AT1G23690"	chr1	-	8377835	8377979	8377261	8377741	8378065	8378191	116	139,147,160	3,5,3	6,11,6	37,24,45	243	99	0	0.0	0.95,0.923,0.956	0.062,0.157,0.052	0.853
123	"AT1G49940"	"AT1G49940"	chr1	-	18488826	18488907	18488516	18488731	18488982	18489061	123	1,6,3	50,66,63	158,211,205	5,8,8	180	99	0	0.0	0.011,0.048,0.026	0.946,0.936,0.934	-0.91
126	"AT1G14990"	"AT1G14990"	chr1	-	5167494	5167524	5167030	5167404	5167585	5167702	126	19,33,34	1,1,3	1,1,5	18,20,17	129	99	0	0.0	0.936,0.962,0.897	0.041,0.037,0.184	0.844
127	"AT1G21350"	"AT1G21350"	chr1	-	7478441	7478522	7478314	7478368	7478616	7478682	127	0,1,1	28,33,26	49,59,73	0,0,0	180	99	0	0.0	0.0,0.016,0.021	1.0,1.0,1.0	-0.988
128	"AT1G78600"	"BBX22"	chr1	+	29568264	29568324	29567747	29568200	29568398	29568815	128	100,92,86	0,0,1	1,1,1	31,36,40	159	99	0	0.0	1.0,1.0,0.982	0.02,0.017,0.015	0.977
134	"AT1G55325"	"MED13"	chr1	+	20640283	20640343	20639715	20640042	20640587	20640822	134	1,4,9	5,1,1	4,1,2	3,4,8	159	99	0.0593933593527	0.100557073756	0.111,0.714,0.849	0.454,0.135,0.135	0.317
144	"AT1G49160"	"WNK7"	chr1	-	18181612	18181650	18181243	18181471	18181780	18181903	144	30,27,36	15,16,15	34,31,30	13,10,15	137	99	0.422745647636	0.578316045966	0.591,0.549,0.634	0.654,0.691,0.591	-0.054
146	"AT1G65090"	"AT1G65090"	chr1	-	24181535	24181623	24180829	24181194	24181954	24182022	146	246,259,225	14,19,18	255,244,252	14,20,16	187	99	0.829843056887	0.992329809284	0.903,0.878,0.869	0.906,0.866,0.893	-0.005
147	"AT1G16560"	"AT1G16560"	chr1	+	5668572	5668739	5668392	5668464	5668918	5669039	147	1,0,1	11,12,9	26,18,27	2,0,0	266	99	0	0.0	0.033,0.0,0.04	0.829,1.0,1.0	-0.919
153	"AT1G13060"	"PBE1"	chr1	+	4453043	4453115	4452854	4452984	4453278	4453385	153	3,2,1	12,5,5	3,1,4	0,1,0	171	99	5.57059241846e-07	1.13401345662e-06	0.126,0.188,0.104	1.0,0.367,1.0	-0.65
154	"AT1G23670"	"AT1G23670"	chr1	-	8374067	8374202	8373833	8373980	8375529	8375676	154	1,1,0	1,5,4	1,5,4	1,0,1	234	99	8.28407761611e-07	1.66656149689e-06	0.297,0.078,0.0	0.297,1.0,0.629	-0.517
155	"AT1G13450"	"GT-1"	chr1	-	4613754	4613889	4613285	4613516	4614197	4614236	155	17,15,21	7,6,9	14,19,6	10,7,16	234	99	0.0853515119321	0.139001033718	0.507,0.514,0.497	0.372,0.535,0.137	0.158
157	"AT1G55690"	"SFH13"	chr1	-	20812172	20812296	20811824	20811922	20812616	20812840	157	26,23,20	48,29,34	113,99,91	3,1,2	223	99	0	0.0	0.194,0.26,0.207	0.944,0.978,0.953	-0.738
162	"AT1G16020"	"AT1G16020"	chr1	+	5499474	5499513	5499191	5499375	5499640	5499750	162	1,0,0	15,22,6	9,16,8	1,0,0	138	99	0	0.0	0.046,0.0,0.0	0.866,1.0,1.0	-0.94
163	"AT1G07570"	"APK1A"	chr1	-	2333167	2333281	2332613	2332930	2333504	2333633	163	16,33,21	4,5,2	7,8,13	2,2,0	213	99	0.404291014821	0.561431335594	0.65,0.754,0.83	0.619,0.65,1.0	-0.012
169	"AT1G17040"	"SHA"	chr1	+	5825338	5825368	5824847	5825267	5825482	5825674	169	0,2,0	3,3,4	3,1,0	0,0,0	129	99	1	1.0	0.0,0.338,0.0	1.0,1.0,NA	-0.887
170	"AT1G57765"	"AT1G57765"	chr1	+	21393964	21393994	21393350	21393577	21394295	21394553	170	2,0,0	6,4,4	1,2,3	0,1,0	129	99	4.24364476892e-09	9.07079069357e-09	0.204,0.0,0.0	1.0,0.606,1.0	-0.801
174	"AT1G45191"	"BGLU1"	chr1	+	17116402	17116438	17116256	17116320	17116811	17116861	174	1,1,0	1,2,1	4,4,4	0,0,0	135	99	3.15045656751e-06	6.19227670166e-06	0.423,0.268,0.0	1.0,1.0,1.0	-0.77
176	"AT1G08820"	"PVA22"	chr1	-	2824791	2824915	2824363	2824476	2825166	2825275	176	1,0,1	5,1,2	14,8,6	2,2,0	223	99	1	1.0	0.082,0.0,0.182	0.757,0.64,1.0	-0.711
179	"AT1G05960"	"AT1G05960"	chr1	-	1814327	1814390	1814143	1814258	1814446	1814562	179	1,5,2	3,7,7	1,5,1	6,5,3	162	99	0.876632819622	1.0	0.169,0.304,0.149	0.092,0.379,0.169	-0.006
185	"AT1G23600"	"AT1G23600"	chr1	-	8361831	8361969	8361607	8361751	8362071	8362224	185	9,10,10	10,12,6	17,9,10	7,7,8	237	99	0.269406443997	0.387130268265	0.273,0.258,0.41	0.504,0.349,0.343	-0.085
187	"AT1G05000"	"AT1G05000"	chr1	+	1426234	1426330	1426015	1426109	1427898	1427956	187	5,7,7	10,7,9	37,50,56	3,3,3	195	99	6.11732886568e-14	1.53832828828e-13	0.202,0.337,0.283	0.862,0.894,0.905	-0.613
190	"AT1G28330"	"DYL1"	chr1	-	9934450	9934566	9933908	9934288	9934793	9935019	190	60,44,72	1,4,5	0,1,1	23,22,30	215	99	0	0.0	0.965,0.835,0.869	0.0,0.021,0.015	0.878
196	"AT1G78710"	"TBL42"	chr1	+	29604009	29604168	29603725	29603904	29604259	29604557	196	31,31,29	3,2,3	8,11,4	9,10,14	258	99	1.13178355576e-11	2.58046650713e-11	0.799,0.856,0.788	0.254,0.297,0.099	0.598
199	"AT1G15200"	"AT1G15200"	chr1	-	5229127	5229268	5228966	5229051	5229345	5229446	199	7,4,7	43,41,31	74,82,65	4,0,3	240	99	0	0.0	0.063,0.039,0.085	0.884,1.0,0.899	-0.865
200	"AT1G15200"	"AT1G15200"	chr1	-	5229246	5229261	5228966	5229051	5229345	5229446	200	0,0,1	43,41,31	0,0,1	4,0,3	114	99	1	1.0	0.0,0.0,0.027	0.0,NA,0.224	-0.103
201	"AT1G30620"	"MUR4"	chr1	+	10854989	10855050	10854604	10854873	10855429	10855556	201	2,0,1	36,33,37	42,35,45	2,6,2	160	99	0	0.0	0.033,0.0,0.016	0.929,0.783,0.933	-0.865
207	"AT1G10940"	"SRK2A"	chr1	-	3657406	3657430	3657278	3657332	3657522	3657624	207	19,13,27	7,10,20	19,15,30	19,19,22	123	99	0.177570807118	0.264040069715	0.686,0.511,0.521	0.446,0.389,0.523	0.12
211	"AT1G64770"	"PNSB2"	chr1	+	24058588	24058655	24058037	24058472	24059217	24059561	211	38,31,37	3,3,1	2,0,0	32,29,20	166	99	0	0.0	0.883,0.86,0.957	0.036,0.0,0.0	0.888
220	"AT1G79280"	"NUA"	chr1	-	29825492	29825558	29825244	29825328	29825672	29825720	220	0,0,1	9,7,12	7,9,10	0,0,1	165	99	0	0.0	0.0,0.0,0.048	1.0,1.0,0.857	-0.936
221	"AT1G02890"	"AT1G02890"	chr1	-	646405	646489	646125	646310	646566	646689	221	264,215,240	15,17,15	203,197,195	12,7,10	183	99	0.204408122528	0.30132576683	0.905,0.872,0.896	0.901,0.938,0.913	-0.026
225	"AT1G07170"	"AT1G07170"	chr1	+	2200329	2200539	2200122	2200219	2200637	2201265	225	228,232,261	509,481,463	257,268,334	305,293,332	309	99	3.60445850944e-09	7.80205576094e-09	0.126,0.134,0.153	0.213,0.227,0.244	-0.09
226	"AT1G07170"	"AT1G07170"	chr1	+	2200462	2200539	2200173	2200219	2200637	2201049	226	175,151,195	509,481,463	285,252,352	305,293,332	176	99	0	0.0	0.162,0.15,0.192	0.345,0.326,0.374	-0.18
227	"AT1G72416"	"AT1G72416"	chr1	-	27259830	27259915	27259677	27259745	27260019	27260291	227	21,20,13	2,4,10	17,21,25	3,5,6	184	99	0.724381485684	0.897603145304	0.85,0.729,0.412	0.753,0.693,0.692	-0.049
230	"AT1G75630"	"VHA-C4"	chr1	+	28401605	28401707	28400833	28401119	28401899	28402355	230	0,0,0	8,7,7	8,13,15	1,0,0	201	99	0	0.0	0.0,0.0,0.0	0.798,1.0,1.0	-0.933
233	"AT1G45249"	"ABF2"	chr1	-	17166036	17166069	17165710	17165782	17166341	17167451	233	39,20,29	4,1,5	3,1,3	30,43,32	132	99	0	0.0	0.88,0.938,0.813	0.07,0.017,0.066	0.826
235	"AT1G37140"	"MCT1"	chr1	-	14171575	14171668	14171342	14171487	14171753	14172040	235	2,0,3	29,19,21	68,68,62	1,0,1	192	99	1	1.0	0.034,0.0,0.069	0.972,1.0,0.97	-0.946
241	"AT1G35530"	"AT1G35530"	chr1	+	13093093	13093228	13092819	13092981	13093327	13093663	241	16,10,32	0,1,0	18,27,18	1,0,0	234	99	1	1.0	1.0,0.809,1.0	0.884,1.0,1.0	-0.025
243	"AT1G01160"	"GIF2"	chr1	+	72914	73016	72356	72669	73086	73163	243	0,4,0	28,36,37	32,29,30	1,0,0	201	99	1	1.0	0.0,0.052,0.0	0.94,1.0,1.0	-0.963
251	"AT1G21630"	"AT1G21630"	chr1	+	7584340	7584430	7584052	7584276	7584694	7584769	251	13,10,12	0,0,0	0,0,0	3,2,2	189	99	0	0.0	1.0,1.0,1.0	0.0,0.0,0.0	1.0
252	"AT1G43620"	"UGT80B1"	chr1	-	16429642	16429754	16429349	16429558	16430028	16430181	252	56,49,59	17,11,22	39,76,66	10,14,16	211	99	0.217655992643	0.318112604632	0.607,0.676,0.557	0.647,0.718,0.659	-0.061
260	"AT1G51200"	"SAP2"	chr1	+	18984723	18984756	18984433	18984554	18985687	18986568	260	1,1,2	4,6,9	1,1,0	8,4,7	132	99	0.0359821026363	0.0640931203209	0.158,0.111,0.143	0.086,0.158,0.0	0.056
271	"AT1G44750"	"PUP11"	chr1	+	16893564	16893831	16892640	16892730	16894071	16895465	271	3,7,9	2,1,2	7,6,7	4,4,1	366	99	0.47679354373	0.641981858093	0.289,0.654,0.549	0.321,0.289,0.654	0.076
273	"AT1G42480"	"AT1G42480"	chr1	+	15937450	15937499	15937218	15937249	15937620	15937693	273	32,49,41	5,5,1	1,0,0	38,36,33	148	99	0	0.0	0.811,0.868,0.965	0.017,0.0,0.0	0.876
274	"AT1G03910"	"CTN"	chr1	+	998168	998300	997754	997895	998419	998515	274	0,1,1	9,7,5	9,9,11	0,0,0	231	99	0	0.0	0.0,0.058,0.079	1.0,1.0,1.0	-0.954
279	"AT1G28570"	"AT1G28570"	chr1	-	10043047	10043263	10042523	10042672	10043850	10044147	279	148,143,173	6,4,6	27,32,29	43,40,24	315	99	0	0.0	0.886,0.918,0.901	0.165,0.201,0.275	0.688
283	"AT1G17460"	"TRFL3"	chr1	+	6000049	6000109	5999776	5999951	6000286	6000345	283	19,26,26	1,0,1	0,0,1	7,6,5	159	99	0	0.0	0.922,1.0,0.942	0.0,0.0,0.111	0.918
290	"AT1G17450"	"AT1G17450"	chr1	-	5992723	5992756	5992249	5992632	5992917	5993019	290	18,9,15	0,0,0	0,0,1	4,5,5	132	99	0	0.0	1.0,1.0,1.0	0.0,0.0,0.13	0.957
293	"AT1G68580"	"AT1G68580"	chr1	+	25753367	25753422	25752734	25753118	25753543	25753626	293	8,4,8	12,9,15	5,7,6	12,15,7	154	99	0.861808655213	1.0	0.3,0.222,0.255	0.211,0.231,0.355	-0.007
294	"AT1G67900"	"AT1G67900"	chr1	+	25467031	25467159	25464725	25464987	25467618	25467795	294	32,33,19	0,2,0	3,3,6	19,14,23	227	99	0	0.0	1.0,0.878,1.0	0.064,0.085,0.102	0.876
299	"AT1G60670"	"AT1G60670"	chr1	+	22346539	22346601	22346256	22346339	22346716	22346813	299	34,28,33	11,8,16	19,40,41	11,9,8	161	99	0.497067459378	0.658903376385	0.655,0.683,0.559	0.515,0.732,0.759	-0.036
305	"AT1G28630"	"AT1G28630"	chr1	-	10062185	10062299	10061915	10062032	10062438	10062540	305	70,63,83	7,5,7	63,57,76	7,8,7	213	99	0.453539698149	0.615518161774	0.823,0.854,0.846	0.807,0.768,0.835	0.038
313	"AT1G75180"	"AT1G75180"	chr1	-	28216740	28216786	28215840	28216380	28217194	28218008	313	37,31,47	0,0,0	0,0,0	14,9,13	145	99	0	0.0	1.0,1.0,1.0	0.0,0.0,0.0	1.0
314	"AT1G08840"	"emb2411"	chr1	-	2834016	2834073	2833491	2833626	2834150	2834261	314	0,0,0	2,1,1	2,1,1	0,0,0	156	99	1.5150103394e-12	3.59814955607e-12	0.0,0.0,0.0	1.0,1.0,1.0	-1.0
316	"AT1G15750"	"TPL"	chr1	-	5420538	5420573	5420279	5420431	5420836	5421033	316	3,2,1	3,3,3	1,0,2	2,2,2	134	99	0.126114803048	0.196051193829	0.425,0.33,0.198	0.27,0.0,0.425	0.086
320	"AT1G64790"	"ILA"	chr1	-	24076476	24076593	24076208	24076310	24076672	24076966	320	17,26,21	1,1,0	1,3,1	21,18,24	216	99	1	1.0	0.886,0.923,1.0	0.021,0.071,0.019	0.899
339	"AT1G14760"	"KNATM"	chr1	-	5084825	5084951	5084351	5084655	5085048	5085213	339	4,1,1	6,10,10	32,26,20	1,2,1	225	99	0	0.0	0.227,0.042,0.042	0.934,0.851,0.898	-0.791
340	"AT1G78915"	"AT1G78915"	chr1	-	29669750	29669801	29669625	29669695	29669928	29669999	340	8,10,1	3,4,8	4,2,2	1,1,4	150	99	0.835806522055	0.99252024494	0.638,0.623,0.076	0.725,0.569,0.248	-0.068
344	"AT1G69587"	"AT1G69587"	chr1	-	26177141	26177250	26176344	26176449	26179204	26179351	344	15,11,7	14,16,13	30,16,25	18,13,12	208	99	0.0140982610737	0.0262043765609	0.338,0.247,0.204	0.442,0.369,0.498	-0.173
349	"AT1G61010"	"CPSF73-I"	chr1	-	22474629	22474669	22474297	22474547	22474929	22476597	349	4,0,2	2,1,1	0,2,1	2,3,1	139	99	0.0883914282962	0.141261067651	0.588,0.0,0.588	0.0,0.322,0.416	0.146
357	"AT1G03830"	"AT1G03830"	chr1	-	965822	965888	965598	965736	965995	966157	357	0,0,0	6,9,12	5,3,6	0,0,1	165	99	0	0.0	0.0,0.0,0.0	1.0,1.0,0.783	-0.928
359	"AT1G03960"	"B''EPSILON"	chr1	+	1014620	1014676	1013714	1014543	1014766	1014872	359	3,2,2	10,4,8	21,18,20	2,3,2	155	99	7.86759546401e-12	1.81805246533e-11	0.161,0.242,0.138	0.87,0.793,0.865	-0.662
362	"AT1G74140"	"AT1G74140"	chr1	+	27879359	27879401	27879177	27879279	27879488	27879777	362	31,35,28	7,6,5	33,11,24	8,4,2	141	99	0.885235894178	1.0	0.757,0.804,0.797	0.743,0.659,0.894	0.021
367	"AT1G56460"	"AT1G56460"	chr1	+	21147015	21147105	21146724	21146905	21147398	21147740	367	2,1,0	11,8,2	14,8,16	0,0,0	189	99	0	0.0	0.087,0.061,0.0	1.0,1.0,1.0	-0.951
368	"AT1G28560"	"SRD2"	chr1	-	10040007	10040040	10039774	10039889	10040204	10040257	368	6,6,3	37,26,42	32,32,38	2,4,5	132	99	0	0.0	0.108,0.148,0.051	0.923,0.857,0.851	-0.775
371	"AT1G08110"	"AT1G08110"	chr1	+	2535569	2535585	2535328	2535385	2535674	2535794	371	4,5,7	5,5,4	5,1,7	5,4,6	115	99	0.530283231739	0.692201775781	0.408,0.463,0.601	0.463,0.177,0.501	0.11
375	"AT1G51530"	"AT1G51530"	chr1	+	19110992	19111028	19110580	19110691	19111112	19111254	375	3,5,7	2,1,1	1,0,0	11,5,14	135	99	5.21593879199e-12	1.22181579922e-11	0.524,0.786,0.837	0.063,0.0,0.0	0.695
379	"AT1G22180"	"AT1G22180"	chr1	-	7829670	7829751	7829379	7829556	7830150	7830392	379	14,9,11	2,1,1	8,12,9	2,4,0	180	99	0.769980505011	0.947242204006	0.794,0.832,0.858	0.688,0.623,1.0	0.058
383	"AT1G23170"	"AT1G23170"	chr1	+	8213322	8213460	8212555	8213230	8213570	8213759	383	13,12,11	0,1,0	2,3,6	11,10,8	237	99	2.33146835171e-15	6.13355520219e-15	1.0,0.834,1.0	0.071,0.111,0.239	0.804
384	"AT1G61660"	"BHLH112"	chr1	-	22754963	22755029	22754768	22754834	22755115	22755214	384	0,0,0	23,18,27	32,42,36	0,0,0	165	99	0	0.0	0.0,0.0,0.0	1.0,1.0,1.0	-1.0
389	"AT1G34460"	"CYCB1-5"	chr1	+	12599315	12599371	12599095	12599249	12599574	12599628	389	21,25,17	0,0,1	1,0,3	20,31,20	155	99	0	0.0	1.0,1.0,0.916	0.031,0.0,0.087	0.933
395	"AT1G71750"	"HGPT"	chr1	-	26988134	26988164	26987774	26988052	26988337	26988502	395	29,13,13	1,4,0	2,3,3	14,12,14	129	99	1.66533453694e-15	4.44956571589e-15	0.957,0.714,1.0	0.099,0.161,0.141	0.757
399	"AT1G21080"	"AT1G21080"	chr1	-	7379023	7379050	7378537	7378926	7379331	7379469	399	4,3,5	1,0,1	2,3,3	3,4,1	126	99	0.000204022916103	0.000391999085996	0.759,1.0,0.797	0.344,0.371,0.702	0.38
404	"AT1G05230"	"HDG2"	chr1	-	1517148	1517234	1516782	1517057	1518180	1518226	404	6,9,9	0,1,0	185,188,193	1,1,2	185	99	1	1.0	1.0,0.828,1.0	0.99,0.99,0.981	-0.044
408	"AT1G18730"	"PNSB4"	chr1	+	6461843	6461910	6461317	6461389	6461993	6462224	408	16,15,19	0,0,0	0,1,0	16,13,22	166	99	0	0.0	1.0,1.0,1.0	0.0,0.044,0.0	0.985
410	"AT1G61240"	"AT1G61240"	chr1	+	22582081	22582128	22581638	22581721	22582296	22582433	410	9,9,4	6,2,1	19,15,23	9,6,6	146	99	0.962164476785	1.0	0.504,0.753,0.731	0.589,0.629,0.722	0.016
415	"AT1G79230"	"STR1"	chr1	+	29801021	29801190	29800692	29800925	29801288	29801474	415	2,0,1	12,18,18	0,0,1	16,12,20	268	99	1	1.0	0.058,0.0,0.02	0.0,0.0,0.018	0.02
420	"AT1G24350"	"AT1G24350"	chr1	-	8639284	8639418	8638915	8639172	8639505	8639598	420	47,50,40	29,38,39	54,43,44	26,24,23	233	99	0.0607976333143	0.100935876667	0.408,0.359,0.304	0.469,0.432,0.448	-0.093
421	"AT1G24350"	"AT1G24350"	chr1	-	8639368	8639422	8638981	8639172	8639505	8639598	421	42,55,47	29,38,39	38,34,48	26,24,23	153	99	0.384841363349	0.539408796169	0.484,0.484,0.438	0.486,0.478,0.575	-0.044
424	"AT1G05320"	"AT1G05320"	chr1	+	1553893	1553949	1553607	1553759	1554812	1554900	424	14,17,17	4,10,8	7,10,12	6,10,8	155	99	0.112404911577	0.17797444333	0.691,0.521,0.576	0.427,0.39,0.489	0.161
426	"AT1G13350"	"AT1G13350"	chr1	-	4575914	4575995	4575407	4575835	4576238	4576632	426	14,15,5	6,4,3	13,8,13	4,6,7	180	99	0.559881431693	0.725300945602	0.562,0.673,0.478	0.641,0.423,0.505	0.048
433	"AT1G65820"	"AT1G65820"	chr1	+	24485547	24485595	24485100	24485328	24485708	24485784	433	6,4,4	0,0,1	0,0,0	4,2,5	147	99	1.11022302463e-16	3.11226454445e-16	1.0,1.0,0.729	0.0,0.0,0.0	0.91
441	"AT1G51070"	"BHLH115"	chr1	+	18928234	18928432	18927876	18928130	18928692	18928755	441	0,0,1	4,1,2	5,6,10	1,0,0	297	99	8.3000273321e-13	1.99902066731e-12	0.0,0.0,0.143	0.625,1.0,1.0	-0.827
443	"AT1G29630"	"EXO1"	chr1	+	10350860	10351070	10350354	10350716	10351244	10351420	443	2,2,2	2,5,2	7,4,5	0,1,0	309	99	9.18210638634e-08	1.91480511227e-07	0.243,0.114,0.243	1.0,0.562,1.0	-0.654
444	"AT1G79500"	"KDSA1"	chr1	+	29903602	29903639	29903425	29903486	29903730	29903828	444	1,1,0	1,0,0	10,8,14	0,1,1	136	99	1	1.0	0.421,1.0,NA	1.0,0.853,0.911	-0.211
449	"AT1G80770"	"PDE318"	chr1	+	30355423	30355569	30355114	30355353	30355662	30355786	449	5,2,2	0,0,1	0,0,0	0,1,5	245	99	1	1.0	1.0,1.0,0.447	NA,0.0,0.0	0.816
456	"AT1G11750"	"CLPP6"	chr1	+	3968131	3968185	3968006	3968061	3968346	3968548	456	15,19,9	7,12,6	9,17,11	11,6,5	153	99	0.977081496107	1.0	0.581,0.506,0.493	0.346,0.647,0.587	0.0
458	"AT1G31930"	"XLG3"	chr1	+	11465574	11465660	11465048	11465197	11465750	11466755	458	21,29,22	0,0,0	0,1,0	2,5,3	185	99	0	0.0	1.0,1.0,1.0	0.0,0.097,0.0	0.968
463	"AT1G63770"	"AT1G63770"	chr1	-	23664165	23664272	23663788	23663863	23664613	23664677	463	171,138,131	10,8,8	250,377,282	23,26,28	206	99	0.0865969481735	0.139698850355	0.892,0.892,0.887	0.839,0.875,0.829	0.043
466	"AT1G01910"	"AT1G01910"	chr1	-	314890	315015	314651	314802	315576	315902	466	109,121,127	11,8,14	90,103,120	14,13,19	224	99	0.0602099299594	0.100935876667	0.814,0.87,0.8	0.74,0.778,0.736	0.077
475	"AT1G07350"	"SR45A"	chr1	-	2258749	2258845	2258538	2258602	2259002	2259152	475	6,9,7	1,1,0	0,0,0	3,3,5	195	99	1	1.0	0.753,0.82,1.0	0.0,0.0,0.0	0.858
476	"AT1G61150"	"AT1G61150"	chr1	+	22542816	22542862	22542564	22542673	22542957	22542981	476	13,18,12	28,33,47	10,10,17	39,32,32	145	99	0.68694451494	0.863731706285	0.241,0.271,0.148	0.149,0.176,0.266	0.023
477	"AT1G61150"	"AT1G61150"	chr1	+	22542836	22542862	22542524	22542673	22542957	22542981	477	21,29,30	28,33,47	36,19,27	39,32,32	125	99	0.79599476198	0.97225074499	0.373,0.41,0.336	0.422,0.32,0.401	-0.008
478	"AT1G61150"	"AT1G61150"	chr1	+	22542862	22542981	22542523	22542673	22543106	22543266	478	26,52,42	4,5,8	35,35,37	8,2,4	218	99	0.811780094167	0.984499263139	0.747,0.825,0.705	0.665,0.888,0.808	-0.028
479	"AT1G61150"	"AT1G61150"	chr1	+	22542957	22542981	22542548	22542673	22543106	22543266	479	34,38,55	4,5,8	47,40,40	8,2,4	123	99	0.599343610086	0.764834009886	0.872,0.859,0.847	0.825,0.942,0.889	-0.026
481	"AT1G29220"	"AT1G29220"	chr1	-	10211903	10211939	10211605	10211807	10212133	10212722	481	4,10,4	10,9,6	9,4,9	1,0,3	135	99	7.47794124115e-05	0.000145309994572	0.227,0.449,0.328	0.868,1.0,0.688	-0.517
483	"AT1G47278"	"AT1G47278"	chr1	+	17331227	17331277	17330836	17330916	17331364	17331553	483	1,3,4	20,23,15	32,41,29	3,2,6	149	99	0	0.0	0.032,0.08,0.151	0.876,0.932,0.763	-0.769
487	"AT1G50140"	"AT1G50140"	chr1	-	18575747	18575813	18574606	18574758	18576669	18576721	487	6,2,4	33,24,24	29,19,20	7,2,4	165	99	0	0.0	0.098,0.048,0.091	0.713,0.851,0.75	-0.692
488	"AT1G19800"	"TGD1"	chr1	+	6846539	6846628	6846373	6846470	6846730	6846858	488	19,17,19	9,4,2	16,28,25	2,4,1	188	99	0.0410354221897	0.072340795819	0.526,0.691,0.833	0.808,0.787,0.929	-0.158
489	"AT1G19800"	"TGD1"	chr1	+	6846542	6846628	6846371	6846470	6846730	6846858	489	21,12,17	9,4,2	12,24,23	2,4,1	185	99	0.0521279208864	0.0891387447157	0.555,0.616,0.82	0.763,0.763,0.925	-0.153
493	"AT1G45248"	"AT1G45248"	chr1	-	17163345	17163399	17162962	17163276	17163534	17163683	493	1,0,2	26,49,39	21,26,24	0,0,0	153	99	0	0.0	0.024,0.0,0.032	1.0,1.0,1.0	-0.981
494	"AT1G45248"	"AT1G45248"	chr1	-	17163345	17163420	17162962	17163276	17163534	17163683	494	2,1,2	26,49,39	8,13,8	0,0,0	174	99	0	0.0	0.042,0.011,0.028	1.0,1.0,1.0	-0.973
496	"AT1G07940"	"A3"	chr1	-	2464912	2465076	2464330	2464814	2465409	2465467	496	14,13,15	79,76,89	163,123,146	6,3,10	263	99	0	0.0	0.063,0.06,0.06	0.911,0.939,0.846	-0.838
497	"AT1G64230"	"UBC28"	chr1	+	23834476	23834602	23833749	23833861	23834691	23834819	497	48,71,62	7,23,15	57,62,64	22,22,16	225	99	0.251054109444	0.363815700974	0.751,0.576,0.645	0.533,0.554,0.638	0.082
498	"AT1G64230"	"UBC28"	chr1	+	23834565	23834592	23833773	23833861	23834691	23834819	498	21,24,26	7,23,15	17,14,17	22,22,16	126	99	0.029114458668	0.0524060256024	0.702,0.451,0.577	0.378,0.333,0.455	0.188
501	"AT1G24260"	"SEP3"	chr1	-	8594200	8594242	8593972	8594115	8594325	8594367	501	16,14,11	8,12,7	11,16,9	4,12,6	141	99	0.823664619679	0.991877816656	0.584,0.45,0.525	0.659,0.484,0.513	-0.032
503	"AT1G78790"	"AT1G78790"	chr1	-	29624124	29624178	29623928	29624033	29624260	29624300	503	0,0,2	6,5,8	7,8,8	0,0,2	153	99	1.79856129989e-14	4.65990882244e-14	0.0,0.0,0.139	1.0,1.0,0.721	-0.861
505	"AT1G18900"	"AT1G18900"	chr1	+	6529420	6529643	6528983	6529181	6529776	6532336	505	8,8,4	5,5,4	33,18,18	0,1,0	322	99	1.87057036527e-11	4.20878332186e-11	0.33,0.33,0.235	1.0,0.847,1.0	-0.651
506	"AT1G30810"	"JMJ18"	chr1	-	10941766	10941825	10941469	10941580	10942045	10942292	506	119,95,122	8,11,16	18,23,20	87,108,82	158	99	0	0.0	0.903,0.844,0.827	0.115,0.118,0.133	0.736
515	"AT1G60730"	"AT1G60730"	chr1	-	22359221	22359281	22358937	22359110	22359474	22359675	515	2,2,2	3,5,5	2,1,2	3,3,4	159	99	0.87152471748	1.0	0.293,0.199,0.199	0.293,0.172,0.237	-0.004
519	"AT1G67490"	"GCS1"	chr1	-	25285788	25286040	25285476	25285645	25286120	25286194	519	70,72,60	1,2,0	4,5,11	26,22,16	351	99	0	0.0	0.952,0.91,1.0	0.042,0.06,0.162	0.866
520	"AT1G07780"	"PAI1"	chr1	-	2412193	2412219	2411823	2411929	2412609	2412677	520	0,0,3	1,2,1	5,3,8	1,1,1	125	99	0.000709232509008	0.00134754176712	0.0,0.0,0.704	0.798,0.704,0.864	-0.554
525	"AT1G03090"	"MCCA"	chr1	+	741147	741207	740969	741065	741508	741601	525	13,12,12	1,0,1	0,0,0	14,12,21	159	99	0	0.0	0.89,1.0,0.882	0.0,0.0,0.0	0.924
528	"AT1G72050"	"TFIIIA"	chr1	+	27115641	27115816	27115350	27115491	27115914	27116359	528	1,1,0	18,13,29	33,22,25	0,0,1	274	99	0	0.0	0.02,0.027,0.0	1.0,1.0,0.9	-0.951
532	"AT1G10670"	"ACLA-1"	chr1	+	3535960	3536020	3535773	3535885	3536130	3536307	532	4,0,3	72,70,91	103,78,52	7,8,0	159	99	0	0.0	0.033,0.0,0.02	0.902,0.859,1.0	-0.903
534	"AT1G66570"	"SUC7"	chr1	-	24835836	24835889	24835308	24835478	24836000	24837321	534	25,20,26	7,7,4	21,29,23	12,10,14	152	99	0.0511704076253	0.0891387447157	0.699,0.65,0.809	0.533,0.654,0.517	0.151
535	"AT1G66570"	"SUC7"	chr1	-	24835836	24835900	24835250	24835478	24836000	24837322	535	12,9,13	7,7,4	12,16,10	12,10,14	163	99	0.153785031746	0.234796789541	0.51,0.438,0.664	0.378,0.493,0.303	0.146
536	"AT1G64750"	"DSS1(I)"	chr1	-	24053272	24053395	24052361	24052917	24053618	24053752	536	3,7,6	42,40,26	4,2,11	33,23,31	222	99	0.570013348351	0.732874305023	0.031,0.072,0.093	0.051,0.037,0.137	-0.01
537	"AT1G24485"	"RWK1"	chr1	+	8681003	8681063	8679856	8680464	8681325	8681475	537	22,22,29	1,2,2	3,2,1	13,11,11	159	99	0	0.0	0.932,0.873,0.9	0.126,0.102,0.054	0.808
539	"AT1G19580"	"GAMMACA1"	chr1	+	6776563	6776645	6776242	6776394	6776801	6777456	539	18,13,18	3,2,1	1,5,2	7,4,6	181	99	1.35641041177e-07	2.79453229413e-07	0.766,0.78,0.908	0.072,0.406,0.154	0.607
541	"AT1G55840"	"AT1G55840"	chr1	+	20874057	20874086	20873601	20873945	20874482	20874566	541	8,10,5	0,0,1	0,1,1	8,5,7	128	99	1	1.0	1.0,1.0,0.795	0.0,0.134,0.099	0.854
550	"AT1G62170"	"AT1G62170"	chr1	+	22974539	22974638	22973839	22974460	22974746	22975754	550	0,3,0	3,1,0	2,5,7	1,0,0	198	99	1	1.0	0.0,0.6,NA	0.5,1.0,1.0	-0.533
554	"AT1G19080"	"TTN10"	chr1	+	6584425	6584556	6584240	6584354	6585036	6585131	554	73,82,94	2,0,2	11,13,14	47,61,71	230	99	0	0.0	0.94,1.0,0.953	0.092,0.084,0.078	0.88
555	"AT1G62305"	"AT1G62305"	chr1	-	23028385	23028457	23028186	23028265	23028541	23028642	555	2,1,3	3,6,4	23,13,13	0,1,1	171	99	1	1.0	0.278,0.088,0.303	1.0,0.883,0.883	-0.699
556	"AT1G12230"	"AT1G12230"	chr1	+	4148909	4148975	4148738	4148817	4149079	4149155	556	12,14,17	2,2,0	0,0,3	3,1,7	165	99	9.8503627477e-10	2.15950260238e-09	0.783,0.808,1.0	0.0,0.0,0.205	0.795
561	"AT1G02990"	"AT1G02990"	chr1	-	683022	683077	682731	682892	683174	683317	561	1,2,2	23,14,21	33,25,18	0,3,2	154	99	0	0.0	0.027,0.084,0.058	1.0,0.843,0.853	-0.842
562	"AT1G66240"	"ATX1"	chr1	-	24686777	24686853	24686255	24686590	24687228	24687332	562	48,55,31	0,0,2	3,2,3	43,41,43	175	99	0	0.0	1.0,1.0,0.898	0.038,0.027,0.038	0.932
566	"AT1G54180"	"BRXL3"	chr1	+	20228799	20228877	20228138	20228515	20229030	20229163	566	6,14,6	5,6,2	0,4,6	8,5,7	177	99	0.00606463509238	0.0113961824263	0.402,0.566,0.627	0.0,0.309,0.324	0.321
573	"AT1G48560"	"AT1G48560"	chr1	+	17953552	17953609	17952858	17953430	17953672	17955273	573	50,65,47	7,8,5	12,10,14	37,31,42	156	99	0	0.0	0.819,0.838,0.856	0.171,0.17,0.175	0.666
580	"AT1G12810"	"AT1G12810"	chr1	+	4368019	4368118	4367493	4367791	4368471	4368804	580	4,1,1	5,10,8	24,39,35	3,1,1	198	99	2.22044604925e-16	6.12413345842e-16	0.286,0.048,0.059	0.8,0.951,0.946	-0.768
588	"AT1G64090"	"RTNLB3"	chr1	+	23789703	23789751	23789061	23789584	23789823	23790004	588	24,21,21	8,6,9	31,26,28	2,5,8	147	99	0.0681667731099	0.112081905786	0.669,0.702,0.611	0.913,0.778,0.702	-0.137
589	"AT1G03780"	"TPX2"	chr1	-	948911	948992	948696	948816	949075	949207	589	34,35,38	15,22,19	34,34,49	14,9,7	180	99	0.0190039921466	0.0349428242696	0.555,0.467,0.524	0.572,0.675,0.794	-0.165
590	"AT1G03780"	"TPX2"	chr1	-	949733	949796	949540	949621	949882	950125	590	27,41,28	19,19,10	34,29,40	12,9,14	162	99	0.176924322713	0.264040069715	0.465,0.569,0.631	0.634,0.663,0.636	-0.089
595	"AT1G24265"	"AT1G24265"	chr1	+	8600787	8600892	8600583	8600655	8601004	8601078	595	0,1,1	10,18,23	2,1,1	16,17,8	204	99	0.272140637041	0.387800407783	0.0,0.026,0.021	0.057,0.028,0.057	-0.032
598	"AT1G70490"	"ARF2-A"	chr1	-	26565317	26565416	26565004	26565161	26565685	26565790	598	18,27,23	0,1,1	16,12,16	3,1,0	198	99	0.511913281656	0.673362855101	1.0,0.931,0.92	0.727,0.857,1.0	0.089
601	"AT1G79650"	"RAD23B"	chr1	-	29973973	29974045	29973710	29973888	29974115	29974186	601	0,0,0	58,40,50	0,0,3	51,42,61	171	99	1	1.0	0.0,0.0,0.0	0.0,0.0,0.028	-0.009
608	"AT1G04945"	"AT1G04945"	chr1	+	1399422	1399465	1399173	1399322	1399569	1399774	608	1,0,0	2,6,3	8,3,12	5,6,5	142	99	1.24322498773e-06	2.47199387095e-06	0.258,0.0,0.0	0.527,0.258,0.626	-0.384
