ID	GeneID	geneSymbol	chr	strand	longExonStart_0base	longExonEnd	shortES	shortEE	flankingES	flankingEE	ID	IJC_SAMPLE_1	SJC_SAMPLE_1	IJC_SAMPLE_2	SJC_SAMPLE_2	IncFormLen	SkipFormLen	PValue	FDR	IncLevel1	IncLevel2	IncLevelDifference
0	"AT4G35785"	"AT4G35785"	chr4	-	16953724	16953890	16953853	16953890	16953522	16953592	0	150,170,118	2,0,1	84,161,93	10,14,0	277	149	3.908547902e-07	8.14541382777e-06	0.976,1.0,0.984	0.819,0.861,1.0	0.093
1	"AT4G32590"	"AT4G32590"	chr4	+	15722015	15722073	15722015	15722069	15722237	15722300	1	0,0,2	416,461,396	0,2,1	795,1131,658	152	149	1	1.0	0.0,0.0,0.005	0.0,0.002,0.001	0.001
4	"AT1G52220"	"CURT1C"	chr1	-	19454377	19454697	19454380	19454697	19454186	19454273	4	1232,1245,1174	1,4,2	1510,2801,1615	0,0,0	151	149	1	1.0	0.999,0.997,0.998	1.0,1.0,1.0	-0.002
5	"AT2G43920"	"HOL2"	chr2	-	18189716	18189767	18189720	18189767	18189505	18189584	5	0,2,0	106,96,95	0,0,0	139,312,139	152	149	1	1.0	0.0,0.02,0.0	0.0,0.0,0.0	0.007
6	"AT4G33520"	"PAA1"	chr4	+	16125440	16125525	16125440	16125521	16125625	16126150	6	2,1,2	4,6,2	0,0,1	1,0,0	152	149	1	1.0	0.329,0.14,0.495	0.0,NA,1.0	-0.179
10	"AT4G20350"	"AT4G20350"	chr4	+	10988717	10988760	10988717	10988756	10988855	10988968	10	0,0,2	13,12,6	2,1,0	9,21,14	152	149	0.881398734607	1.0	0.0,0.0,0.246	0.179,0.045,0.0	0.007
11	"AT1G78870"	"UBC35"	chr1	+	29650928	29651018	29650928	29651015	29651315	29651374	11	3,16,10	219,275,185	6,6,4	205,291,153	151	149	0.0699391696513	0.288132379293	0.013,0.054,0.051	0.028,0.02,0.025	0.015
12	"AT3G03100"	"AT3G03100"	chr3	-	706206	706302	706210	706302	705821	705927	12	12,21,10	0,0,0	14,16,13	0,2,0	152	149	1	1.0	1.0,1.0,1.0	1.0,0.887,1.0	0.038
14	"AT1G15860"	"AT1G15860"	chr1	+	5456303	5456437	5456303	5456410	5456503	5456569	14	0,2,0	113,150,143	0,0,0	159,244,122	175	149	1	1.0	0.0,0.011,0.0	0.0,0.0,0.0	0.004
15	"AT4G03200"	"AT4G03200"	chr4	+	1408158	1408858	1408158	1408589	1409307	1409386	15	5,3,1	0,7,0	0,0,3	0,1,2	298	149	1	1.0	1.0,0.176,1.0	NA,0.0,0.429	0.511
16	"AT3G20970"	"NIFU4"	chr3	+	7349519	7349627	7349519	7349623	7349732	7349838	16	0,0,1	0,0,0	1,1,1	0,1,0	152	149	1	1.0	NA,NA,1.0	1.0,0.495,1.0	0.168
17	"AT1G78510"	"SPS1"	chr1	-	29536972	29537417	29536976	29537417	29536697	29536822	17	0,0,0	91,66,56	0,1,1	56,153,68	152	149	1	1.0	0.0,0.0,0.0	0.0,0.006,0.014	-0.007
19	"AT1G07890"	"APX1"	chr1	+	2437677	2437833	2437677	2437741	2437992	2438123	19	21,9,9	3,0,1	22,31,23	0,1,0	240	149	0.212508598538	0.643703371153	0.813,1.0,0.848	1.0,0.951,1.0	-0.097
21	"AT1G32190"	"AT1G32190"	chr1	-	11594627	11594664	11594632	11594664	11594171	11594408	21	12,21,9	0,0,0	19,35,8	0,2,1	153	149	0.717625525088	1.0	1.0,1.0,1.0	1.0,0.945,0.886	0.056
27	"AT1G67500"	"REV3"	chr1	-	25294487	25294841	25294657	25294841	25292788	25294409	27	8,8,2	0,2,0	2,7,2	0,0,0	298	149	1	1.0	1.0,0.667,1.0	1.0,1.0,1.0	-0.111
28	"AT3G04910"	"WNK1"	chr3	+	1355239	1355277	1355239	1355275	1355717	1355945	28	175,199,134	19,21,16	69,167,67	2,4,0	150	149	1.04334158202e-07	2.47082256469e-06	0.901,0.904,0.893	0.972,0.976,1.0	-0.083
29	"AT5G57290"	"RPP3B"	chr5	-	23207637	23207926	23207640	23207926	23206801	23207213	29	877,1177,1002	22,33,19	1533,1809,916	34,37,16	151	149	0.381093399701	1.0	0.975,0.972,0.981	0.978,0.98,0.983	-0.004
30	"AT2G47690"	"AT2G47690"	chr2	+	19551262	19551521	19551262	19551517	19551950	19552358	30	0,0,1	370,435,433	6,11,0	610,715,409	152	149	1	1.0	0.0,0.0,0.002	0.01,0.015,0.0	-0.008
33	"AT3G10300"	"CML49"	chr3	+	3186313	3187099	3186313	3187096	3187399	3187446	33	0,0,0	115,87,84	1,0,0	79,112,53	151	149	1	1.0	0.0,0.0,0.0	0.012,0.0,0.0	-0.004
35	"AT1G59750"	"ARF1"	chr1	+	21979383	21979619	21979383	21979423	21980383	21980450	35	118,112,77	10,10,3	23,60,23	1,4,3	298	149	0.64269447432	1.0	0.855,0.848,0.928	0.92,0.882,0.793	0.012
36	"AT1G59750"	"ARF1"	chr1	+	21982823	21982995	21982823	21982989	21983071	21983541	36	118,221,120	2,1,0	105,134,70	0,1,3	154	149	1	1.0	0.983,0.995,1.0	1.0,0.992,0.958	0.009
37	"AT1G59750"	"ARF1"	chr1	+	21982823	21982995	21982823	21982989	21983080	21983541	37	51,64,38	52,45,44	24,44,22	17,40,17	154	149	0.563534158436	1.0	0.487,0.579,0.455	0.577,0.516,0.556	-0.043
38	"AT4G33630"	"EX1"	chr4	+	16159001	16159197	16159001	16159147	16159273	16159577	38	41,36,51	0,1,1	78,113,46	2,2,0	198	149	0.684838787057	1.0	1.0,0.964,0.975	0.967,0.977,1.0	-0.002
39	"AT3G03890"	"AT3G03890"	chr3	-	999820	999905	999840	999905	999466	999718	39	7,4,2	183,200,251	4,5,4	319,496,218	168	149	0.373793898517	1.0	0.033,0.017,0.007	0.011,0.009,0.016	0.007
43	"AT5G42870"	"PAH2"	chr5	-	17187281	17187811	17187296	17187811	17187127	17187201	43	56,85,46	16,12,12	44,52,40	10,7,7	163	149	0.44099498894	1.0	0.762,0.866,0.778	0.801,0.872,0.839	-0.035
44	"AT5G54750"	"AT5G54750"	chr5	+	22242403	22242540	22242403	22242501	22242750	22242850	44	1,2,2	124,152,83	0,0,0	122,219,95	187	149	1	1.0	0.006,0.01,0.019	0.0,0.0,0.0	0.012
45	"AT1G18270"	"AT1G18270"	chr1	-	6286737	6286917	6286797	6286917	6286590	6286659	45	0,0,0	39,53,40	1,0,0	26,54,41	208	149	1	1.0	0.0,0.0,0.0	0.027,0.0,0.0	-0.009
46	"AT5G46290"	"KAS1"	chr5	-	18774726	18774876	18774774	18774876	18774588	18774655	46	1,3,2	463,567,480	0,1,0	609,998,495	196	149	1	1.0	0.002,0.004,0.003	0.0,0.001,0.0	0.003
47	"AT5G44750"	"REV1"	chr5	+	18056513	18056585	18056513	18056573	18056667	18056754	47	6,8,3	0,2,0	4,8,3	7,12,3	160	149	4.58322352292e-07	9.18407482862e-06	1.0,0.788,1.0	0.347,0.383,0.482	0.525
51	"AT5G18630"	"AT5G18630"	chr5	+	6202961	6203037	6202961	6203034	6203415	6203495	51	55,45,41	47,44,29	16,54,19	14,42,31	151	149	0.479188771965	1.0	0.536,0.502,0.582	0.53,0.559,0.377	0.051
54	"AT4G26510"	"UKL4"	chr4	+	13384061	13384164	13384061	13384106	13384489	13384659	54	5,1,0	16,9,10	0,0,0	7,13,7	206	149	0.0191435595394	0.097782299216	0.184,0.074,0.0	0.0,0.0,0.0	0.086
56	"AT5G49970"	"PPOX1"	chr5	+	20332398	20332486	20332398	20332469	20332560	20332656	56	4,0,2	291,390,329	4,1,0	409,612,345	165	149	1	1.0	0.012,0.0,0.005	0.009,0.001,0.0	0.002
62	"AT4G00660"	"RH8"	chr4	+	277359	277487	277359	277444	277838	278737	62	163,182,193	1,9,1	251,412,217	23,13,6	191	149	0.00265112536387	0.0203122987438	0.992,0.94,0.993	0.895,0.961,0.966	0.034
63	"AT4G17830"	"AT4G17830"	chr4	+	9916456	9916716	9916456	9916701	9916792	9916901	63	1,0,0	69,126,60	0,1,0	94,109,65	163	149	1	1.0	0.013,0.0,0.0	0.0,0.008,0.0	0.002
65	"AT2G11000"	"ATMAK10"	chr2	-	4345755	4345841	4345760	4345841	4344896	4345169	65	43,35,39	6,15,9	11,27,15	3,7,3	153	149	0.876287697171	1.0	0.875,0.694,0.808	0.781,0.79,0.83	-0.008
71	"AT3G54440"	"AT3G54440"	chr3	-	20148811	20149486	20148814	20149486	20148335	20148664	71	1,0,0	218,338,260	0,0,4	258,366,181	151	149	1	1.0	0.005,0.0,0.0	0.0,0.0,0.021	-0.005
73	"AT1G51690"	"PP2AB1"	chr1	+	19167361	19167568	19167361	19167565	19167960	19168052	73	68,74,44	19,27,34	43,100,47	20,35,16	151	149	0.593250295591	1.0	0.779,0.73,0.561	0.68,0.738,0.743	-0.03
74	"AT4G09980"	"EMB1691"	chr4	-	6249104	6249224	6249115	6249224	6248510	6248662	74	1,2,1	34,46,75	8,3,1	58,84,37	159	149	0.0256867100383	0.123318176852	0.027,0.039,0.012	0.114,0.032,0.025	-0.031
75	"AT3G49010"	"RPL13B"	chr3	-	18167290	18167449	18167296	18167449	18166768	18167192	75	1697,2015,1684	1,0,2	2592,2919,1527	7,7,0	154	149	1	1.0	0.999,1.0,0.999	0.997,0.998,1.0	0.001
76	"AT1G29120"	"AT1G29120"	chr1	+	10177613	10177784	10177613	10177782	10177860	10177958	76	0,0,0	161,184,199	1,0,0	181,279,143	150	149	1	1.0	0.0,0.0,0.0	0.005,0.0,0.0	-0.002
78	"AT1G11170"	"AT1G11170"	chr1	+	3743579	3743667	3743579	3743633	3743793	3743886	78	0,4,1	21,34,25	0,2,0	12,16,13	182	149	0.290000158328	0.834751836955	0.0,0.088,0.032	0.0,0.093,0.0	0.009
79	"AT3G43740"	"AT3G43740"	chr3	+	15644587	15644893	15644587	15644659	15645035	15645107	79	183,209,218	1,2,4	179,222,100	0,0,0	298	149	0.900274653268	1.0	0.989,0.981,0.965	1.0,1.0,1.0	-0.022
81	"AT2G39470"	"PNSL1"	chr2	+	16476476	16476558	16476476	16476534	16476643	16476748	81	857,953,817	97,125,85	767,1471,839	131,311,142	172	149	2.67992930416e-05	0.000340547114016	0.884,0.868,0.893	0.835,0.804,0.837	0.056
82	"AT4G35030"	"AT4G35030"	chr4	+	16676954	16677123	16676954	16677118	16677197	16677428	82	0,0,0	23,15,29	0,4,4	20,56,21	153	149	0.00557907844918	0.0354475594149	0.0,0.0,0.0	0.0,0.065,0.156	-0.074
84	"AT4G17570"	"GATA26"	chr4	-	9785983	9786364	9785995	9786364	9785503	9785903	84	18,24,13	21,27,17	12,20,12	19,57,32	160	149	0.00975583631331	0.0577589854458	0.444,0.453,0.416	0.37,0.246,0.259	0.146
85	"AT2G01070"	"AT2G01070"	chr2	+	77144	77400	77144	77281	77474	77865	85	3,0,1	95,120,148	1,0,4	96,186,92	267	149	1	1.0	0.017,0.0,0.004	0.006,0.0,0.024	-0.003
86	"AT1G32410"	"AT1G32410"	chr1	+	11693831	11693925	11693831	11693921	11694367	11694496	86	23,30,28	6,3,8	23,41,6	2,9,2	152	149	0.671987764864	1.0	0.79,0.907,0.774	0.919,0.817,0.746	-0.004
87	"AT1G15110"	"PSS1"	chr1	+	5201592	5201685	5201592	5201681	5201780	5202175	87	1,0,2	114,123,132	0,3,1	77,123,70	152	149	1	1.0	0.009,0.0,0.015	0.0,0.023,0.014	-0.004
88	"AT5G09230"	"SRT2"	chr5	+	2872304	2872361	2872304	2872350	2872459	2872620	88	20,27,22	37,34,18	22,29,25	32,56,37	159	149	0.337441920264	0.940145670896	0.336,0.427,0.534	0.392,0.327,0.388	0.063
93	"AT1G45230"	"AT1G45230"	chr1	-	17170336	17170455	17170340	17170455	17169538	17170046	93	2,8,9	0,0,0	7,7,1	2,0,0	152	149	1	1.0	1.0,1.0,1.0	0.774,1.0,1.0	0.075
95	"AT4G24550"	"AP4M"	chr4	+	12678334	12678426	12678334	12678422	12678509	12678570	95	1,0,0	192,289,242	0,1,0	248,370,214	152	149	1	1.0	0.005,0.0,0.0	0.0,0.003,0.0	0.001
96	"AT4G19960"	"POT9"	chr4	+	10815415	10815718	10815415	10815670	10815836	10816359	96	0,0,2	69,58,61	0,0,0	11,80,18	196	149	1	1.0	0.0,0.0,0.024	0.0,0.0,0.0	0.008
99	"AT1G06570"	"PDS1"	chr1	-	2012296	2013545	2012303	2013545	2011884	2012189	99	176,106,142	0,0,0	167,407,193	0,0,6	155	149	1	1.0	1.0,1.0,1.0	1.0,1.0,0.969	0.01
100	"AT1G01060"	"LHY"	chr1	-	37372	37780	37568	37780	37022	37203	100	98,56,52	0,3,0	45,219,68	1,3,4	298	149	0.0934808501528	0.358114139188	1.0,0.903,1.0	0.957,0.973,0.895	0.026
103	"AT4G26700"	"FIM1"	chr4	+	13466807	13466928	13466807	13466904	13466998	13467090	103	9,32,18	164,181,214	26,24,16	156,262,136	172	149	0.518203335996	1.0	0.045,0.133,0.068	0.126,0.074,0.092	-0.015
105	"AT1G67280"	"AT1G67280"	chr1	-	25190432	25190694	25190544	25190694	25190087	25190283	105	560,479,332	0,1,0	299,698,293	0,0,0	260	149	1	1.0	1.0,0.996,1.0	1.0,1.0,1.0	-0.001
106	"AT5G27290"	"AT5G27290"	chr5	-	9618868	9618964	9618908	9618964	9618391	9618790	106	275,330,340	0,2,0	415,643,300	2,2,1	188	149	1	1.0	1.0,0.992,1.0	0.994,0.996,0.996	0.002
107	"AT1G50200"	"ALATS"	chr1	-	18592129	18592243	18592153	18592243	18591862	18592045	107	0,1,0	451,648,516	0,0,0	541,879,441	172	149	1	1.0	0.0,0.001,0.0	0.0,0.0,0.0	0.0
108	"AT2G28800"	"ALB3"	chr2	-	12357448	12357556	12357452	12357556	12356994	12357144	108	7,5,5	1019,1082,1040	1,9,5	827,1771,939	152	149	1	1.0	0.007,0.005,0.005	0.001,0.005,0.005	0.002
111	"AT1G76050"	"AT1G76050"	chr1	+	28541812	28542034	28541812	28542015	28542153	28542232	111	2,4,2	26,34,26	0,0,0	35,86,34	167	149	0.00388156302842	0.0272145901728	0.064,0.095,0.064	0.0,0.0,0.0	0.074
113	"AT2G46270"	"GBF3"	chr2	+	19002054	19002230	19002054	19002161	19002321	19002399	113	97,88,79	26,31,25	40,65,41	18,55,27	217	149	0.000677187254896	0.00750669276172	0.719,0.661,0.685	0.604,0.448,0.51	0.168
114	"AT4G38510"	"VHA-B2"	chr4	-	18014883	18014975	18014902	18014975	18014734	18014796	114	0,0,0	9,12,7	0,2,3	48,95,38	167	149	0.497189386048	1.0	0.0,0.0,0.0	0.0,0.018,0.066	-0.028
115	"AT4G38510"	"VHA-B2"	chr4	-	18014883	18014975	18014959	18014975	18014734	18014796	115	0,0,0	47,44,36	4,5,3	9,35,4	224	149	9.44550876514e-07	1.64037002221e-05	0.0,0.0,0.0	0.228,0.087,0.333	-0.216
116	"AT4G38510"	"VHA-B2"	chr4	-	18014902	18014975	18014959	18014975	18014734	18014796	116	9,12,7	47,44,36	52,98,38	9,35,4	205	149	0	0.0	0.122,0.165,0.124	0.808,0.671,0.873	-0.647
118	"AT2G38185"	"AT2G38185"	chr2	+	16001638	16001739	16001638	16001721	16001803	16001950	118	0,0,0	14,38,27	0,3,0	19,29,23	166	149	0.816246716707	1.0	0.0,0.0,0.0	0.0,0.085,0.0	-0.028
122	"AT5G63960"	"POLD1"	chr5	+	25601114	25601303	25601114	25601252	25601462	25601540	122	0,2,0	13,10,15	0,0,0	4,13,12	199	149	1	1.0	0.0,0.13,0.0	0.0,0.0,0.0	0.043
123	"AT3G10770"	"AT3G10770"	chr3	-	3372900	3373555	3372924	3373555	3372572	3372812	123	255,288,216	47,49,50	254,441,216	19,15,9	172	149	2.55351295664e-14	1.90054321487e-12	0.825,0.836,0.789	0.921,0.962,0.954	-0.129
126	"AT3G07300"	"AT3G07300"	chr3	-	2326718	2327012	2326724	2327012	2326090	2326220	126	18,17,7	48,63,42	9,18,11	30,48,21	154	149	0.244951073845	0.72511084928	0.266,0.207,0.139	0.225,0.266,0.336	-0.072
127	"AT5G13220"	"TIFY9"	chr5	+	4219466	4219684	4219466	4219629	4219934	4219992	127	5,16,10	1,2,0	11,44,22	1,2,1	203	149	0.860786536064	1.0	0.786,0.854,1.0	0.89,0.942,0.942	-0.045
128	"AT4G24230"	"ACBP3"	chr4	-	12567237	12567362	12567250	12567362	12566630	12567138	128	2,0,0	85,63,75	6,9,5	37,88,48	161	149	7.51055317161e-07	1.34930972497e-05	0.021,0.0,0.0	0.13,0.086,0.088	-0.094
129	"AT4G24230"	"ACBP3"	chr4	-	12567237	12567362	12567250	12567362	12566943	12567132	129	2,0,0	2,11,19	2,4,1	0,6,4	161	149	0.00194174700432	0.0173445824474	0.481,0.0,0.0	1.0,0.382,0.188	-0.363
130	"AT5G32440"	"AT5G32440"	chr5	+	12077471	12077634	12077471	12077631	12077745	12077933	130	2,0,0	154,193,180	2,0,0	174,299,110	151	149	1	1.0	0.013,0.0,0.0	0.011,0.0,0.0	0.001
131	"AT3G01310"	"AT3G01310"	chr3	-	101513	101660	101531	101660	101296	101356	131	29,20,4	65,99,29	9,7,2	24,38,22	166	149	0.376557189718	1.0	0.286,0.153,0.11	0.252,0.142,0.075	0.027
133	"AT4G35790"	"PLDDELTA"	chr4	-	16958623	16958773	16958656	16958773	16958151	16958346	133	1,1,0	132,122,60	0,3,0	64,144,75	181	149	1	1.0	0.006,0.007,0.0	0.0,0.017,0.0	-0.001
134	"AT5G09890"	"AT5G09890"	chr5	-	3086140	3086222	3086143	3086222	3085951	3086008	134	6,6,2	141,176,172	0,5,6	174,247,122	151	149	0.389094246043	1.0	0.04,0.033,0.011	0.0,0.02,0.046	0.006
135	"AT2G41430"	"ERD15"	chr2	+	17269231	17269490	17269231	17269402	17269719	17270075	135	4,4,6	1498,1800,1266	0,5,1	896,1192,665	236	149	1	1.0	0.002,0.001,0.003	0.0,0.003,0.001	0.001
136	"AT2G41430"	"ERD15"	chr2	+	17269231	17269509	17269231	17269402	17269719	17270075	136	5,4,4	1498,1800,1266	0,5,0	896,1192,665	255	149	1	1.0	0.002,0.001,0.002	0.0,0.002,0.0	0.001
137	"AT2G41430"	"ERD15"	chr2	+	17269231	17269509	17269231	17269490	17269719	17270075	137	1,0,2	0,0,4	0,3,0	0,3,1	167	149	1	1.0	1.0,NA,0.308	NA,0.472,0.0	0.418
138	"AT1G17110"	"UBP15"	chr1	-	5848199	5848339	5848211	5848339	5848030	5848119	138	48,44,16	35,32,35	17,26,15	17,52,19	160	149	0.2725551859	0.793843549123	0.561,0.561,0.299	0.482,0.318,0.424	0.066
139	"AT3G14010"	"CID4"	chr3	+	4638722	4638938	4638722	4638932	4639006	4639107	139	102,116,77	9,9,2	63,113,39	19,31,20	154	149	2.16773676787e-09	8.06707754329e-08	0.916,0.926,0.974	0.762,0.779,0.654	0.207
140	"AT1G67140"	"SWEETIE"	chr1	-	25102561	25102699	25102564	25102699	25102274	25102439	140	6,6,9	57,113,75	2,6,0	95,138,46	151	149	0.00280278077068	0.0211630258192	0.094,0.05,0.106	0.02,0.041,0.0	0.063
141	"AT3G57050"	"CBL"	chr3	-	21114161	21114330	21114206	21114330	21113943	21114059	141	159,174,143	52,62,46	106,168,114	16,17,17	193	149	1.89006481244e-07	4.15770265703e-06	0.702,0.684,0.706	0.836,0.884,0.838	-0.155
142	"AT2G40640"	"PUB63"	chr2	-	16961871	16961960	16961881	16961960	16961682	16961778	142	22,25,29	1,2,7	56,48,27	1,7,4	158	149	0.607432977568	1.0	0.954,0.922,0.796	0.981,0.866,0.864	-0.013
143	"AT5G48160"	"OBE2"	chr5	-	19530154	19530316	19530216	19530316	19528724	19529838	143	7,0,4	65,67,37	0,8,0	55,67,30	210	149	0.633633388459	1.0	0.071,0.0,0.071	0.0,0.078,0.0	0.021
146	"AT5G24810"	"AT5G24810"	chr5	-	8521820	8522141	8521913	8522141	8521645	8521732	146	0,1,0	57,85,45	0,0,0	23,69,35	241	149	1	1.0	0.0,0.007,0.0	0.0,0.0,0.0	0.002
147	"AT1G79870"	"HPR2"	chr1	+	30044745	30045216	30044745	30045193	30045332	30046027	147	94,114,86	14,16,1	137,258,114	5,11,2	171	149	0.000798368630531	0.0084887766634	0.854,0.861,0.987	0.96,0.953,0.98	-0.064
148	"AT1G79870"	"HPR2"	chr1	+	30044745	30045216	30044745	30045193	30045366	30046027	148	1,2,4	1,0,0	3,7,1	0,6,0	171	149	0.022031132585	0.110367500738	0.466,1.0,1.0	1.0,0.504,1.0	-0.013
149	"AT1G08450"	"CRT3"	chr1	-	2669373	2669460	2669390	2669460	2669225	2669283	149	172,251,266	0,0,1	193,386,161	0,0,0	165	149	1	1.0	1.0,1.0,0.996	1.0,1.0,1.0	-0.001
152	"AT4G17620"	"AT4G17620"	chr4	+	9824425	9824514	9824425	9824510	9824575	9824639	152	4,2,3	81,99,105	8,6,0	162,151,86	152	149	0.74792456868	1.0	0.046,0.019,0.027	0.046,0.037,0.0	0.003
153	"AT4G17620"	"AT4G17620"	chr4	+	9824425	9824514	9824425	9824510	9824579	9824639	153	2,2,3	0,0,0	8,6,0	0,0,2	152	149	0.314176157446	0.894457803439	1.0,1.0,1.0	1.0,1.0,0.0	0.333
154	"AT5G07790"	"AT5G07790"	chr5	+	2483310	2483638	2483310	2483340	2484052	2484300	154	8,2,1	0,2,4	5,7,10	0,2,0	298	149	0.000869771461376	0.00863076740924	1.0,0.333,0.111	1.0,0.636,1.0	-0.397
155	"AT5G49215"	"AT5G49215"	chr5	+	19953486	19953681	19953486	19953675	19953907	19954231	155	6,3,6	0,0,2	9,6,5	0,0,0	154	149	1	1.0	1.0,1.0,0.744	1.0,1.0,1.0	-0.085
157	"AT3G55630"	"FPGS3"	chr3	+	20637574	20637658	20637574	20637592	20637739	20637796	157	321,499,439	15,25,19	362,769,362	13,30,20	214	149	0.644881899152	1.0	0.937,0.933,0.941	0.951,0.947,0.926	-0.004
158	"AT3G55630"	"FPGS3"	chr3	+	20637739	20637796	20637739	20637793	20637873	20637934	158	279,408,309	0,2,0	316,548,283	4,7,2	151	149	1	1.0	1.0,0.995,1.0	0.987,0.987,0.993	0.009
159	"AT1G21350"	"AT1G21350"	chr1	-	7477331	7477418	7477335	7477418	7476944	7477126	159	3,6,3	324,340,360	6,10,8	593,871,400	152	149	0.716042166843	1.0	0.009,0.017,0.008	0.01,0.011,0.019	-0.002
161	"AT1G20020"	"LFNR2"	chr1	+	6943227	6943486	6943227	6943483	6943584	6943715	161	21,37,27	0,0,0	8,13,7	0,0,7	151	149	0.00819465640895	0.0490737470007	1.0,1.0,1.0	1.0,1.0,0.497	0.168
162	"AT1G20020"	"LFNR2"	chr1	+	6943581	6943715	6943581	6943658	6943790	6943869	162	5335,6605,4600	0,4,4	3131,4967,2508	0,0,1	205	149	1	1.0	1.0,0.999,0.999	1.0,1.0,0.999	-0.0
163	"AT1G20020"	"LFNR2"	chr1	+	6943581	6943715	6943581	6943658	6943954	6944046	163	1755,2250,1618	0,0,2	960,1631,874	0,0,0	205	149	1	1.0	1.0,1.0,0.998	1.0,1.0,1.0	-0.001
164	"AT1G23950"	"AT1G23950"	chr1	-	8470683	8470897	8470698	8470897	8470351	8470512	164	2,6,3	0,1,0	3,1,1	0,0,0	163	149	1	1.0	1.0,0.846,1.0	1.0,1.0,1.0	-0.051
165	"AT1G23950"	"AT1G23950"	chr1	-	8470683	8470897	8470698	8470897	8470351	8470602	165	58,53,40	12,13,11	43,73,23	7,5,2	163	149	0.00519275293707	0.0338178035027	0.815,0.788,0.769	0.849,0.93,0.913	-0.107
166	"AT5G48340"	"AT5G48340"	chr5	+	19591207	19592322	19591207	19592320	19592412	19592526	166	29,52,32	0,2,0	71,93,48	0,5,0	150	149	0.594215149876	1.0	1.0,0.963,1.0	1.0,0.949,1.0	0.005
169	"AT3G52180"	"DSP4"	chr3	-	19350286	19350708	19350612	19350708	19350104	19350212	169	402,720,606	0,1,0	339,436,290	0,0,0	298	149	1	1.0	1.0,0.997,1.0	1.0,1.0,1.0	-0.001
172	"AT1G07745"	"RAD51D"	chr1	-	2402378	2402873	2402754	2402873	2402080	2402278	172	28,40,36	0,1,0	13,36,15	0,0,0	298	149	1	1.0	1.0,0.952,1.0	1.0,1.0,1.0	-0.016
173	"AT2G32700"	"LUH"	chr2	+	13868274	13868443	13868274	13868386	13868631	13868681	173	13,9,11	476,592,370	1,3,0	67,144,72	205	149	0.131259034854	0.452887133503	0.019,0.011,0.021	0.011,0.015,0.0	0.008
174	"AT4G27800"	"PPH1"	chr4	-	13852251	13852415	13852382	13852415	13851869	13852133	174	1084,1451,1384	30,11,26	1475,1806,950	3,4,3	279	149	1.71496306045e-09	6.87304426534e-08	0.951,0.986,0.966	0.996,0.996,0.994	-0.028
175	"AT4G27800"	"PPH1"	chr4	-	13852505	13852564	13852509	13852564	13852382	13852415	175	1,2,0	980,1352,1342	2,0,0	1271,1734,990	152	149	1	1.0	0.001,0.001,0.0	0.002,0.0,0.0	0.0
176	"AT2G45500"	"AT2G45500"	chr2	-	18752149	18752241	18752161	18752241	18752007	18752030	176	5,12,19	9,17,9	11,8,4	5,9,5	160	149	0.682594722758	1.0	0.341,0.397,0.663	0.672,0.453,0.427	-0.05
178	"AT1G55500"	"ECT4"	chr1	+	20722145	20722308	20722145	20722292	20722393	20722739	178	9,11,17	135,185,158	14,18,14	227,230,119	164	149	0.842583686221	1.0	0.057,0.051,0.089	0.053,0.066,0.097	-0.006
180	"AT4G30310"	"AT4G30310"	chr4	+	14834586	14834659	14834586	14834655	14834753	14834881	180	468,612,540	2,3,1	480,544,268	1,5,0	152	149	1	1.0	0.996,0.995,0.998	0.998,0.991,1.0	0.0
181	"AT1G08600"	"ATRX"	chr1	+	2723823	2723957	2723823	2723938	2724074	2724133	181	2,3,4	20,35,14	1,3,2	7,23,8	167	149	0.574246890672	1.0	0.082,0.071,0.203	0.113,0.104,0.182	-0.014
182	"AT1G16560"	"AT1G16560"	chr1	+	5669159	5669413	5669159	5669409	5669492	5669689	182	0,0,0	123,146,101	0,1,0	96,219,78	152	149	1	1.0	0.0,0.0,0.0	0.0,0.004,0.0	-0.001
183	"AT3G07565"	"AT3G07565"	chr3	+	2415271	2415381	2415271	2415354	2415552	2415614	183	2,3,3	58,82,65	6,13,2	79,104,74	175	149	0.03675992234	0.167999294203	0.029,0.03,0.038	0.061,0.096,0.022	-0.027
184	"AT5G16800"	"AT5G16800"	chr5	-	5524810	5525039	5524835	5525039	5524313	5524701	184	32,73,54	6,0,0	66,85,31	0,0,0	173	149	0.195101912491	0.597929978869	0.821,1.0,1.0	1.0,1.0,1.0	-0.06
185	"AT3G63480"	"AT3G63480"	chr3	-	23442677	23442771	23442689	23442771	23442559	23442601	185	2,0,0	4,7,3	0,0,1	2,6,4	160	149	1	1.0	0.318,0.0,0.0	0.0,0.0,0.189	0.043
186	"AT5G26000"	"TGG1"	chr5	-	9080008	9080115	9080012	9080115	9079504	9079932	186	82,65,72	0,1,0	105,163,78	0,0,0	152	149	1	1.0	1.0,0.985,1.0	1.0,1.0,1.0	-0.005
189	"AT4G21910"	"AT4G21910"	chr4	-	11625968	11626075	11625988	11626075	11625821	11625883	189	4,16,2	448,719,689	5,18,2	645,822,399	168	149	0.822011157199	1.0	0.008,0.019,0.003	0.007,0.019,0.004	0.0
190	"AT2G25840"	"OVA4"	chr2	+	11023413	11023538	11023413	11023526	11023674	11023696	190	2,3,7	102,81,66	4,3,0	91,155,80	160	149	0.0702357239352	0.288132379293	0.018,0.033,0.09	0.039,0.018,0.0	0.028
192	"AT2G44980"	"AT2G44980"	chr2	-	18555237	18555418	18555246	18555418	18554985	18555121	192	5,24,21	1,0,0	14,6,3	0,0,0	157	149	1	1.0	0.826,1.0,1.0	1.0,1.0,1.0	-0.058
196	"AT1G23970"	"AT1G23970"	chr1	-	8483090	8483304	8483105	8483304	8482758	8483009	196	34,30,14	8,14,6	23,45,15	5,4,1	163	149	0.00318230971627	0.0230275466969	0.795,0.662,0.681	0.808,0.911,0.932	-0.171
198	"AT2G22690"	"AT2G22690"	chr2	-	9651177	9651439	9651344	9651439	9649689	9650980	198	2,2,1	13,12,8	0,0,0	6,22,8	298	149	0.0757065685379	0.301092535941	0.071,0.077,0.059	0.0,0.0,0.0	0.069
201	"AT4G40040"	"HTR8"	chr4	-	18558481	18558743	18558645	18558743	18558164	18558236	201	1,1,1	933,1179,865	7,8,8	914,1307,681	298	149	1	1.0	0.001,0.0,0.001	0.004,0.003,0.006	-0.004
202	"AT1G48550"	"AT1G48550"	chr1	-	17951936	17952033	17951943	17952033	17951770	17951839	202	0,1,2	5,12,4	0,1,0	11,10,9	155	149	1	1.0	0.0,0.074,0.325	0.0,0.088,0.0	0.104
203	"AT4G25880"	"APUM6"	chr4	+	13158571	13158760	13158571	13158743	13159055	13159382	203	21,17,19	129,238,238	27,16,10	289,373,180	165	149	0.0585821644164	0.250174652959	0.128,0.061,0.067	0.078,0.037,0.048	0.031
206	"AT2G47350"	"AT2G47350"	chr2	+	19436073	19436178	19436073	19436174	19436267	19436357	206	1,0,0	25,41,27	0,3,2	38,67,28	152	149	0.396507491107	1.0	0.038,0.0,0.0	0.0,0.042,0.065	-0.023
207	"AT2G23010"	"SCPL9"	chr2	+	9802271	9802321	9802271	9802317	9802404	9802674	207	2,5,5	101,153,168	5,6,4	179,246,111	152	149	0.925975307814	1.0	0.019,0.031,0.028	0.027,0.023,0.034	-0.002
208	"AT5G13050"	"5FCL"	chr5	-	4137548	4137594	4137552	4137594	4137210	4137281	208	45,56,75	1,3,3	97,97,43	0,1,2	152	149	0.126156881699	0.438184902435	0.978,0.948,0.961	1.0,0.99,0.955	-0.019
209	"AT1G16270"	"AT1G16270"	chr1	+	5563086	5563364	5563086	5563200	5563717	5566376	209	8,7,6	6,0,5	15,8,5	4,1,0	298	149	0.15651874139	0.499038695524	0.4,1.0,0.375	0.652,0.8,1.0	-0.226
211	"AT4G39710"	"PNSL4"	chr4	-	18427558	18427619	18427562	18427619	18427413	18427482	211	237,364,342	7,2,0	584,938,455	4,4,3	152	149	0.885010035912	1.0	0.971,0.994,1.0	0.993,0.996,0.993	-0.006
213	"AT5G12240"	"AT5G12240"	chr5	-	3960048	3960280	3960210	3960280	3959631	3959672	213	1,0,0	143,151,152	1,1,1	176,221,108	298	149	1	1.0	0.003,0.0,0.0	0.003,0.002,0.005	-0.002
217	"AT3G45240"	"GRIK1"	chr3	-	16571447	16571543	16571456	16571543	16571170	16571353	217	189,268,266	0,0,0	130,226,78	0,0,1	157	149	1	1.0	1.0,1.0,1.0	1.0,1.0,0.987	0.004
219	"AT4G32900"	"AT4G32900"	chr4	-	15879537	15879623	15879545	15879623	15879345	15879418	219	32,23,22	96,93,124	40,62,24	104,115,68	156	149	0.00301632184819	0.022450052613	0.241,0.191,0.145	0.269,0.34,0.252	-0.095
221	"AT5G23830"	"AT5G23830"	chr5	+	8034064	8034163	8034064	8034154	8034277	8034459	221	14,20,30	0,0,0	37,80,33	0,0,1	157	149	1	1.0	1.0,1.0,1.0	1.0,1.0,0.969	0.01
223	"AT2G47410"	"AT2G47410"	chr2	+	19449671	19449829	19449671	19449826	19450266	19450503	223	5,7,6	1,5,0	12,20,3	0,4,2	151	149	0.564088759762	1.0	0.831,0.58,1.0	1.0,0.831,0.597	-0.006
226	"AT5G50020"	"PAT09"	chr5	+	20352841	20353141	20352841	20353120	20353329	20353563	226	61,72,81	1,0,1	53,101,42	0,0,0	169	149	1	1.0	0.982,1.0,0.986	1.0,1.0,1.0	-0.011
228	"AT1G45191"	"BGLU1"	chr1	+	17117993	17118217	17117993	17118202	17118336	17118411	228	54,101,55	0,0,5	95,155,76	4,0,1	163	149	0.836973901011	1.0	1.0,1.0,0.91	0.956,1.0,0.986	-0.011
230	"AT4G01800"	"SECA1"	chr4	-	773908	774130	774016	774130	773590	773758	230	4,2,3	415,292,171	3,3,1	136,267,125	256	149	1	1.0	0.006,0.004,0.01	0.013,0.006,0.005	-0.001
233	"AT1G16610"	"SR45"	chr1	-	5676727	5676877	5676760	5676877	5676428	5676495	233	1,2,2	208,264,221	0,0,0	300,352,211	181	149	1	1.0	0.004,0.006,0.007	0.0,0.0,0.0	0.006
234	"AT2G15000"	"AT2G15000"	chr2	-	6481827	6481989	6481870	6481989	6480922	6481207	234	14,23,10	235,79,62	38,32,22	50,310,33	191	149	0.00309712120819	0.0227267626685	0.044,0.185,0.112	0.372,0.075,0.342	-0.149
237	"AT4G02570"	"CUL1"	chr4	+	1128757	1128858	1128757	1128813	1129282	1129445	237	205,201,93	0,0,0	86,168,80	4,3,1	193	149	0.221744193662	0.666366413731	1.0,1.0,1.0	0.943,0.977,0.984	0.032
238	"AT4G34090"	"AT4G34090"	chr4	-	16328564	16328663	16328568	16328663	16328397	16328479	238	17,26,17	285,272,259	9,17,10	251,432,255	152	149	0.00363656852882	0.0259541397742	0.055,0.086,0.06	0.034,0.037,0.037	0.031
239	"AT4G34090"	"AT4G34090"	chr4	-	16328564	16328663	16328568	16328663	16328397	16328493	239	9,6,3	4,0,0	2,0,3	1,6,3	152	149	0.0011260595462	0.010666854974	0.688,1.0,1.0	0.662,0.0,0.495	0.51
240	"AT1G23080"	"PIN7"	chr1	-	8182205	8183570	8182217	8183570	8181857	8182128	240	19,33,27	217,381,279	47,90,48	131,236,100	160	149	0	0.0	0.075,0.075,0.083	0.25,0.262,0.309	-0.196
241	"AT5G35210"	"AT5G35210"	chr5	-	13475969	13477057	13476226	13477057	13475836	13475889	241	30,71,56	0,0,0	100,213,79	5,12,1	298	149	2.75923123881e-05	0.000342276065576	1.0,1.0,1.0	0.909,0.899,0.975	0.072
242	"AT5G55520"	"AT5G55520"	chr5	-	22489451	22489505	22489463	22489505	22488593	22489364	242	0,1,0	13,19,7	6,1,3	31,37,9	160	149	0.000708121960559	0.00768607378023	0.0,0.047,0.0	0.153,0.025,0.237	-0.123
243	"AT2G03810"	"AT2G03810"	chr2	+	1161525	1161729	1161525	1161724	1162632	1162712	243	0,6,0	2,10,9	6,3,4	5,8,3	153	149	0.0252011727361	0.122708513977	0.0,0.369,0.0	0.539,0.268,0.565	-0.334
244	"AT3G08690"	"UBC11"	chr3	+	2641055	2641365	2641055	2641225	2641467	2641556	244	1,2,1	101,100,91	3,2,3	47,88,52	288	149	0.669804959264	1.0	0.005,0.01,0.006	0.032,0.012,0.029	-0.017
245	"AT4G38930"	"AT4G38930"	chr4	+	18150892	18151113	18150892	18151101	18151188	18151427	245	24,36,42	59,47,53	33,71,47	63,79,52	160	149	0.423405126591	1.0	0.275,0.416,0.425	0.328,0.456,0.457	-0.042
246	"AT2G05440"	"ATGRP9"	chr2	+	1993573	1993744	1993573	1993723	1993786	1994166	246	9,25,6	0,0,2	0,33,12	0,2,0	169	149	1	1.0	1.0,1.0,0.726	NA,0.936,1.0	-0.059
247	"AT2G05440"	"ATGRP9"	chr2	+	1993573	1993744	1993573	1993723	1993846	1994166	247	1,10,4	0,0,0	0,3,3	0,4,0	169	149	1	1.0	1.0,1.0,1.0	NA,0.398,1.0	0.301
248	"AT2G05440"	"ATGRP9"	chr2	+	1993573	1993765	1993573	1993723	1993846	1994166	248	0,11,6	0,0,0	4,7,3	0,4,0	190	149	1	1.0	NA,1.0,1.0	1.0,0.578,1.0	0.141
249	"AT2G05440"	"ATGRP9"	chr2	+	1993573	1993765	1993573	1993744	1993846	1994166	249	0,1,2	1,0,0	4,4,0	0,0,0	169	149	1	1.0	0.0,1.0,1.0	1.0,1.0,NA	-0.333
251	"AT5G38410"	"RBCS-3B"	chr5	-	15377895	15378045	15377910	15378045	15377172	15377740	251	4,3,6	31654,34444,30353	5,16,14	52568,101583,55228	163	149	1	1.0	0.0,0.0,0.0	0.0,0.0,0.0	0.0
252	"AT1G72330"	"ALAAT2"	chr1	+	27234898	27235042	27234898	27235003	27235097	27235208	252	1,0,0	71,56,25	0,0,0	16,23,21	187	149	1	1.0	0.011,0.0,0.0	0.0,0.0,0.0	0.004
253	"AT3G24890"	"ATVAMP728"	chr3	+	9098465	9098543	9098465	9098515	9098615	9098945	253	0,2,0	31,35,44	5,1,0	30,31,23	176	149	0.0913968618761	0.352724185463	0.0,0.046,0.0	0.124,0.027,0.0	-0.035
256	"AT3G46220"	"AT3G46220"	chr3	+	16981349	16981761	16981349	16981737	16981831	16981986	256	0,2,0	57,61,43	0,0,0	19,64,31	172	149	1	1.0	0.0,0.028,0.0	0.0,0.0,0.0	0.009
257	"AT1G47550"	"SEC3A"	chr1	+	17462053	17462227	17462053	17462224	17462308	17462388	257	44,45,30	55,63,24	9,29,25	90,159,64	151	149	1.60798384607e-08	5.23599739877e-07	0.441,0.413,0.552	0.09,0.153,0.278	0.295
260	"AT3G10970"	"AT3G10970"	chr3	-	3435375	3435480	3435378	3435480	3434920	3434975	260	273,342,254	0,0,2	205,343,202	0,1,0	151	149	1	1.0	1.0,1.0,0.992	1.0,0.997,1.0	-0.002
261	"AT4G13730"	"AT4G13730"	chr4	+	7973496	7973644	7973496	7973613	7973899	7974248	261	5,1,2	96,114,90	3,3,1	130,154,99	179	149	0.503189498501	1.0	0.042,0.007,0.018	0.019,0.016,0.008	0.008
263	"AT4G09680"	"CTC1"	chr4	+	6118501	6118572	6118501	6118564	6118673	6118751	263	7,9,8	22,20,14	3,3,4	5,26,14	156	149	0.1190515786	0.416281023158	0.233,0.301,0.353	0.364,0.099,0.214	0.07
264	"AT2G36360"	"AT2G36360"	chr2	-	15243286	15243517	15243415	15243517	15242903	15243208	264	2,6,9	67,121,119	7,13,2	132,191,119	277	149	0.847452758829	1.0	0.016,0.026,0.039	0.028,0.035,0.009	0.003
265	"AT2G36360"	"AT2G36360"	chr2	-	15246849	15246886	15246857	15246886	15246646	15246743	265	0,0,0	22,49,25	0,2,0	16,16,15	156	149	1	1.0	0.0,0.0,0.0	0.0,0.107,0.0	-0.036
266	"AT3G61160"	"ASK2"	chr3	+	22636377	22636536	22636377	22636515	22636628	22636721	266	7,0,5	7,15,13	8,5,3	9,8,4	169	149	0.101363180304	0.374540545662	0.469,0.0,0.253	0.439,0.355,0.398	-0.157
267	"AT3G57570"	"AT3G57570"	chr3	+	21313361	21313466	21313361	21313443	21313576	21313859	267	0,0,0	21,12,9	0,2,0	12,22,3	171	149	1	1.0	0.0,0.0,0.0	0.0,0.073,0.0	-0.024
268	"AT5G50870"	"UBC27"	chr5	-	20699969	20700162	20700002	20700162	20699826	20699910	268	1,0,0	308,318,300	0,0,0	357,453,240	181	149	1	1.0	0.003,0.0,0.0	0.0,0.0,0.0	0.001
269	"AT5G13950"	"AT5G13950"	chr5	-	4499125	4499254	4499170	4499254	4498768	4498918	269	0,1,2	53,57,29	0,2,0	16,36,27	193	149	1	1.0	0.0,0.013,0.051	0.0,0.041,0.0	0.008
273	"AT4G17486"	"AT4G17486"	chr4	-	9750394	9750682	9750398	9750682	9750227	9750308	273	99,115,128	9,3,2	146,235,120	5,1,2	152	149	0.0293295258554	0.138915299733	0.915,0.974,0.984	0.966,0.996,0.983	-0.024
276	"AT4G23010"	"UTR2"	chr4	-	12061334	12061600	12061357	12061600	12061158	12061260	276	0,0,0	67,101,79	2,0,0	102,158,69	171	149	1	1.0	0.0,0.0,0.0	0.017,0.0,0.0	-0.006
277	"AT2G40570"	"AT2G40570"	chr2	+	16942737	16942850	16942737	16942846	16942922	16942982	277	4,0,2	58,64,54	0,0,0	45,56,32	152	149	0.585442362116	1.0	0.063,0.0,0.035	0.0,0.0,0.0	0.033
278	"AT2G40570"	"AT2G40570"	chr2	+	16942737	16942850	16942737	16942846	16942928	16942982	278	2,0,2	0,0,0	0,0,0	1,0,0	152	149	1	1.0	1.0,NA,1.0	0.0,NA,NA	1.0
279	"AT4G31530"	"AT4G31530"	chr4	+	15283722	15283874	15283722	15283832	15283998	15284216	279	6,6,4	456,533,481	15,7,2	653,813,373	190	149	0.856360913706	1.0	0.01,0.009,0.006	0.018,0.007,0.004	-0.001
281	"AT1G55320"	"AAE18"	chr1	+	20633940	20634195	20633940	20634191	20634282	20634484	281	1,7,1	32,48,24	2,2,3	21,38,11	152	149	0.907513562889	1.0	0.03,0.125,0.039	0.085,0.049,0.211	-0.05
282	"AT3G18140"	"AT3G18140"	chr3	-	6213068	6213311	6213228	6213311	6212929	6212989	282	351,525,497	2,1,9	576,808,415	1,0,0	298	149	0.522339089422	1.0	0.989,0.996,0.965	0.997,1.0,1.0	-0.016
283	"AT5G09600"	"SDH3-1"	chr5	+	2979766	2979847	2979766	2979843	2979932	2980005	283	0,3,0	91,91,49	3,10,0	46,112,61	152	149	0.00254865034131	0.0201188913306	0.0,0.031,0.0	0.06,0.08,0.0	-0.036
286	"AT2G22980"	"SCPL13"	chr2	+	9779450	9779533	9779450	9779527	9779606	9779729	286	36,17,30	396,270,276	6,14,3	133,300,138	154	149	0.000482095249212	0.0054602527139	0.081,0.057,0.095	0.042,0.043,0.021	0.042
288	"AT5G15540"	"EMB2773"	chr5	-	5056536	5056646	5056550	5056646	5055961	5056209	288	18,35,11	1,2,0	6,7,5	0,0,0	162	149	0.272740873883	0.793843549123	0.943,0.942,1.0	1.0,1.0,1.0	-0.038
289	"AT4G38560"	"AT4G38560"	chr4	+	18029855	18030308	18029855	18030302	18030468	18031333	289	0,0,0	0,0,4	0,2,0	0,3,0	154	149	1	1.0	NA,NA,0.0	NA,0.392,NA	-0.392
290	"AT5G57870"	"EIF(ISO)4G1"	chr5	+	23440763	23440871	23440763	23440859	23440961	23441171	290	181,207,106	2,4,1	128,214,94	0,3,2	160	149	0.751741060732	1.0	0.988,0.98,0.99	1.0,0.985,0.978	-0.002
295	"AT5G43930"	"AT5G43930"	chr5	+	17677787	17677876	17677787	17677872	17678107	17678216	295	7,13,8	1,7,1	10,13,6	2,8,7	152	149	0.184653059977	0.569255883124	0.873,0.645,0.887	0.831,0.614,0.457	0.168
296	"AT5G43930"	"AT5G43930"	chr5	+	17680508	17680608	17680508	17680583	17680690	17681082	296	41,47,29	92,95,105	25,37,10	57,73,33	173	149	0.733210020792	1.0	0.277,0.299,0.192	0.274,0.304,0.207	-0.006
297	"AT1G80245"	"AT1G80245"	chr1	+	30174177	30174349	30174177	30174289	30174545	30174627	297	2,2,0	0,0,3	0,0,1	0,2,0	208	149	1	1.0	1.0,1.0,0.0	NA,0.0,1.0	0.167
298	"AT2G16940"	"AT2G16940"	chr2	-	7345529	7345613	7345556	7345613	7345399	7345455	298	3,0,1	313,384,267	0,2,0	221,403,153	175	149	1	1.0	0.008,0.0,0.003	0.0,0.004,0.0	0.002
300	"AT1G75880"	"EXL1"	chr1	+	28491170	28491304	28491170	28491301	28491390	28491624	300	0,0,3	18,24,18	0,0,0	6,17,6	151	149	0.806915409869	1.0	0.0,0.0,0.141	0.0,0.0,0.0	0.047
301	"AT3G45050"	"AT3G45050"	chr3	+	16477019	16477165	16477019	16477128	16477299	16477524	301	27,59,57	95,110,120	28,66,45	205,230,121	185	149	0.0048127556631	0.0317398189934	0.186,0.302,0.277	0.099,0.188,0.23	0.083
302	"AT3G02090"	"MPPBETA"	chr3	+	368219	368331	368219	368327	368439	368911	302	5,9,9	976,1330,1239	9,14,6	1436,1972,1103	152	149	1	1.0	0.005,0.007,0.007	0.006,0.007,0.005	0.0
304	"AT3G05160"	"AT3G05160"	chr3	-	1456533	1457150	1456883	1457150	1456017	1456107	304	136,134,75	8,6,1	30,72,46	2,11,2	298	149	0.0600446517529	0.254335476124	0.895,0.918,0.974	0.882,0.766,0.92	0.073
308	"AT3G52560"	"UEV1D"	chr3	-	19495265	19495408	19495268	19495408	19494902	19495028	308	34,32,40	281,294,261	45,130,72	254,432,190	151	149	1.85976353972e-06	3.02792751311e-05	0.107,0.097,0.131	0.149,0.229,0.272	-0.105
309	"AT3G52560"	"UEV1D"	chr3	-	19495897	19496084	19495920	19496084	19495265	19495408	309	19,13,13	301,335,272	0,8,2	257,366,222	171	149	2.51902831316e-06	3.97701136714e-05	0.052,0.033,0.04	0.0,0.019,0.008	0.033
312	"AT5G12920"	"AT5G12920"	chr5	-	4079398	4079527	4079437	4079527	4079244	4079310	312	0,0,0	3,14,9	0,0,1	21,22,2	187	149	1	1.0	0.0,0.0,0.0	0.0,0.0,0.285	-0.095
313	"AT5G12920"	"AT5G12920"	chr5	-	4081274	4081404	4081370	4081404	4081104	4081192	313	0,0,0	1,9,4	1,0,1	4,3,0	244	149	1	1.0	0.0,0.0,0.0	0.132,0.0,1.0	-0.377
314	"AT4G19880"	"AT4G19880"	chr4	-	10784998	10785131	10785002	10785131	10784390	10784924	314	4,4,7	267,319,196	3,3,6	304,380,238	152	149	0.326346844261	0.919063274919	0.014,0.012,0.034	0.01,0.008,0.024	0.006
315	"AT5G19130"	"AT5G19130"	chr5	-	6418387	6418487	6418391	6418487	6417443	6418251	315	24,13,16	3,2,4	10,18,10	2,5,4	152	149	0.285915853627	0.827567554109	0.887,0.864,0.797	0.831,0.779,0.71	0.076
317	"AT3G57060"	"AT3G57060"	chr3	-	21115260	21115665	21115302	21115665	21114797	21115160	317	13,38,22	0,0,1	75,69,38	0,0,2	190	149	1	1.0	1.0,1.0,0.945	1.0,1.0,0.937	0.003
318	"AT1G33980"	"UPF3"	chr1	+	12351592	12351864	12351592	12351858	12352105	12352212	318	0,1,0	65,78,24	0,0,0	48,61,26	154	149	1	1.0	0.0,0.012,0.0	0.0,0.0,0.0	0.004
319	"AT3G53460"	"CP29A"	chr3	-	19820723	19820888	19820786	19820888	19819902	19820376	319	31,27,26	3871,4719,3095	11,22,9	2353,3193,1485	211	149	1	1.0	0.006,0.004,0.006	0.003,0.005,0.004	0.001
320	"AT2G40316"	"AT2G40316"	chr2	+	16836734	16836794	16836734	16836777	16837117	16837171	320	10,11,12	50,79,61	18,18,10	56,106,65	165	149	0.519611701199	1.0	0.153,0.112,0.151	0.225,0.133,0.122	-0.021
321	"AT2G04900"	"AT2G04900"	chr2	+	1722989	1723033	1722989	1723029	1723506	1723831	321	302,388,378	0,0,0	510,622,334	2,0,0	152	149	1	1.0	1.0,1.0,1.0	0.996,1.0,1.0	0.001
322	"AT1G26130"	"ALA12"	chr1	+	9033217	9033484	9033217	9033327	9033582	9034004	322	14,7,2	2,4,0	9,5,1	0,0,2	298	149	0.0396620536078	0.176614785724	0.778,0.467,1.0	1.0,1.0,0.2	0.015
324	"AT1G51680"	"4CL1"	chr1	-	19159209	19159319	19159216	19159319	19158751	19159120	324	22,39,34	430,543,517	37,62,29	495,881,474	155	149	0.587649353442	1.0	0.047,0.065,0.059	0.067,0.063,0.056	-0.005
326	"AT4G39260"	"RBG8"	chr4	-	18274314	18274567	18274416	18274567	18273898	18274185	326	166,198,173	97,79,54	137,152,108	64,76,37	250	149	0.816439853248	1.0	0.505,0.599,0.656	0.561,0.544,0.635	0.007
327	"AT4G30210"	"ATR2"	chr4	+	14799116	14799203	14799116	14799200	14799295	14799447	327	0,0,0	189,221,167	3,0,1	126,305,115	151	149	1	1.0	0.0,0.0,0.0	0.023,0.0,0.009	-0.011
329	"AT3G55770"	"WLIM2B"	chr3	+	20703509	20703590	20703509	20703554	20703748	20703933	329	17,10,6	408,375,275	9,16,26	222,349,180	184	149	0.000877985936065	0.00863076740924	0.033,0.021,0.017	0.032,0.036,0.105	-0.034
330	"AT4G01600"	"AT4G01600"	chr4	+	693413	693515	693413	693500	693612	693890	330	11,11,3	0,0,0	32,41,20	0,2,1	163	149	0.416852959373	1.0	1.0,1.0,1.0	1.0,0.949,0.948	0.034
331	"AT5G67030"	"ZEP"	chr5	-	26754267	26754335	26754280	26754335	26754109	26754189	331	2,2,4	5,8,5	2,4,3	4,13,7	161	149	0.777178063333	1.0	0.27,0.188,0.425	0.316,0.222,0.284	0.02
333	"AT4G02430"	"SR34B"	chr4	+	1068973	1069081	1068973	1069010	1069174	1069272	333	1,2,2	10,11,17	0,5,0	10,9,12	219	149	0.390423401116	1.0	0.064,0.11,0.074	0.0,0.274,0.0	-0.009
334	"AT3G13062"	"AT3G13062"	chr3	+	4185210	4185382	4185210	4185358	4185463	4185724	334	5,4,0	146,142,160	0,4,0	61,185,96	172	149	0.765093267118	1.0	0.029,0.024,0.0	0.0,0.018,0.0	0.012
336	"AT3G13920"	"TIF4A-1"	chr3	-	4594056	4594129	4594060	4594129	4593872	4593976	336	0,2,0	834,969,445	0,0,0	567,939,444	152	149	1	1.0	0.0,0.002,0.0	0.0,0.0,0.0	0.001
337	"AT3G52940"	"FK"	chr3	-	19631349	19631435	19631353	19631435	19631129	19631206	337	4,2,10	68,62,66	1,9,1	46,115,53	152	149	0.205996726231	0.627627452435	0.055,0.031,0.129	0.021,0.071,0.018	0.035
338	"AT1G68990"	"RPOT1"	chr1	-	25939180	25939268	25939201	25939268	25939011	25939070	338	1,4,6	42,74,23	1,2,0	27,29,13	169	149	0.0535586811427	0.234488007356	0.021,0.045,0.187	0.032,0.057,0.0	0.055
340	"AT4G00830"	"AT4G00830"	chr4	+	352015	352379	352015	352196	352781	353213	340	20,14,10	68,72,23	7,6,7	47,58,35	298	149	0.0209588608016	0.106015208521	0.128,0.089,0.179	0.069,0.049,0.091	0.062
342	"AT5G53120"	"SPMS"	chr5	+	21536108	21536312	21536108	21536231	21536550	21536655	342	2,0,1	88,79,42	0,1,0	103,168,88	229	149	1	1.0	0.015,0.0,0.015	0.0,0.004,0.0	0.009
344	"AT1G24030"	"AT1G24030"	chr1	+	8503233	8503502	8503233	8503460	8503601	8503789	344	0,0,2	0,2,6	0,6,5	0,2,7	190	149	1	1.0	NA,0.0,0.207	NA,0.702,0.359	-0.427
345	"AT1G13460"	"B'THETA"	chr1	+	4615812	4616059	4615812	4615978	4616427	4617667	345	2,1,4	20,32,18	1,9,3	21,32,19	229	149	0.17313258646	0.536917128248	0.061,0.02,0.126	0.03,0.155,0.093	-0.024
346	"AT4G21540"	"SPHK1"	chr4	+	11461293	11461364	11461293	11461341	11461547	11461811	346	30,30,31	6,31,9	70,110,54	2,5,0	171	149	1.7130636909e-09	6.87304426534e-08	0.813,0.457,0.75	0.968,0.95,1.0	-0.299
348	"AT1G72740"	"AT1G72740"	chr1	-	27381146	27381248	27381164	27381248	27380621	27380901	348	58,32,38	97,88,70	25,69,36	63,122,45	166	149	0.548820793371	1.0	0.349,0.246,0.328	0.263,0.337,0.418	-0.032
350	"AT5G16660"	"AT5G16660"	chr5	-	5466414	5466553	5466420	5466553	5466238	5466335	350	401,471,379	0,1,0	316,497,236	0,4,0	154	149	1	1.0	1.0,0.998,1.0	1.0,0.992,1.0	0.002
351	"AT2G45960"	"PIP1-2"	chr2	+	18911378	18911523	18911378	18911519	18911607	18911982	351	0,1,3	4981,5101,5008	0,2,0	5545,11026,4771	152	149	1	1.0	0.0,0.0,0.001	0.0,0.0,0.0	0.0
352	"AT3G11470"	"AT3G11470"	chr3	-	3611723	3611904	3611728	3611904	3611339	3611402	352	11,9,9	2,3,3	3,9,9	2,25,6	153	149	0.00224129890591	0.0185351861901	0.843,0.745,0.745	0.594,0.26,0.594	0.295
353	"AT3G11470"	"AT3G11470"	chr3	-	3611723	3611904	3611728	3611904	3611339	3611407	353	2,3,4	7,8,6	1,1,0	10,25,11	153	149	1	1.0	0.218,0.268,0.394	0.089,0.037,0.0	0.251
354	"AT2G29290"	"AT2G29290"	chr2	+	12586041	12586562	12586041	12586522	12586656	12586864	354	232,195,178	8,8,14	148,294,134	4,12,3	188	149	0.145533306018	0.481578297658	0.958,0.951,0.91	0.967,0.951,0.973	-0.024
355	"AT5G01390"	"AT5G01390"	chr5	-	161545	161949	161719	161949	160263	160938	355	59,40,55	2,0,0	35,65,38	0,0,0	298	149	1	1.0	0.937,1.0,1.0	1.0,1.0,1.0	-0.021
357	"AT2G46610"	"RS31A"	chr2	-	19137830	19138514	19138386	19138514	19137568	19137681	357	18,29,21	14,11,7	19,28,16	2,6,3	298	149	0.0100545807792	0.0579204917377	0.391,0.569,0.6	0.826,0.7,0.727	-0.231
359	"AT5G25560"	"AT5G25560"	chr5	+	8897870	8898361	8897870	8898022	8899425	8899670	359	12,20,9	1,1,0	4,9,8	2,1,1	298	149	1	1.0	0.857,0.909,1.0	0.5,0.818,0.8	0.216
360	"AT5G25560"	"AT5G25560"	chr5	+	8901085	8901201	8901085	8901197	8901286	8901709	360	8,2,15	0,2,0	8,15,2	0,0,1	152	149	0.786464764431	1.0	1.0,0.495,1.0	1.0,1.0,0.662	-0.056
361	"AT4G38270"	"GAUT3"	chr4	+	17939038	17939176	17939038	17939168	17939441	17939582	361	19,39,7	0,1,1	25,31,11	5,10,5	156	149	1.29139334548e-06	2.1703739774e-05	1.0,0.974,0.87	0.827,0.748,0.678	0.197
362	"AT4G38270"	"GAUT3"	chr4	+	17939038	17939176	17939038	17939168	17939445	17939582	362	5,5,3	1,6,5	7,9,2	7,10,5	156	149	0.525250611204	1.0	0.827,0.443,0.364	0.489,0.462,0.276	0.136
363	"AT2G01350"	"QPT"	chr2	-	166722	167071	166934	167071	166490	166637	363	174,229,218	0,4,0	142,316,163	0,1,0	298	149	1	1.0	1.0,0.966,1.0	1.0,0.994,1.0	-0.009
365	"AT5G19140"	"ATAILP1"	chr5	+	6425342	6425463	6425342	6425427	6425551	6425661	365	1384,1842,1765	0,0,0	1535,2132,1216	2,0,1	184	149	1	1.0	1.0,1.0,1.0	0.998,1.0,0.999	0.001
366	"AT4G14160"	"AT4G14160"	chr4	+	8170469	8170554	8170469	8170551	8171298	8171376	366	4,3,0	146,175,127	0,1,0	170,232,107	151	149	0.68973957945	1.0	0.026,0.017,0.0	0.0,0.004,0.0	0.013
367	"AT5G01470"	"AT5G01470"	chr5	+	192128	192227	192128	192215	192301	192517	367	0,1,0	11,5,15	4,6,3	5,17,7	160	149	3.19964207807e-06	4.76289577907e-05	0.0,0.157,0.0	0.427,0.247,0.285	-0.267
368	"AT1G49720"	"ABF1"	chr1	+	18402098	18402153	18402098	18402128	18402276	18402628	368	0,0,0	104,144,144	1,0,0	201,190,112	173	149	1	1.0	0.0,0.0,0.0	0.004,0.0,0.0	-0.001
372	"AT2G23930"	"SNRNP-G"	chr2	+	10182250	10182387	10182250	10182365	10182491	10182514	372	530,748,586	3,9,5	763,862,487	21,4,10	170	149	0.0389363864542	0.17487808054	0.994,0.986,0.99	0.97,0.995,0.977	0.009
373	"AT2G04845"	"AT2G04845"	chr2	-	1702662	1702824	1702691	1702824	1702557	1702596	373	43,42,43	12,18,18	8,15,4	46,62,66	177	149	0	0.0	0.751,0.663,0.668	0.128,0.169,0.049	0.579
374	"AT1G02100"	"AT1G02100"	chr1	+	392020	392076	392020	392072	392261	392300	374	3,8,1	130,145,126	2,17,6	195,217,143	152	149	0.152466782979	0.493386297715	0.022,0.051,0.008	0.01,0.071,0.04	-0.013
375	"AT1G45160"	"IRE4"	chr1	-	17084039	17084342	17084213	17084342	17083545	17083912	375	162,156,167	0,1,0	187,281,171	0,0,0	298	149	1	1.0	1.0,0.987,1.0	1.0,1.0,1.0	-0.004
376	"AT1G79830"	"GC5"	chr1	-	30030362	30030482	30030422	30030482	30030203	30030287	376	8,11,6	111,222,124	0,1,0	100,217,119	208	149	2.41785609526e-05	0.000314925756408	0.049,0.034,0.034	0.0,0.003,0.0	0.038
378	"AT2G27340"	"AT2G27340"	chr2	+	11696936	11697558	11696936	11697554	11697647	11697696	378	1,0,0	82,132,93	6,2,0	62,67,54	152	149	0.0659393337726	0.274835143164	0.012,0.0,0.0	0.087,0.028,0.0	-0.034
379	"AT4G24290"	"AT4G24290"	chr4	+	12596311	12596975	12596311	12596498	12597122	12598028	379	116,135,82	0,0,0	102,161,106	0,1,0	298	149	1	1.0	1.0,1.0,1.0	1.0,0.988,1.0	0.004
380	"AT4G35770"	"STR15"	chr4	+	16945774	16945832	16945774	16945828	16945908	16946192	380	0,3,0	12,28,50	2,4,3	91,212,69	152	149	0.360570783688	0.999241373944	0.0,0.095,0.0	0.021,0.018,0.041	0.005
383	"AT5G37020"	"ARF8"	chr5	+	14633721	14633916	14633721	14633912	14633988	14634387	383	0,0,0	93,130,106	0,0,1	157,234,113	152	149	1	1.0	0.0,0.0,0.0	0.0,0.0,0.009	-0.003
387	"AT2G39730"	"RCA"	chr2	-	16571179	16571472	16571190	16571472	16570745	16571066	387	12659,11615,12370	24502,21075,22553	21494,43409,20858	20482,45497,21407	159	149	1.036948305e-13	6.47194643558e-12	0.326,0.341,0.339	0.496,0.472,0.477	-0.146
388	"AT1G32370"	"TOM2B"	chr1	+	11677832	11677925	11677832	11677923	11678023	11678447	388	1,1,3	0,0,3	4,11,3	13,22,4	150	149	0.00731784827625	0.0448541053168	1.0,1.0,0.498	0.234,0.332,0.427	0.502
389	"AT1G77890"	"AT1G77890"	chr1	+	29293206	29293278	29293206	29293272	29293400	29293478	389	38,44,57	0,1,0	8,34,10	1,3,0	154	149	0.704359721184	1.0	1.0,0.977,1.0	0.886,0.916,1.0	0.058
390	"AT5G60120"	"TOE2"	chr5	+	24209970	24210161	24209970	24210095	24210295	24210409	390	4,5,5	40,66,45	0,2,2	60,57,53	214	149	0.00211602494784	0.0180729343906	0.065,0.05,0.072	0.0,0.024,0.026	0.046
391	"AT2G47470"	"PDIL2-1"	chr2	+	19483051	19483213	19483051	19483208	19483293	19483418	391	0,0,2	555,769,579	0,1,0	666,1177,534	153	149	1	1.0	0.0,0.0,0.003	0.0,0.001,0.0	0.001
392	"AT1G79990"	"AT1G79990"	chr1	+	30091482	30091648	30091482	30091624	30091926	30092238	392	206,266,261	0,6,0	364,530,274	0,0,0	172	149	1	1.0	1.0,0.975,1.0	1.0,1.0,1.0	-0.008
393	"AT5G58140"	"PHOT2"	chr5	+	23529645	23529786	23529645	23529781	23529870	23533111	393	2358,3335,3047	28,37,39	1340,1969,882	16,31,19	153	149	0.157945386671	0.499038695524	0.988,0.989,0.987	0.988,0.984,0.978	0.005
394	"AT1G59890"	"SNL5"	chr1	+	22046138	22046241	22046138	22046226	22046501	22046719	394	13,42,6	5,2,8	15,24,5	4,15,3	163	149	0.399179328582	1.0	0.704,0.95,0.407	0.774,0.594,0.604	0.03
396	"AT5G53860"	"emb2737"	chr5	+	21865931	21866027	21865931	21865996	21866132	21866231	396	2,1,4	251,314,216	1,1,0	115,272,117	179	149	1	1.0	0.007,0.003,0.015	0.007,0.003,0.0	0.005
397	"AT3G13445"	"TBP1"	chr3	+	4381486	4381768	4381486	4381588	4381868	4382224	397	81,108,115	1,0,1	231,246,116	0,0,0	298	149	1	1.0	0.976,1.0,0.983	1.0,1.0,1.0	-0.014
398	"AT3G46130"	"MYB48"	chr3	+	16945432	16945550	16945432	16945492	16945620	16945750	398	9,1,1	0,0,0	7,4,6	0,2,0	206	149	1	1.0	1.0,1.0,1.0	1.0,0.591,1.0	0.136
399	"AT3G47160"	"AT3G47160"	chr3	-	17361811	17362118	17361813	17362118	17360994	17361145	399	122,136,119	2,0,0	50,99,39	0,0,0	150	149	1	1.0	0.984,1.0,1.0	1.0,1.0,1.0	-0.005
403	"AT2G02080"	"IDD4"	chr2	-	520976	521205	520980	521205	520263	520660	403	0,2,0	61,77,54	2,1,4	40,95,40	152	149	0.157108851879	0.499038695524	0.0,0.025,0.0	0.047,0.01,0.089	-0.04
404	"AT3G12250"	"TGA6"	chr3	+	3906243	3906525	3906243	3906416	3906620	3906692	404	2,9,1	11,11,8	0,0,0	14,19,7	257	149	5.2517681316e-06	7.60047554601e-05	0.095,0.322,0.068	0.0,0.0,0.0	0.162
405	"AT5G22000"	"RHF2A"	chr5	+	7279240	7279583	7279240	7279556	7279798	7280255	405	191,259,236	1,0,3	257,436,236	8,4,1	175	149	0.579147977807	1.0	0.994,1.0,0.985	0.965,0.989,0.995	0.01
406	"AT1G73170"	"AT1G73170"	chr1	-	27514350	27514797	27514354	27514797	27514053	27514268	406	72,71,41	69,66,47	25,58,36	44,101,38	152	149	0.034914766687	0.160978703044	0.506,0.513,0.461	0.358,0.36,0.482	0.093
407	"AT5G35360"	"CAC2"	chr5	+	13587557	13587637	13587557	13587633	13587787	13587834	407	1,3,0	385,485,376	2,10,3	628,834,422	152	149	1	1.0	0.003,0.006,0.0	0.003,0.012,0.007	-0.004
408	"AT1G70850"	"MLP34"	chr1	-	26715928	26716400	26715932	26716400	26715182	26715706	408	0,0,0	108,82,165	0,0,1	255,643,257	152	149	1	1.0	0.0,0.0,0.0	0.0,0.0,0.004	-0.001
409	"AT5G40500"	"AT5G40500"	chr5	+	16227833	16228049	16227833	16228022	16228119	16228245	409	72,68,67	8,7,11	58,59,55	57,130,46	175	149	1.11022302463e-16	1.15685239166e-14	0.885,0.892,0.838	0.464,0.279,0.504	0.456
412	"AT2G15530"	"MBR1"	chr2	+	6773916	6773983	6773916	6773964	6774083	6775826	412	10,14,3	13,18,12	9,18,9	4,11,2	167	149	0.00241395145864	0.019651073593	0.407,0.41,0.182	0.667,0.593,0.801	-0.354
413	"AT2G15530"	"MBR1"	chr2	+	6773916	6773992	6773916	6773964	6774083	6775826	413	2,0,0	13,18,12	0,2,1	4,11,2	176	149	0.756564939138	1.0	0.115,0.0,0.0	0.0,0.133,0.297	-0.105
414	"AT2G15530"	"MBR1"	chr2	+	6773916	6773992	6773916	6773983	6774083	6775826	414	0,0,0	8,14,3	0,0,1	9,16,9	157	149	1	1.0	0.0,0.0,0.0	0.0,0.0,0.095	-0.032
415	"AT1G22840"	"CYTC-1"	chr1	+	8079974	8080112	8079974	8080108	8080187	8080574	415	0,0,0	918,917,940	3,0,0	1259,1449,782	152	149	1	1.0	0.0,0.0,0.0	0.002,0.0,0.0	-0.001
416	"AT1G23860"	"RSZ21"	chr1	-	8428604	8428818	8428616	8428818	8428234	8428399	416	75,161,100	0,0,2	145,164,99	0,0,0	160	149	1	1.0	1.0,1.0,0.979	1.0,1.0,1.0	-0.007
417	"AT2G30480"	"AT2G30480"	chr2	-	12988669	12989016	12988673	12989016	12988523	12988582	417	10,9,4	26,28,16	14,10,7	23,33,9	152	149	0.232271512381	0.691505474003	0.274,0.24,0.197	0.374,0.229,0.433	-0.108
418	"AT3G14110"	"FLU"	chr3	-	4677129	4677308	4677132	4677308	4676835	4677001	418	2,2,0	413,436,282	0,0,0	334,469,245	151	149	1	1.0	0.005,0.005,0.0	0.0,0.0,0.0	0.003
422	"AT3G14120"	"NUP107"	chr3	+	4684417	4684631	4684417	4684559	4684716	4684877	422	1,0,1	77,53,57	0,0,0	58,93,50	220	149	1	1.0	0.009,0.0,0.012	0.0,0.0,0.0	0.007
423	"AT5G67380"	"CKA1"	chr5	-	26882659	26882789	26882758	26882789	26882393	26882588	423	167,177,106	0,1,0	98,265,137	2,0,0	247	149	1	1.0	1.0,0.991,1.0	0.967,1.0,1.0	0.008
424	"AT1G32870"	"NAC13"	chr1	+	11912155	11913163	11912155	11913145	11913282	11913947	424	58,46,26	1,0,0	36,53,34	0,0,0	166	149	1	1.0	0.981,1.0,1.0	1.0,1.0,1.0	-0.006
425	"AT3G45310"	"AT3G45310"	chr3	-	16628870	16629006	16628873	16629006	16628383	16628741	425	160,302,289	8,5,3	252,445,192	3,4,6	151	149	0.325951106399	0.919063274919	0.952,0.983,0.99	0.988,0.991,0.969	-0.008
427	"AT2G20950"	"AT2G20950"	chr2	+	9003898	9004021	9003898	9003970	9004105	9004228	427	47,94,60	7,7,9	41,77,26	0,0,0	199	149	4.72661941808e-08	1.29608879833e-06	0.834,0.91,0.833	1.0,1.0,1.0	-0.141
431	"AT2G04790"	"AT2G04790"	chr2	+	1679804	1679909	1679804	1679886	1680014	1680176	431	48,54,67	177,119,173	93,153,66	159,251,102	171	149	0.00032362650037	0.00383203197029	0.191,0.283,0.252	0.338,0.347,0.361	-0.107
437	"AT1G68010"	"HPR"	chr1	+	25494761	25494839	25494761	25494836	25494907	25495015	437	4,8,0	3152,3710,2958	9,13,8	2580,6079,2869	151	149	1	1.0	0.001,0.002,0.0	0.003,0.002,0.003	-0.002
438	"AT1G70830"	"MLP28"	chr1	-	26710772	26711053	26710817	26711053	26710004	26710283	438	39,37,33	2,0,0	34,66,38	0,0,0	193	149	1	1.0	0.938,1.0,1.0	1.0,1.0,1.0	-0.021
440	"AT3G14415"	"GLO2"	chr3	+	4818297	4818576	4818297	4818536	4818650	4818803	440	0,0,0	1336,1229,857	0,1,0	732,1482,671	188	149	1	1.0	0.0,0.0,0.0	0.0,0.001,0.0	-0.0
441	"AT3G14415"	"GLO2"	chr3	+	4819687	4819772	4819687	4819754	4819884	4819947	441	60,73,46	2414,2668,1876	16,45,25	1694,3908,2102	166	149	5.03001280627e-08	1.31031833603e-06	0.022,0.024,0.022	0.008,0.01,0.011	0.013
443	"AT2G41700"	"ABCA1"	chr2	-	17384159	17384252	17384177	17384252	17383785	17384089	443	0,2,1	92,123,109	1,2,0	63,121,45	166	149	1	1.0	0.0,0.014,0.008	0.014,0.015,0.0	-0.002
445	"AT3G50500"	"SRK2D"	chr3	-	18742882	18742996	18742903	18742996	18742601	18742694	445	0,2,0	410,511,337	0,3,0	284,381,169	169	149	1	1.0	0.0,0.003,0.0	0.0,0.007,0.0	-0.001
447	"AT3G33530"	"AT3G33530"	chr3	+	14090018	14090279	14090018	14090201	14090391	14090552	447	0,2,0	109,168,81	0,2,0	39,98,35	226	149	1	1.0	0.0,0.008,0.0	0.0,0.013,0.0	-0.002
452	"AT2G21940"	"SK1"	chr2	+	9351068	9351328	9351068	9351325	9351414	9351464	452	0,1,0	37,66,42	0,0,1	34,51,36	151	149	1	1.0	0.0,0.015,0.0	0.0,0.0,0.027	-0.004
454	"AT1G70620"	"AT1G70620"	chr1	+	26627195	26627540	26627195	26627512	26627841	26628053	454	18,18,11	1,0,0	10,16,20	1,4,2	176	149	0.00153252928487	0.0140078553933	0.938,1.0,1.0	0.894,0.772,0.894	0.126
455	"AT4G39850"	"ABCC1"	chr4	+	18494630	18494748	18494630	18494703	18494904	18495085	455	2,1,5	45,71,34	0,2,0	34,64,38	193	149	0.0643656963194	0.270439740181	0.033,0.011,0.102	0.0,0.024,0.0	0.041
456	"AT3G17440"	"NPSN13"	chr3	-	5970246	5970343	5970250	5970343	5970091	5970166	456	5,1,0	113,158,112	0,1,3	144,210,114	152	149	0.794898246431	1.0	0.042,0.006,0.0	0.0,0.005,0.025	0.006
457	"AT1G16710"	"HAC12"	chr1	+	5715375	5715651	5715375	5715637	5715723	5716316	457	0,2,2	18,17,10	0,0,0	10,8,6	162	149	0.541678944772	1.0	0.0,0.098,0.155	0.0,0.0,0.0	0.084
460	"AT4G12440"	"APT4"	chr4	+	7378614	7378884	7378614	7378764	7379857	7379916	460	1,0,0	2,2,2	0,1,0	6,7,3	268	149	1	1.0	0.218,0.0,0.0	0.0,0.074,0.0	0.048
462	"AT1G14270"	"AT1G14270"	chr1	-	4876360	4876767	4876669	4876767	4876111	4876194	462	341,355,290	2,0,1	280,448,198	0,0,0	298	149	1	1.0	0.988,1.0,0.993	1.0,1.0,1.0	-0.006
464	"AT3G14230"	"RAP2-2"	chr3	-	4738699	4739136	4738711	4739136	4737574	4738451	464	3,0,0	18,25,11	0,0,0	22,20,4	160	149	0.828263697154	1.0	0.134,0.0,0.0	0.0,0.0,0.0	0.045
465	"AT3G10920"	"MSD1"	chr3	+	3418914	3419040	3418914	3419037	3419151	3419208	465	942,1241,1059	0,0,0	1179,1676,867	0,1,0	151	149	1	1.0	1.0,1.0,1.0	1.0,0.999,1.0	0.0
466	"AT1G67590"	"AT1G67590"	chr1	-	25333550	25333639	25333557	25333639	25333057	25333352	466	1,0,1	0,0,1	0,1,1	0,0,0	155	149	1	1.0	1.0,NA,0.49	NA,1.0,1.0	-0.255
467	"AT5G43810"	"AGO10"	chr5	+	17610971	17611361	17610971	17611005	17611844	17612421	467	5,11,3	8,17,6	1,3,0	7,11,3	298	149	0.00413314325199	0.0283337846617	0.238,0.244,0.2	0.067,0.12,0.0	0.165
469	"AT2G05590"	"AT2G05590"	chr2	+	2068558	2068651	2068558	2068646	2068737	2068822	469	8,18,27	47,63,78	12,11,11	96,112,56	153	149	0.00264210646365	0.0203122987438	0.142,0.218,0.252	0.109,0.087,0.161	0.085
471	"AT3G15980"	"AT3G15980"	chr3	-	5411964	5412194	5412046	5412194	5411666	5411718	471	89,96,84	2,10,4	182,278,124	15,21,17	230	149	0.0769703396523	0.303799598173	0.966,0.861,0.932	0.887,0.896,0.825	0.05
472	"AT3G15980"	"AT3G15980"	chr3	-	5411964	5412194	5412061	5412194	5411666	5411718	472	105,116,103	0,0,0	208,304,134	1,2,4	245	149	0.615151951762	1.0	1.0,1.0,1.0	0.992,0.989,0.953	0.022
473	"AT3G15980"	"AT3G15980"	chr3	-	5412046	5412194	5412061	5412194	5411666	5411718	473	18,30,23	0,0,0	41,47,27	1,2,4	163	149	0.0257997721245	0.123318176852	1.0,1.0,1.0	0.974,0.956,0.861	0.07
474	"AT2G32320"	"THG2"	chr2	+	13729098	13729242	13729098	13729206	13729566	13729823	474	0,8,3	37,41,33	2,2,1	19,41,39	184	149	0.141647764581	0.476119260301	0.0,0.136,0.069	0.079,0.038,0.02	0.023
475	"AT1G29850"	"AT1G29850"	chr1	+	10449408	10449485	10449408	10449480	10449597	10449946	475	0,0,0	274,357,324	0,7,2	435,572,308	153	149	1	1.0	0.0,0.0,0.0	0.0,0.012,0.006	-0.006
476	"AT5G50740"	"AT5G50740"	chr5	-	20637956	20637996	20637961	20637996	20637690	20637859	476	3,8,2	23,36,17	4,1,2	28,62,24	153	149	0.0251402348265	0.122708513977	0.113,0.178,0.103	0.122,0.015,0.075	0.061
480	"AT5G60360"	"ALEU"	chr5	+	24281883	24282019	24281883	24282016	24282114	24282397	480	1436,1771,1929	0,0,0	2044,3429,1730	0,1,0	151	149	1	1.0	1.0,1.0,1.0	1.0,1.0,1.0	0.0
481	"AT5G10940"	"AT5G10940"	chr5	-	3452075	3452190	3452084	3452190	3451435	3451575	481	4,6,4	111,152,114	4,17,5	32,52,28	157	149	5.55142332881e-07	1.07121909419e-05	0.033,0.036,0.032	0.106,0.237,0.145	-0.129
483	"AT2G18890"	"AT2G18890"	chr2	+	8185150	8185286	8185150	8185242	8185641	8185791	483	42,39,41	1,0,1	34,69,35	2,2,3	192	149	1	1.0	0.97,1.0,0.97	0.93,0.964,0.901	0.048
484	"AT1G66970"	"GDPDL1"	chr1	-	24995800	24996117	24995866	24996117	24995314	24995608	484	0,2,0	170,373,170	0,0,0	121,372,140	214	149	1	1.0	0.0,0.004,0.0	0.0,0.0,0.0	0.001
485	"AT3G20440"	"SBE3"	chr3	-	7125029	7125143	7125035	7125143	7124610	7124691	485	3,1,0	77,102,70	1,0,1	28,38,14	154	149	1	1.0	0.036,0.009,0.0	0.033,0.0,0.065	-0.018
488	"AT3G02600"	"LPP3"	chr3	+	551604	551847	551604	551718	552436	552529	488	13,27,31	0,0,2	11,12,13	1,0,0	277	149	1	1.0	1.0,1.0,0.893	0.855,1.0,1.0	0.013
489	"AT3G02600"	"LPP3"	chr3	+	551604	551847	551604	551718	552930	553152	489	12,18,15	2,2,5	3,6,9	0,0,0	277	149	3.15756771951e-06	4.76289577907e-05	0.763,0.829,0.617	1.0,1.0,1.0	-0.264
491	"AT1G67700"	"HHL1"	chr1	+	25375194	25375281	25375194	25375278	25375405	25375453	491	1389,1755,1670	14,21,18	1403,2434,1227	6,4,8	151	149	0.859694449619	1.0	0.99,0.988,0.989	0.996,0.998,0.993	-0.007
495	"AT1G80380"	"GLYK"	chr1	+	30217218	30217632	30217218	30217575	30217862	30218248	495	1,5,6	492,450,356	3,10,4	264,650,292	205	149	1	1.0	0.001,0.008,0.012	0.008,0.011,0.01	-0.003
496	"AT1G80380"	"GLYK"	chr1	+	30217862	30218248	30217862	30218233	30218337	30218417	496	661,639,478	0,0,0	386,1047,535	0,1,0	163	149	1	1.0	1.0,1.0,1.0	1.0,0.999,1.0	0.0
501	"AT1G17720"	"PP2AB2"	chr1	-	6096212	6096389	6096215	6096389	6095831	6095923	501	40,61,52	54,64,58	34,57,30	37,124,42	151	149	0.143836606208	0.480377383554	0.422,0.485,0.469	0.476,0.312,0.413	0.058
505	"AT5G48690"	"AT5G48690"	chr5	-	19748423	19748510	19748427	19748510	19748280	19748341	505	2,4,6	0,0,0	0,4,2	0,3,0	152	149	1	1.0	1.0,1.0,1.0	NA,0.567,1.0	0.217
507	"AT5G63090"	"LOB"	chr5	-	25310674	25310973	25310678	25310973	25308571	25309302	507	5,3,3	5,5,3	2,0,0	2,10,0	152	149	1	1.0	0.495,0.37,0.495	0.495,0.0,NA	0.206
509	"AT1G54920"	"AT1G54920"	chr1	+	20473790	20473982	20473790	20473952	20474050	20474267	509	1,1,1	73,98,70	1,1,0	79,124,67	178	149	1	1.0	0.011,0.008,0.012	0.01,0.007,0.0	0.005
510	"AT5G55180"	"AT5G55180"	chr5	+	22388984	22390269	22388984	22390265	22390515	22390714	510	0,0,2	120,141,140	0,0,0	253,301,144	152	149	1	1.0	0.0,0.0,0.014	0.0,0.0,0.0	0.005
512	"AT3G61010"	"AT3G61010"	chr3	-	22573609	22573718	22573636	22573718	22573405	22573458	512	50,46,30	4,0,2	24,60,33	0,0,0	175	149	0.148597556626	0.486914006303	0.914,1.0,0.927	1.0,1.0,1.0	-0.053
513	"AT3G61010"	"AT3G61010"	chr3	-	22573609	22573718	22573636	22573718	22573477	22573528	513	43,42,23	12,27,22	41,109,37	28,46,30	175	149	0.87976241296	1.0	0.753,0.57,0.471	0.555,0.669,0.512	0.019
514	"AT5G14740"	"BCA2"	chr5	+	4759095	4759218	4759095	4759213	4760524	4760588	514	4,4,1	3964,3751,2914	2,16,8	2190,5183,2442	153	149	1	1.0	0.001,0.001,0.0	0.001,0.003,0.003	-0.002
515	"AT5G14740"	"BCA2"	chr5	+	4761960	4762070	4761960	4762066	4762217	4762615	515	232,206,202	9627,9699,9190	157,386,173	8104,15903,7857	152	149	0.886452635768	1.0	0.023,0.02,0.021	0.019,0.023,0.021	0.0
516	"AT5G14740"	"BCA2"	chr5	+	4761960	4762070	4761960	4762066	4762224	4762615	516	232,205,202	6,0,5	157,386,171	4,15,2	152	149	0.115896719279	0.413576648934	0.974,1.0,0.975	0.975,0.962,0.988	0.008
517	"AT1G52400"	"BGLU18"	chr1	+	19517530	19517646	19517530	19517642	19517725	19518160	517	0,0,0	2381,4402,4467	3,0,0	2876,4220,2353	152	149	1	1.0	0.0,0.0,0.0	0.001,0.0,0.0	-0.0
518	"AT1G52400"	"BGLU18"	chr1	+	19517530	19517646	19517530	19517642	19517729	19518211	518	0,0,0	0,8,0	1,0,0	0,0,2	152	149	1	1.0	NA,0.0,NA	1.0,NA,0.0	-0.5
519	"AT1G18390"	"AT1G18390"	chr1	+	6328428	6328473	6328428	6328463	6328681	6329319	519	20,13,9	0,0,0	3,19,9	0,0,2	158	149	1	1.0	1.0,1.0,1.0	1.0,1.0,0.809	0.064
520	"AT2G21470"	"SAE2"	chr2	+	9200216	9200684	9200216	9200675	9200766	9200996	520	0,0,0	45,61,47	1,0,0	34,76,25	157	149	1	1.0	0.0,0.0,0.0	0.027,0.0,0.0	-0.009
522	"AT5G57565"	"AT5G57565"	chr5	+	23311213	23311285	23311213	23311241	23311383	23311564	522	43,29,39	7,8,16	62,75,36	0,6,4	192	149	1.92924886461e-05	0.000257727861144	0.827,0.738,0.654	1.0,0.907,0.875	-0.188
524	"AT3G52300"	"ATPQ"	chr3	+	19397651	19397720	19397651	19397716	19397819	19397906	524	0,0,1	1064,1281,1164	1,0,0	1363,2032,1100	152	149	1	1.0	0.0,0.0,0.001	0.001,0.0,0.0	0.0
525	"AT1G44835"	"AT1G44835"	chr1	+	16941901	16942032	16941901	16942029	16942105	16942180	525	2,0,1	91,145,106	0,1,0	92,189,91	151	149	1	1.0	0.021,0.0,0.009	0.0,0.005,0.0	0.008
526	"AT2G46790"	"APRR9"	chr2	+	19233160	19233330	19233160	19233322	19233419	19233550	526	101,46,60	39,10,29	9,11,6	10,12,5	156	149	0.00223292948895	0.0185351861901	0.712,0.815,0.664	0.462,0.467,0.534	0.243
527	"AT4G10430"	"AT4G10430"	chr4	-	6457793	6458089	6457798	6458089	6457641	6457720	527	0,0,0	90,104,104	1,0,0	65,172,74	153	149	1	1.0	0.0,0.0,0.0	0.015,0.0,0.0	-0.005
528	"AT3G30350"	"RGF4"	chr3	-	11961264	11961390	11961284	11961390	11960849	11960896	528	0,0,0	1,1,1	1,2,2	2,8,3	168	149	0.00814270320369	0.0490737470007	0.0,0.0,0.0	0.307,0.181,0.372	-0.287
529	"AT1G47570"	"AT1G47570"	chr1	+	17478654	17479011	17478654	17478991	17479130	17479281	529	2,0,1	32,63,20	1,2,0	31,40,14	168	149	1	1.0	0.053,0.0,0.042	0.028,0.042,0.0	0.008
530	"AT3G46210"	"AT3G46210"	chr3	-	16978583	16978892	16978781	16978892	16978383	16978502	530	24,22,20	3,11,6	2,13,8	8,2,2	298	149	0.392337699321	1.0	0.8,0.5,0.625	0.111,0.765,0.667	0.127
531	"AT3G46210"	"AT3G46210"	chr3	-	16978583	16978892	16978851	16978892	16978383	16978502	531	7,4,3	2,0,0	0,4,2	0,0,0	298	149	1	1.0	0.636,1.0,1.0	NA,1.0,1.0	-0.121
532	"AT3G46210"	"AT3G46210"	chr3	-	16978781	16978892	16978851	16978892	16978383	16978502	532	3,11,6	2,0,0	8,2,2	0,0,0	218	149	0.794925120825	1.0	0.506,1.0,1.0	1.0,1.0,1.0	-0.165
534	"AT5G41140"	"AT5G41140"	chr5	+	16472006	16472138	16472006	16472117	16472221	16472292	534	161,233,272	4,26,9	125,189,109	12,26,16	169	149	0.000826637062571	0.00854058342924	0.973,0.888,0.964	0.902,0.865,0.857	0.067
537	"AT2G07360"	"AT2G07360"	chr2	-	3053587	3053714	3053593	3053714	3053375	3053513	537	1,1,0	63,83,38	0,1,0	45,81,38	154	149	1	1.0	0.015,0.012,0.0	0.0,0.012,0.0	0.005
538	"AT5G62620"	"B3GALT19"	chr5	+	25139081	25139255	25139081	25139239	25139351	25139459	538	30,55,48	0,6,2	43,60,43	0,0,0	164	149	0.0101124786318	0.0579204917377	1.0,0.893,0.956	1.0,1.0,1.0	-0.05
540	"AT1G01040"	"DCL1"	chr1	+	27371	27536	27371	27533	27617	27713	540	1,2,4	18,22,8	0,5,2	10,37,10	151	149	0.738956373559	1.0	0.052,0.082,0.33	0.0,0.118,0.165	0.06
542	"AT2G43490"	"AT2G43490"	chr2	-	18058044	18058201	18058056	18058201	18057838	18057937	542	19,20,13	10,6,8	6,32,7	0,10,5	160	149	0.382024206524	1.0	0.639,0.756,0.602	1.0,0.749,0.566	-0.106
544	"AT2G22920"	"SCPL12"	chr2	+	9756975	9757111	9756975	9757089	9757203	9757249	544	0,1,1	31,22,13	1,20,4	49,92,36	170	149	1	1.0	0.0,0.038,0.063	0.018,0.16,0.089	-0.055
546	"AT5G60600"	"ISPG"	chr5	+	24361075	24361192	24361075	24361189	24361268	24361343	546	818,779,525	2,1,0	344,849,394	0,0,0	151	149	1	1.0	0.998,0.999,1.0	1.0,1.0,1.0	-0.001
548	"AT4G31170"	"AT4G31170"	chr4	-	15155466	15155703	15155575	15155703	15155047	15155118	548	0,1,2	45,51,38	12,2,4	40,42,35	257	149	4.30655323076e-05	0.000521794007727	0.0,0.011,0.03	0.148,0.027,0.062	-0.065
550	"AT1G05230"	"HDG2"	chr1	-	1513824	1513920	1513830	1513920	1513373	1513744	550	50,75,74	7,14,15	57,92,40	13,26,12	154	149	0.102850173993	0.377358736974	0.874,0.838,0.827	0.809,0.774,0.763	0.064
552	"AT2G40935"	"PCR10"	chr2	+	17083143	17083379	17083143	17083346	17083736	17083963	552	18,33,24	0,1,0	34,31,18	0,0,2	181	149	1	1.0	1.0,0.964,1.0	1.0,1.0,0.881	0.028
553	"AT2G40935"	"PCR10"	chr2	+	17083143	17083444	17083143	17083346	17083736	17083963	553	35,36,32	0,1,0	18,56,10	0,0,2	246	149	1	1.0	1.0,0.956,1.0	1.0,1.0,0.752	0.068
554	"AT2G40935"	"PCR10"	chr2	+	17083143	17083444	17083143	17083379	17083736	17083963	554	34,27,32	17,24,24	15,53,9	31,28,17	213	149	0.139648455603	0.472857398443	0.583,0.44,0.483	0.253,0.57,0.27	0.138
555	"AT1G79700"	"AT1G79700"	chr1	-	29991803	29991880	29991833	29991880	29990335	29990825	555	31,16,27	5,0,0	26,22,14	0,1,0	178	149	0.16716043801	0.521500528163	0.838,1.0,1.0	1.0,0.948,1.0	-0.037
556	"AT1G18730"	"PNSB4"	chr1	+	6461317	6461910	6461317	6461389	6461993	6462224	556	15,15,17	1066,1420,1300	16,10,4	1568,2181,1143	298	149	1	1.0	0.007,0.005,0.006	0.005,0.002,0.002	0.003
558	"AT4G38090"	"AT4G38090"	chr4	-	17884122	17884228	17884134	17884228	17883998	17884052	558	71,43,55	7,7,18	86,125,61	12,25,5	160	149	0.528365563968	1.0	0.904,0.851,0.74	0.87,0.823,0.919	-0.039
559	"AT1G70570"	"AT1G70570"	chr1	+	26610834	26611053	26610834	26610942	26611127	26611251	559	5,8,2	227,292,236	0,1,3	114,158,60	259	149	0.931989585045	1.0	0.013,0.016,0.005	0.0,0.004,0.028	0.001
560	"AT2G33120"	"VAMP722"	chr2	-	14045123	14045543	14045147	14045543	14044529	14044671	560	1,1,0	255,301,233	0,1,2	199,361,151	172	149	1	1.0	0.003,0.003,0.0	0.0,0.002,0.011	-0.002
561	"AT1G79230"	"STR1"	chr1	+	29802115	29802244	29802115	29802240	29802347	29802510	561	17,10,12	221,253,181	5,22,9	166,394,158	152	149	0.483527045151	1.0	0.07,0.037,0.061	0.029,0.052,0.053	0.011
563	"AT3G06720"	"IMPA1"	chr3	+	2123173	2123567	2123173	2123557	2123647	2124131	563	0,0,3	275,360,338	0,3,0	378,551,296	158	149	1	1.0	0.0,0.0,0.008	0.0,0.005,0.0	0.001
569	"AT2G43500"	"NLP8"	chr2	+	18062530	18062599	18062530	18062595	18062693	18063659	569	2,2,2	6,9,0	0,0,1	1,2,2	152	149	0.00143111867114	0.0133145147797	0.246,0.179,1.0	0.0,0.0,0.329	0.365
571	"AT3G51830"	"SAC8"	chr3	+	19220687	19220820	19220687	19220815	19220917	19221009	571	2,16,2	46,67,35	0,9,10	25,66,20	153	149	0.595938208131	1.0	0.041,0.189,0.053	0.0,0.117,0.327	-0.054
573	"AT1G18030"	"AT1G18030"	chr1	+	6206124	6206218	6206124	6206214	6206319	6206367	573	0,0,0	45,56,58	2,1,1	68,105,45	152	149	1	1.0	0.0,0.0,0.0	0.028,0.009,0.021	-0.019
576	"AT3G14420"	"GLO1"	chr3	+	4823177	4823251	4823177	4823247	4823340	4823437	576	0,1,1	0,0,0	0,0,0	0,0,1	152	149	1	1.0	NA,1.0,1.0	NA,NA,0.0	1.0
577	"AT4G19040"	"EDR2"	chr4	-	10433201	10433256	10433216	10433256	10432977	10433126	577	1,0,2	60,62,68	8,16,3	63,142,74	163	149	1.04107368876e-05	0.000146594430228	0.015,0.0,0.026	0.104,0.093,0.036	-0.064
582	"AT2G04039"	"AT2G04039"	chr2	+	1334124	1334202	1334124	1334197	1334283	1334566	582	6,4,6	889,1053,1097	4,11,3	955,1871,934	153	149	1	1.0	0.007,0.004,0.005	0.004,0.006,0.003	0.001
583	"AT2G36060"	"UEV1C"	chr2	-	15143225	15143351	15143228	15143351	15142676	15143152	583	537,613,538	5,4,3	522,692,325	9,16,11	151	149	0.000836026400943	0.00854058342924	0.991,0.993,0.994	0.983,0.977,0.967	0.017
584	"AT2G36060"	"UEV1C"	chr2	-	15143474	15143617	15143477	15143617	15143225	15143351	584	26,43,32	246,271,201	73,126,61	190,273,150	151	149	1.68531855138e-13	8.78050965269e-12	0.094,0.135,0.136	0.275,0.313,0.286	-0.17
585	"AT2G37760"	"AKR4C8"	chr2	+	15833233	15833486	15833233	15833482	15833655	15833920	585	1,1,0	181,159,202	0,1,0	224,297,159	152	149	1	1.0	0.005,0.006,0.0	0.0,0.003,0.0	0.003
586	"AT1G28660"	"AT1G28660"	chr1	-	10072529	10072675	10072532	10072675	10072180	10072457	586	26,48,34	0,0,1	19,40,18	0,0,0	151	149	1	1.0	1.0,1.0,0.971	1.0,1.0,1.0	-0.01
590	"AT4G16695"	"AT4G16695"	chr4	+	9394420	9394573	9394420	9394569	9395060	9395142	590	0,3,4	7,7,14	16,12,8	19,12,14	152	149	0.00604159430163	0.0374722694184	0.0,0.296,0.219	0.452,0.495,0.359	-0.264
591	"AT1G21560"	"AT1G21560"	chr1	+	7554783	7555007	7554783	7554975	7555182	7556032	591	4,19,17	27,47,36	12,22,10	24,32,14	180	149	0.0565911818359	0.245700047804	0.109,0.251,0.281	0.293,0.363,0.372	-0.129
592	"AT2G39800"	"P5CSA"	chr2	-	16599875	16599972	16599884	16599972	16599686	16599790	592	886,908,746	2,1,2	517,1184,605	0,0,0	157	149	1	1.0	0.998,0.999,0.997	1.0,1.0,1.0	-0.002
593	"AT5G59480"	"AT5G59480"	chr5	-	23980392	23980480	23980395	23980480	23980020	23980299	593	83,93,64	0,0,0	95,224,110	0,1,0	151	149	1	1.0	1.0,1.0,1.0	1.0,0.995,1.0	0.002
594	"AT2G05520"	"GRP3"	chr2	+	2026523	2026628	2026523	2026610	2026649	2027117	594	2212,2012,2168	12,16,11	1327,2640,1006	0,0,0	166	149	1	1.0	0.994,0.991,0.994	1.0,1.0,1.0	-0.007
595	"AT2G05520"	"GRP3"	chr2	+	2026523	2026628	2026523	2026610	2026670	2027117	595	1272,1449,1637	11,16,13	970,1954,737	11,49,7	166	149	0.00247046770559	0.0198017488402	0.99,0.988,0.991	0.988,0.973,0.99	0.006
596	"AT2G05520"	"GRP3"	chr2	+	2026523	2026628	2026523	2026610	2026712	2027117	596	1272,1443,1632	2,0,0	964,1943,736	0,2,0	166	149	1	1.0	0.998,1.0,1.0	1.0,0.999,1.0	-0.0
597	"AT2G05520"	"GRP3"	chr2	+	2026523	2026649	2026523	2026610	2026712	2027117	597	1342,1498,1710	2,0,0	1035,2013,760	0,2,0	187	149	1	1.0	0.998,1.0,1.0	1.0,0.999,1.0	-0.0
598	"AT2G05520"	"GRP3"	chr2	+	2026523	2026649	2026523	2026628	2026712	2027117	598	70,55,81	0,0,3	71,70,24	0,0,0	169	149	1	1.0	1.0,1.0,0.96	1.0,1.0,1.0	-0.013
599	"AT2G05520"	"GRP3"	chr2	+	2026523	2026649	2026523	2026610	2026733	2027117	599	1317,1562,1681	0,0,1	1061,2087,798	0,0,0	187	149	1	1.0	1.0,1.0,0.999	1.0,1.0,1.0	-0.0
602	"AT3G51880"	"HMGB1"	chr3	-	19247435	19247525	19247456	19247525	19246990	19247333	602	25,22,25	437,438,474	40,59,29	497,596,331	169	149	0.00205025980504	0.0178030893071	0.048,0.042,0.044	0.066,0.08,0.072	-0.028
605	"AT3G60250"	"CKB3"	chr3	-	22270992	22271158	22270995	22271158	22270336	22270844	605	49,65,73	52,76,55	59,106,46	129,125,97	151	149	0.00471748557985	0.0317244391489	0.482,0.458,0.567	0.311,0.456,0.319	0.14
609	"AT5G61150"	"VIP4"	chr5	-	24604074	24604326	24604080	24604326	24603655	24603983	609	207,196,215	10,5,0	170,240,134	22,28,16	154	149	6.7656236169e-10	3.20444536764e-08	0.952,0.974,1.0	0.882,0.892,0.89	0.087
610	"AT3G47010"	"AT3G47010"	chr3	-	17317588	17317776	17317593	17317776	17317316	17317518	610	0,0,0	18,50,31	0,2,0	14,26,18	153	149	1	1.0	0.0,0.0,0.0	0.0,0.07,0.0	-0.023
611	"AT2G41150"	"AT2G41150"	chr2	+	17154892	17155026	17154892	17154995	17155097	17155327	611	4,0,0	5,4,6	3,3,0	11,25,23	179	149	0.759726776515	1.0	0.4,0.0,0.0	0.185,0.091,0.0	0.041
612	"AT5G46110"	"TPT"	chr5	+	18697234	18697890	18697234	18697883	18697957	18698023	612	83,89,68	1367,1752,1050	50,165,80	1117,3199,1490	155	149	0.269812453295	0.793843549123	0.055,0.047,0.059	0.041,0.047,0.049	0.008
614	"AT5G46110"	"TPT"	chr5	+	18699958	18700063	18699958	18700059	18700194	18700656	614	6,6,8	3068,3373,3665	1,13,6	5917,10542,5294	152	149	1	1.0	0.002,0.002,0.002	0.0,0.001,0.001	0.001
617	"AT2G17510"	"EMB2763"	chr2	-	7612961	7613066	7612997	7613066	7612561	7612687	617	1,0,0	51,79,58	0,0,0	23,81,25	184	149	1	1.0	0.016,0.0,0.0	0.0,0.0,0.0	0.005
619	"AT2G46420"	"AT2G46420"	chr2	+	19056544	19056666	19056544	19056634	19056765	19057096	619	4,2,1	97,171,162	1,9,5	150,283,111	180	149	0.146044858023	0.481578297658	0.033,0.01,0.005	0.005,0.026,0.036	-0.006
620	"AT3G21250"	"ABCC8"	chr3	-	7460421	7460508	7460454	7460508	7459722	7460334	620	81,139,50	6,15,11	65,136,47	3,3,0	181	149	1.10526864167e-05	0.000151538147976	0.917,0.884,0.789	0.947,0.974,1.0	-0.11
622	"AT3G26890"	"AT3G26890"	chr3	-	9911414	9911621	9911606	9911621	9909317	9910792	622	32,48,34	2,7,0	10,40,17	3,2,2	298	149	0.534106531272	1.0	0.889,0.774,1.0	0.625,0.909,0.81	0.106
625	"AT4G13040"	"AT4G13040"	chr4	+	7614559	7614668	7614559	7614615	7614767	7614948	625	132,117,114	7,3,9	99,168,96	23,24,19	201	149	6.86853291132e-07	1.278037731e-05	0.933,0.967,0.904	0.761,0.838,0.789	0.139
626	"AT1G73390"	"AT1G73390"	chr1	-	27594494	27594551	27594498	27594551	27593901	27594166	626	5,3,3	29,30,13	21,22,9	3,16,10	152	149	5.41061706549e-08	1.3423483291e-06	0.145,0.089,0.184	0.873,0.574,0.469	-0.499
627	"AT5G47620"	"AT5G47620"	chr5	-	19304056	19304280	19304064	19304280	19302658	19303718	627	102,166,110	0,0,0	69,146,63	0,4,0	156	149	1	1.0	1.0,1.0,1.0	1.0,0.972,1.0	0.009
628	"AT5G47620"	"AT5G47620"	chr5	-	19304365	19304453	19304367	19304453	19304056	19304280	628	1,2,0	96,119,98	0,2,0	51,94,26	150	149	1	1.0	0.01,0.016,0.0	0.0,0.021,0.0	0.002
629	"AT5G64990"	"RABH1A"	chr5	-	25964350	25964442	25964371	25964442	25964177	25964266	629	0,0,0	2,8,9	4,0,0	4,6,6	169	149	0.149808352313	0.487813447219	0.0,0.0,0.0	0.469,0.0,0.0	-0.156
630	"AT3G21600"	"AT3G21600"	chr3	-	7607215	7607386	7607219	7607386	7607013	7607098	630	0,0,0	19,63,25	0,0,2	27,21,7	152	149	1	1.0	0.0,0.0,0.0	0.0,0.0,0.219	-0.073
631	"AT1G35340"	"AT1G35340"	chr1	+	12978235	12978355	12978235	12978340	12978439	12978514	631	181,218,187	1,1,0	209,380,188	0,0,0	163	149	1	1.0	0.994,0.995,1.0	1.0,1.0,1.0	-0.004
632	"AT1G13170"	"ORP1D"	chr1	-	4490266	4490790	4490329	4490790	4489995	4490151	632	0,0,1	38,42,51	1,1,2	43,82,29	211	149	1	1.0	0.0,0.0,0.014	0.016,0.009,0.046	-0.019
633	"AT2G43950"	"OEP37"	chr2	-	18200931	18201052	18200996	18201052	18200323	18200684	633	259,354,304	2,0,0	344,502,207	0,0,0	213	149	1	1.0	0.989,1.0,1.0	1.0,1.0,1.0	-0.004
634	"AT4G25720"	"QCT"	chr4	-	13100785	13100883	13100845	13100883	13100416	13100487	634	114,174,150	0,4,2	123,250,173	0,0,0	208	149	0.567373253491	1.0	1.0,0.969,0.982	1.0,1.0,1.0	-0.016
635	"AT3G18380"	"SHH2"	chr3	-	6312246	6312448	6312255	6312448	6312005	6312081	635	30,52,48	5,5,5	39,56,26	7,12,7	157	149	0.0580699297059	0.250036639477	0.851,0.908,0.901	0.841,0.816,0.779	0.075
636	"AT1G72930"	"TIR"	chr1	+	27439451	27439973	27439451	27439930	27440071	27440464	636	4,15,6	289,560,582	5,14,6	559,1125,752	191	149	0.511144091137	1.0	0.011,0.02,0.008	0.007,0.01,0.006	0.005
637	"AT1G63770"	"AT1G63770"	chr1	-	23658411	23658526	23658415	23658526	23658215	23658332	637	10,6,4	935,1015,841	4,13,3	796,1379,710	152	149	1	1.0	0.01,0.006,0.005	0.005,0.009,0.004	0.001
638	"AT4G36980"	"AT4G36980"	chr4	-	17434316	17434461	17434319	17434461	17433989	17434142	638	5,7,4	155,239,139	6,5,5	424,413,192	151	149	0.110572308046	0.400056753416	0.031,0.028,0.028	0.014,0.012,0.025	0.012
639	"AT4G30160"	"VLN4"	chr4	+	14757777	14757815	14757777	14757788	14757904	14758045	639	1,1,0	98,124,107	0,0,0	53,146,44	175	149	1	1.0	0.009,0.007,0.0	0.0,0.0,0.0	0.005
641	"AT2G17560"	"HMGB4"	chr2	-	7642599	7642674	7642611	7642674	7642164	7642506	641	302,432,360	1,1,6	610,736,353	7,16,9	160	149	0.0166991980149	0.0870028216576	0.996,0.998,0.982	0.988,0.977,0.973	0.013
642	"AT4G12850"	"AT4G12850"	chr4	+	7536974	7537424	7536974	7537203	7538081	7538276	642	14,19,10	4,13,13	31,17,13	8,3,5	298	149	0.032986468148	0.154828377523	0.636,0.422,0.278	0.66,0.739,0.565	-0.209
644	"AT5G10605"	"AT5G10605"	chr5	-	3353056	3353392	3353180	3353392	3352897	3352941	644	10,23,8	7,8,1	12,27,7	6,19,2	272	149	0.40760608228	1.0	0.439,0.612,0.814	0.523,0.438,0.657	0.082
645	"AT5G38470"	"RAD23D"	chr5	+	15406994	15407105	15406994	15407101	15407194	15407273	645	22,24,17	398,575,440	14,15,13	634,888,395	152	149	0.00108656531495	0.0104833431313	0.051,0.039,0.036	0.021,0.016,0.031	0.019
647	"AT4G32850"	"PAPS4"	chr4	+	15854164	15854241	15854164	15854211	15854326	15854439	647	113,92,108	0,0,2	181,200,112	8,6,0	178	149	0.0125713964447	0.069677633486	1.0,1.0,0.978	0.95,0.965,1.0	0.021
648	"AT4G32850"	"PAPS4"	chr4	+	15854164	15854241	15854164	15854211	15854362	15854460	648	85,67,75	0,4,0	108,111,80	0,0,0	178	149	0.636526411252	1.0	1.0,0.933,1.0	1.0,1.0,1.0	-0.022
649	"AT4G32850"	"PAPS4"	chr4	+	15854164	15854245	15854164	15854211	15854362	15854460	649	58,50,50	0,4,0	63,80,50	0,0,0	182	149	0.594466577322	1.0	1.0,0.911,1.0	1.0,1.0,1.0	-0.03
650	"AT4G32850"	"PAPS4"	chr4	+	15854164	15854245	15854164	15854241	15854362	15854460	650	4,4,7	31,21,32	1,7,3	46,38,33	152	149	0.13225332531	0.453315674253	0.112,0.157,0.177	0.021,0.153,0.082	0.063
653	"AT1G74530"	"AT1G74530"	chr1	-	28010054	28010124	28010058	28010124	28009898	28009973	653	1,3,1	157,158,140	1,4,1	166,317,134	152	149	1	1.0	0.006,0.018,0.007	0.006,0.012,0.007	0.002
654	"AT5G06250"	"AT5G06250"	chr5	-	1893445	1894124	1893490	1894124	1892713	1892949	654	4,2,3	2,0,0	1,6,2	0,0,0	193	149	1	1.0	0.607,1.0,1.0	1.0,1.0,1.0	-0.131
655	"AT2G29890"	"VLN1"	chr2	+	12747605	12747759	12747605	12747753	12747869	12747880	655	2,5,1	1,7,10	7,9,6	17,15,2	154	149	0.385421161404	1.0	0.659,0.409,0.088	0.285,0.367,0.744	-0.08
656	"AT2G29890"	"VLN1"	chr2	+	12748698	12748987	12748698	12748921	12749111	12749278	656	0,1,2	47,52,49	0,0,0	119,113,65	214	149	1	1.0	0.0,0.013,0.028	0.0,0.0,0.0	0.014
657	"AT5G61530"	"AT5G61530"	chr5	+	24743833	24744078	24743833	24744051	24744193	24744350	657	121,192,174	14,14,14	130,190,98	5,14,2	175	149	0.0335515542192	0.156074640609	0.88,0.921,0.914	0.957,0.92,0.977	-0.046
658	"AT3G13870"	"RHD3"	chr3	-	4570241	4570312	4570245	4570312	4570053	4570156	658	2,0,0	118,169,53	0,3,0	58,130,68	152	149	1	1.0	0.016,0.0,0.0	0.0,0.022,0.0	-0.002
659	"AT5G03180"	"AT5G03180"	chr5	-	755161	755330	755173	755330	754625	755081	659	33,4,10	6,3,0	17,21,13	1,6,2	160	149	0.837574916072	1.0	0.837,0.554,1.0	0.941,0.765,0.858	-0.058
661	"AT5G53050"	"AT5G53050"	chr5	-	21511417	21511543	21511425	21511543	21510837	21510925	661	2,0,0	98,115,124	1,1,3	107,233,115	156	149	1	1.0	0.019,0.0,0.0	0.009,0.004,0.024	-0.006
662	"AT2G26670"	"HO1"	chr2	+	11341683	11342239	11341683	11342095	11342894	11343118	662	347,401,290	28,32,3	327,555,305	8,14,11	292	149	0.0019641657666	0.0173445824474	0.863,0.865,0.98	0.954,0.953,0.934	-0.044
663	"AT5G04220"	"SYT3"	chr5	-	1157351	1157452	1157377	1157452	1157188	1157265	663	24,35,41	5,15,14	15,35,13	1,9,10	174	149	0.736914857062	1.0	0.804,0.666,0.715	0.928,0.769,0.527	-0.013
664	"AT1G27450"	"APT1"	chr1	+	9532870	9533038	9532870	9532963	9533364	9533514	664	3,5,4	666,892,734	3,2,1	823,1115,648	223	149	1	1.0	0.003,0.004,0.004	0.002,0.001,0.001	0.002
665	"AT2G26510"	"NAT3"	chr2	+	11276602	11276694	11276602	11276657	11276788	11276866	665	142,202,141	1,2,1	127,192,72	3,5,2	185	149	0.0730291068416	0.294947012903	0.991,0.988,0.991	0.972,0.969,0.967	0.021
666	"AT3G52260"	"AT3G52260"	chr3	-	19384455	19384525	19384459	19384525	19383915	19384000	666	11,15,6	32,57,45	37,46,17	30,31,20	152	149	2.46417652949e-09	8.5589064791e-08	0.252,0.205,0.116	0.547,0.593,0.455	-0.341
667	"AT3G52260"	"AT3G52260"	chr3	-	19386093	19386272	19386211	19386272	19385973	19386020	667	12,19,6	0,0,0	5,18,0	2,0,0	266	149	1	1.0	1.0,1.0,1.0	0.583,1.0,NA	0.209
668	"AT1G45248"	"AT1G45248"	chr1	-	17164615	17164779	17164670	17164779	17164196	17164250	668	1,1,0	20,44,35	0,3,0	16,27,4	203	149	0.460087222707	1.0	0.035,0.016,0.0	0.0,0.075,0.0	-0.008
669	"AT5G26749"	"AT5G26749"	chr5	-	9398900	9399022	9398957	9399022	9398689	9398753	669	0,0,0	25,56,28	0,3,0	23,29,12	205	149	0.519359703301	1.0	0.0,0.0,0.0	0.0,0.07,0.0	-0.023
672	"AT4G28680"	"TYRDC"	chr4	+	14157417	14157480	14157417	14157474	14157728	14157793	672	0,4,0	14,12,13	0,0,0	26,23,20	154	149	0.335072043672	0.938562014802	0.0,0.244,0.0	0.0,0.0,0.0	0.081
673	"AT1G24260"	"SEP3"	chr1	-	8594806	8594891	8594809	8594891	8594629	8594697	673	0,0,0	1,0,1	0,0,1	0,1,0	151	149	1	1.0	0.0,NA,0.0	NA,0.0,1.0	-0.5
675	"AT1G67300"	"AT1G67300"	chr1	-	25194466	25194547	25194473	25194547	25194291	25194376	675	0,1,0	0,2,0	1,0,0	0,0,0	155	149	1	1.0	NA,0.325,NA	1.0,NA,NA	-0.675
676	"AT5G19000"	"BPM1"	chr5	+	6343126	6343498	6343126	6343475	6343643	6343725	676	0,0,1	13,24,9	0,1,0	16,32,11	171	149	1	1.0	0.0,0.0,0.088	0.0,0.027,0.0	0.02
677	"AT4G27050"	"AT4G27050"	chr4	-	13577742	13578051	13577905	13578051	13577550	13577660	677	30,34,19	0,1,0	17,32,26	0,0,0	298	149	1	1.0	1.0,0.944,1.0	1.0,1.0,1.0	-0.019
678	"AT1G12900"	"GAPA2"	chr1	-	4393541	4393850	4393545	4393850	4393223	4393468	678	3,3,2	4903,4772,3700	2,3,1	3846,9242,4249	152	149	1	1.0	0.001,0.001,0.001	0.001,0.0,0.0	0.001
679	"AT1G09932"	"AT1G09932"	chr1	-	3232882	3233109	3232964	3233109	3232669	3232777	679	0,1,0	18,4,14	0,0,0	10,7,5	230	149	1	1.0	0.0,0.139,0.0	0.0,0.0,0.0	0.046
681	"AT2G01320"	"ABCG7"	chr2	-	154610	154983	154676	154983	154130	154503	681	15,16,33	37,60,46	20,19,19	142,126,64	214	149	0.000399543511799	0.00462582599216	0.22,0.157,0.333	0.089,0.095,0.171	0.118
682	"AT2G31280"	"BHLH155"	chr2	+	13343075	13343252	13343075	13343201	13343337	13343662	682	3,0,1	74,123,109	0,0,1	191,178,71	199	149	1	1.0	0.029,0.0,0.007	0.0,0.0,0.01	0.009
683	"AT5G05800"	"LIMYB"	chr5	-	1744939	1745245	1745136	1745245	1744445	1744781	683	5,14,7	7,21,13	7,22,15	6,26,7	298	149	0.0802053235065	0.314187771029	0.263,0.25,0.212	0.368,0.297,0.517	-0.152
684	"AT1G68910"	"WIT2"	chr1	-	25908564	25908715	25908568	25908715	25908130	25908380	684	72,62,86	18,36,20	113,178,75	18,59,30	152	149	0.591881325274	1.0	0.797,0.628,0.808	0.86,0.747,0.71	-0.028
685	"AT3G06400"	"CHR11"	chr3	+	1944493	1944688	1944493	1944682	1944769	1944804	685	3,5,2	80,144,84	0,0,0	86,143,60	154	149	0.0827602700166	0.321776870736	0.035,0.033,0.023	0.0,0.0,0.0	0.03
686	"AT1G03160"	"FZL"	chr1	+	764698	764931	764698	764866	765024	765255	686	1,0,2	264,377,275	0,0,2	140,209,115	213	149	1	1.0	0.003,0.0,0.005	0.0,0.0,0.012	-0.001
687	"AT1G29040"	"AT1G29040"	chr1	+	10134504	10134581	10134504	10134536	10134685	10134797	687	104,111,98	12,16,12	130,188,112	10,14,5	193	149	0.0145753942554	0.0774875551741	0.87,0.843,0.863	0.909,0.912,0.945	-0.063
688	"AT1G29040"	"AT1G29040"	chr1	+	10134504	10134621	10134504	10134536	10134685	10134797	688	41,40,56	12,16,12	27,36,13	10,14,5	233	149	0.404082289446	1.0	0.686,0.615,0.749	0.633,0.622,0.624	0.057
689	"AT1G29040"	"AT1G29040"	chr1	+	10134504	10134621	10134504	10134581	10134685	10134797	689	13,12,12	76,83,54	8,3,0	111,155,99	188	149	3.77869052715e-08	1.09372098036e-06	0.119,0.103,0.15	0.054,0.015,0.0	0.101
690	"AT3G17300"	"AT3G17300"	chr3	+	5907759	5907804	5907759	5907796	5908277	5908375	690	152,156,111	7,2,6	227,235,124	13,18,8	156	149	0.0232054891026	0.115143426881	0.954,0.987,0.946	0.943,0.926,0.937	0.027
691	"AT2G27810"	"NAT12"	chr2	+	11854963	11855202	11854963	11855198	11855407	11855694	691	4,1,0	95,157,120	2,2,3	104,181,79	152	149	0.625706869544	1.0	0.04,0.006,0.0	0.019,0.011,0.036	-0.007
693	"AT4G40030"	"HTR8"	chr4	-	18556506	18556878	18556743	18556878	18556345	18556417	693	12,12,13	17,19,14	0,12,0	11,15,8	298	149	0.012311460938	0.0689706575129	0.261,0.24,0.317	0.0,0.286,0.0	0.177
694	"AT5G43990"	"SUVR2"	chr5	+	17699083	17699345	17699083	17699285	17699457	17700575	694	3,7,5	12,16,5	3,18,10	7,6,2	208	149	0.0183246861434	0.0945263512942	0.152,0.239,0.417	0.235,0.682,0.782	-0.297
698	"AT3G47930"	"GLDH"	chr3	+	17686118	17686539	17686118	17686483	17686878	17687019	698	119,140,87	0,0,3	111,181,81	0,0,1	204	149	1	1.0	1.0,1.0,0.955	1.0,1.0,0.983	-0.009
702	"AT4G35300"	"MSSP2"	chr4	-	16799424	16799553	16799455	16799553	16798992	16799101	702	1,0,0	0,2,0	0,4,4	0,4,0	179	149	1	1.0	1.0,0.0,NA	NA,0.454,1.0	-0.227
703	"AT4G35300"	"MSSP2"	chr4	-	16799424	16799553	16799455	16799553	16798992	16799167	703	5,1,2	5,4,2	8,7,8	1,9,6	179	149	0.158044884379	0.499038695524	0.454,0.172,0.454	0.869,0.393,0.526	-0.236
705	"AT5G56500"	"CPN60B3"	chr5	+	22873790	22873908	22873790	22873871	22874044	22874261	705	0,2,0	48,49,35	0,3,2	20,41,16	185	149	0.44757789137	1.0	0.0,0.032,0.0	0.0,0.056,0.091	-0.038
708	"AT1G05380"	"AT1G05380"	chr1	+	1576862	1577148	1576862	1577127	1577221	1579195	708	18,18,7	0,0,0	10,23,6	0,5,0	169	149	0.0728990673267	0.294947012903	1.0,1.0,1.0	1.0,0.802,1.0	0.066
710	"AT1G11360"	"AT1G11360"	chr1	-	3822017	3823088	3822146	3823088	3821442	3821780	710	4,5,5	0,3,0	6,3,1	0,4,0	277	149	0.555281131616	1.0	1.0,0.473,1.0	1.0,0.287,1.0	0.062
711	"AT1G11360"	"AT1G11360"	chr1	-	3822017	3823088	3822163	3823088	3821442	3821780	711	4,7,5	7,3,5	6,3,2	10,1,4	294	149	0.548134838691	1.0	0.225,0.542,0.336	0.233,0.603,0.202	0.022
712	"AT1G11360"	"AT1G11360"	chr1	-	3822146	3823088	3822163	3823088	3821442	3821780	712	0,5,0	7,3,5	0,4,1	10,1,4	165	149	0.626269100546	1.0	0.0,0.601,0.0	0.0,0.783,0.184	-0.122
713	"AT1G11360"	"AT1G11360"	chr1	-	3822017	3823088	3822146	3823088	3821442	3821795	713	13,13,23	16,23,24	20,19,13	24,35,18	277	149	0.644835424089	1.0	0.304,0.233,0.34	0.31,0.226,0.28	0.02
714	"AT1G11360"	"AT1G11360"	chr1	-	3822017	3823088	3822163	3823088	3821442	3821795	714	13,15,23	101,74,97	20,19,14	146,191,75	294	149	0.117837672044	0.414820453614	0.061,0.093,0.107	0.065,0.048,0.086	0.021
715	"AT1G11360"	"AT1G11360"	chr1	-	3822146	3823088	3822163	3823088	3821442	3821795	715	16,25,24	101,74,97	24,35,19	146,191,75	165	149	0.296635704779	0.849160451593	0.125,0.234,0.183	0.129,0.142,0.186	0.028
717	"AT2G32080"	"PURA1"	chr2	-	13643266	13643410	13643269	13643410	13642957	13643191	717	47,53,45	122,170,100	62,94,50	126,267,150	151	149	0.842465201177	1.0	0.275,0.235,0.307	0.327,0.258,0.248	-0.005
718	"AT1G72650"	"TRFL6"	chr1	+	27351193	27351264	27351193	27351246	27351417	27352308	718	10,4,7	12,23,15	3,4,1	7,52,4	166	149	0.0130947402416	0.0710662465195	0.428,0.135,0.295	0.278,0.065,0.183	0.111
719	"AT1G53165"	"ATMAP4K	chr1	+	19817095	19817248	19817095	19817224	19817312	19817562	719	7,3,5	30,20,40	0,1,1	24,49,16	172	149	1	1.0	0.168,0.115,0.098	0.0,0.017,0.051	0.104
720	"AT5G57060"	"AT5G57060"	chr5	+	23090626	23090714	23090626	23090675	23091000	23091108	720	1,5,4	41,41,33	4,4,4	30,52,24	187	149	0.522939756897	1.0	0.019,0.089,0.088	0.096,0.058,0.117	-0.025
721	"AT5G44250"	"AT5G44250"	chr5	-	17825290	17825356	17825298	17825356	17825135	17825216	721	2,1,0	88,64,80	0,3,0	30,58,23	156	149	1	1.0	0.021,0.015,0.0	0.0,0.047,0.0	-0.004
722	"AT4G38970"	"FBA2"	chr4	-	18164126	18164261	18164130	18164261	18163495	18163992	722	1,0,8	8171,10108,7609	1,2,0	9468,20792,10214	152	149	1	1.0	0.0,0.0,0.001	0.0,0.0,0.0	0.0
723	"AT3G21175"	"GATA24"	chr3	+	7423241	7423334	7423241	7423328	7423407	7423541	723	25,33,25	41,61,43	17,25,11	26,46,18	154	149	0.981498884874	1.0	0.371,0.344,0.36	0.387,0.345,0.372	-0.01
724	"AT1G21610"	"AT1G21610"	chr1	+	7578051	7578165	7578051	7578162	7578250	7578956	724	0,2,1	80,118,116	0,0,0	104,137,57	151	149	1	1.0	0.0,0.016,0.008	0.0,0.0,0.0	0.008
725	"AT5G62000"	"ARF2"	chr5	+	24914502	24914720	24914502	24914605	24914816	24915210	725	687,922,927	1,0,1	916,1278,647	0,0,1	263	149	1	1.0	0.997,1.0,0.998	1.0,1.0,0.997	-0.001
726	"AT1G28100"	"AT1G28100"	chr1	+	9802915	9802978	9802915	9802954	9803206	9803375	726	10,3,1	67,68,72	2,4,3	51,87,41	172	149	0.470481008292	1.0	0.114,0.037,0.012	0.033,0.038,0.06	0.011
727	"AT1G28100"	"AT1G28100"	chr1	+	9803623	9803680	9803623	9803676	9803770	9804092	727	136,172,172	0,2,0	141,169,93	0,0,0	152	149	1	1.0	1.0,0.988,1.0	1.0,1.0,1.0	-0.004
728	"AT3G05380"	"ALY2"	chr3	+	1539581	1539763	1539581	1539728	1540549	1540660	728	16,11,10	3,4,5	0,8,0	1,2,3	183	149	0.015615799558	0.0821801168658	0.813,0.691,0.62	0.0,0.765,0.0	0.453
729	"AT1G10670"	"ACLA-1"	chr1	+	3535382	3535645	3535382	3535578	3535773	3535885	729	0,0,0	116,149,47	2,1,2	101,163,93	215	149	1	1.0	0.0,0.0,0.0	0.014,0.004,0.015	-0.011
730	"AT4G05590"	"MPC3"	chr4	+	2907631	2907897	2907631	2907730	2908016	2908090	730	80,75,74	0,0,0	52,67,51	0,1,0	298	149	1	1.0	1.0,1.0,1.0	1.0,0.971,1.0	0.01
731	"AT3G13560"	"AT3G13560"	chr3	-	4427849	4428179	4427864	4428179	4427217	4427313	731	17,33,15	6,9,6	16,44,23	12,19,4	163	149	0.557171874572	1.0	0.721,0.77,0.696	0.549,0.679,0.84	0.04
732	"AT3G57470"	"AT3G57470"	chr3	-	21275499	21275667	21275591	21275667	21275337	21275405	732	22,45,13	25,20,23	40,109,47	3,9,10	240	149	1.87270730034e-08	5.73929707928e-07	0.353,0.583,0.26	0.892,0.883,0.745	-0.441
733	"AT3G19720"	"ARC5"	chr3	-	6853080	6853222	6853173	6853222	6852807	6852890	733	2,1,2	114,168,141	1,1,1	116,251,142	241	149	1	1.0	0.011,0.004,0.009	0.005,0.002,0.004	0.004
734	"AT3G19720"	"ARC5"	chr3	-	6853772	6853880	6853787	6853880	6853609	6853673	734	0,2,0	89,122,88	0,0,0	90,196,127	163	149	1	1.0	0.0,0.015,0.0	0.0,0.0,0.0	0.005
735	"AT5G18830"	"SPL7"	chr5	+	6279110	6279671	6279110	6279593	6279924	6280681	735	68,99,74	8,0,3	105,176,71	0,1,3	226	149	0.00572105775347	0.0359116998742	0.849,1.0,0.942	1.0,0.991,0.94	-0.047
738	"AT1G54360"	"TAF6B"	chr1	+	20291301	20291378	20291301	20291357	20291457	20291595	738	45,63,41	37,53,24	62,113,63	7,15,12	169	149	1.1179945858e-13	6.47194643558e-12	0.517,0.512,0.601	0.886,0.869,0.822	-0.316
740	"AT1G22910"	"AT1G22910"	chr1	+	8107290	8107523	8107290	8107519	8107612	8108164	740	0,0,0	32,42,26	0,1,0	46,71,35	152	149	1	1.0	0.0,0.0,0.0	0.0,0.014,0.0	-0.005
742	"AT2G33620"	"AHL10"	chr2	+	14234219	14234462	14234219	14234374	14234738	14235217	742	19,18,10	7,4,8	9,30,8	15,23,12	236	149	0.0133955480792	0.071949284013	0.631,0.74,0.441	0.275,0.452,0.296	0.263
743	"AT5G54920"	"AT5G54920"	chr5	+	22303033	22303148	22303033	22303133	22303488	22303523	743	2,2,1	17,28,9	0,2,0	13,19,10	163	149	0.113162757115	0.406605492806	0.097,0.061,0.092	0.0,0.088,0.0	0.054
744	"AT1G49050"	"AT1G49050"	chr1	+	18150537	18151243	18150537	18151239	18151338	18151462	744	0,0,0	21,49,33	0,1,0	37,30,29	152	149	1	1.0	0.0,0.0,0.0	0.0,0.032,0.0	-0.011
745	"AT4G39170"	"SFH6"	chr4	+	18242257	18242357	18242257	18242351	18242429	18242645	745	52,109,76	1,0,1	91,148,71	1,0,0	154	149	1	1.0	0.981,1.0,0.987	0.989,1.0,1.0	-0.007
752	"AT5G52220"	"AT5G52220"	chr5	-	21207242	21207448	21207261	21207448	21207096	21207175	752	0,1,0	11,8,6	1,1,2	5,16,9	167	149	0.0993984649095	0.36990428727	0.0,0.1,0.0	0.151,0.053,0.165	-0.09
753	"AT1G01080"	"AT1G01080"	chr1	-	46372	47019	46375	47019	46043	46145	753	3,7,1	278,271,247	0,0,0	230,438,258	151	149	0.745415012435	1.0	0.011,0.025,0.004	0.0,0.0,0.0	0.013
754	"AT2G21620"	"RD2"	chr2	+	9248572	9248998	9248572	9248980	9249088	9249168	754	0,3,1	175,259,237	0,7,0	289,457,176	166	149	1	1.0	0.0,0.01,0.004	0.0,0.014,0.0	0.0
755	"AT1G56220"	"AT1G56220"	chr1	+	21043703	21043893	21043703	21043889	21044347	21044738	755	0,1,0	77,141,105	0,4,2	130,245,120	152	149	1	1.0	0.0,0.007,0.0	0.0,0.016,0.016	-0.008
756	"AT1G56220"	"AT1G56220"	chr1	+	21043703	21043893	21043703	21043889	21044356	21044738	756	0,1,0	516,663,617	0,2,1	769,1080,549	152	149	1	1.0	0.0,0.001,0.0	0.0,0.002,0.002	-0.001
758	"AT1G31600"	"AT1G31600"	chr1	-	11314623	11315640	11315568	11315640	11314341	11314443	758	82,114,99	0,0,2	79,193,85	0,0,0	298	149	1	1.0	1.0,1.0,0.961	1.0,1.0,1.0	-0.013
759	"AT4G24440"	"TFIIA-S"	chr4	+	12633179	12633328	12633179	12633289	12633440	12633588	759	156,273,186	23,20,11	152,243,101	6,27,8	187	149	0.6929705703	1.0	0.844,0.916,0.931	0.953,0.878,0.91	-0.017
761	"AT1G53710"	"AT1G53710"	chr1	-	20055276	20055415	20055279	20055415	20055097	20055194	761	0,3,1	12,28,20	0,0,0	14,29,18	151	149	0.618908503352	1.0	0.0,0.096,0.047	0.0,0.0,0.0	0.048
762	"AT5G53550"	"YSL3"	chr5	+	21755290	21755558	21755290	21755474	21755823	21755903	762	36,65,48	0,0,0	22,26,10	2,0,0	232	149	1	1.0	1.0,1.0,1.0	0.876,1.0,1.0	0.041
764	"AT4G34370"	"ARI1"	chr4	+	16435112	16435395	16435112	16435347	16435467	16435948	764	59,46,30	0,4,0	20,35,24	1,4,2	196	149	0.0502376229035	0.221811877396	1.0,0.897,1.0	0.938,0.869,0.901	0.063
765	"AT3G54670"	"TTN8"	chr3	+	20240220	20240316	20240220	20240310	20240394	20240603	765	2,2,1	35,69,62	0,2,1	33,90,34	154	149	0.599713634688	1.0	0.052,0.027,0.015	0.0,0.021,0.028	0.015
766	"AT3G63460"	"SEC31B"	chr3	-	23434943	23434986	23434949	23434986	23434703	23434825	766	84,132,52	6,8,0	40,119,46	12,13,3	154	149	0.00474953215665	0.0317244391489	0.931,0.941,1.0	0.763,0.899,0.937	0.091
767	"AT4G05040"	"AT4G05040"	chr4	+	2578645	2578937	2578645	2578712	2579234	2579330	767	7,11,6	14,12,10	3,7,2	3,24,8	298	149	0.116864802958	0.41419430164	0.2,0.314,0.231	0.333,0.127,0.111	0.058
768	"AT4G03090"	"AT4G03090"	chr4	-	1367750	1367892	1367825	1367892	1367185	1367656	768	2,2,2	27,20,16	2,0,0	18,29,18	223	149	0.0736351245405	0.295106922197	0.047,0.063,0.077	0.069,0.0,0.0	0.039
771	"AT1G10060"	"BCAT1"	chr1	+	3286303	3286399	3286303	3286358	3286533	3286646	771	52,87,67	7,6,8	42,105,28	3,6,3	189	149	0.222548475987	0.666366413731	0.854,0.92,0.868	0.917,0.932,0.88	-0.029
772	"AT5G37340"	"AT5G37340"	chr5	-	14789310	14789409	14789342	14789409	14789165	14789219	772	7,6,8	0,0,0	1,1,0	0,1,0	180	149	1	1.0	1.0,1.0,1.0	1.0,0.453,NA	0.273
773	"AT5G37340"	"AT5G37340"	chr5	-	14792655	14792772	14792712	14792772	14792250	14792400	773	1,0,3	7,3,5	0,6,3	3,0,2	205	149	0.0373862632735	0.169376027526	0.094,0.0,0.304	0.0,1.0,0.522	-0.375
774	"AT2G01420"	"PIN4"	chr2	-	182004	183328	182016	183328	181579	181847	774	88,126,100	81,171,107	47,122,75	44,145,59	160	149	0.426396427793	1.0	0.503,0.407,0.465	0.499,0.439,0.542	-0.035
776	"AT1G23230"	"MED23"	chr1	+	8246060	8246303	8246060	8246298	8246562	8246780	776	1,0,0	37,55,14	1,0,1	9,20,16	153	149	1	1.0	0.026,0.0,0.0	0.098,0.0,0.057	-0.043
777	"AT3G45850"	"AT3G45850"	chr3	-	16861261	16861527	16861408	16861527	16860783	16860980	777	0,0,0	24,42,9	0,2,1	9,15,19	295	149	0.431380699364	1.0	0.0,0.0,0.0	0.0,0.063,0.026	-0.03
778	"AT2G34860"	"EDA3"	chr2	+	14709673	14709812	14709673	14709808	14709930	14710197	778	0,1,1	1079,1096,1226	45,102,44	1510,2196,1169	152	149	0	0.0	0.0,0.001,0.001	0.028,0.044,0.036	-0.035
779	"AT5G20300"	"TOC90"	chr5	-	6856212	6856340	6856217	6856340	6853415	6855810	779	9,8,2	37,37,29	2,0,4	8,28,22	153	149	0.0951410874165	0.359192076406	0.192,0.174,0.063	0.196,0.0,0.15	0.028
780	"AT1G76510"	"ARID5"	chr1	-	28711064	28711179	28711133	28711179	28710760	28710853	780	0,1,1	57,66,42	0,1,0	45,82,37	217	149	1	1.0	0.0,0.01,0.016	0.0,0.008,0.0	0.006
786	"AT4G23130"	"CRK5"	chr4	-	12119101	12119242	12119113	12119242	12118909	12119031	786	5,20,17	0,2,8	1,2,4	2,4,3	160	149	0.00526142804145	0.0338420248098	1.0,0.903,0.664	0.318,0.318,0.554	0.459
787	"AT1G54310"	"AT1G54310"	chr1	+	20274312	20274561	20274312	20274535	20274641	20274828	787	7,17,6	95,108,108	11,23,13	31,60,17	174	149	1.91525650228e-07	4.15770265703e-06	0.059,0.119,0.045	0.233,0.247,0.396	-0.218
788	"AT2G22990"	"SCPL8"	chr2	+	9789700	9789750	9789700	9789746	9789844	9790179	788	104,47,73	2773,1805,2155	63,74,37	1630,3401,1536	152	149	0.139769749252	0.472857398443	0.035,0.025,0.032	0.037,0.021,0.023	0.004
789	"AT2G22990"	"SCPL8"	chr2	+	9789700	9789752	9789700	9789746	9789844	9790179	789	94,46,72	2773,1805,2155	54,70,38	1630,3401,1536	154	149	0.108874493336	0.396668608588	0.032,0.024,0.031	0.031,0.02,0.023	0.004
790	"AT2G22990"	"SCPL8"	chr2	+	9789700	9789752	9789700	9789750	9789844	9790179	790	0,2,3	10,3,4	0,1,1	9,5,0	150	149	0.099321283838	0.36990428727	0.0,0.398,0.427	0.0,0.166,1.0	-0.114
791	"AT2G22990"	"SCPL8"	chr2	+	9789700	9789752	9789700	9789750	9789848	9790179	791	0,2,0	11,11,9	0,1,1	5,26,7	150	149	1	1.0	0.0,0.153,0.0	0.0,0.037,0.124	-0.003
794	"AT1G16340"	"KDSA2"	chr1	-	5590234	5590338	5590240	5590338	5589928	5590025	794	2,0,0	74,80,73	0,4,1	56,86,32	154	149	0.502706011048	1.0	0.025,0.0,0.0	0.0,0.043,0.029	-0.016
795	"AT4G33000"	"CBL10"	chr4	+	15925959	15926253	15925959	15926040	15926343	15926628	795	178,206,272	3,7,3	360,546,287	0,0,0	298	149	0.00391764733774	0.0272145901728	0.967,0.936,0.978	1.0,1.0,1.0	-0.04
796	"AT1G53530"	"AT1G53530"	chr1	+	19978145	19978393	19978145	19978383	19978472	19978697	796	1,4,4	41,34,25	4,6,7	35,44,20	158	149	0.0946178327244	0.359192076406	0.022,0.1,0.131	0.097,0.114,0.248	-0.069
798	"AT2G18860"	"AT2G18860"	chr2	+	8164240	8164440	8164240	8164420	8164560	8164651	798	43,57,31	1,3,0	52,82,27	10,2,2	168	149	0.0101166309945	0.0579204917377	0.974,0.944,1.0	0.822,0.973,0.923	0.067
800	"AT5G20040"	"IPT9"	chr5	-	6769110	6769223	6769128	6769223	6768635	6768730	800	6,3,3	73,64,63	6,8,1	83,101,56	166	149	0.747657941146	1.0	0.069,0.04,0.041	0.061,0.066,0.016	0.002
801	"AT1G22280"	"PAPP2C"	chr1	+	7874402	7874660	7874402	7874642	7874730	7875007	801	0,1,0	59,89,73	0,0,0	34,115,51	166	149	1	1.0	0.0,0.01,0.0	0.0,0.0,0.0	0.003
802	"AT1G22140"	"AT1G22140"	chr1	-	7815129	7815292	7815228	7815292	7814762	7814937	802	267,312,344	0,0,1	337,638,352	0,0,0	247	149	1	1.0	1.0,1.0,0.995	1.0,1.0,1.0	-0.002
803	"AT1G53200"	"AT1G53200"	chr1	-	19842633	19842741	19842650	19842741	19842434	19842517	803	12,6,7	6,9,4	4,27,10	2,4,3	165	149	0.0130506029092	0.0710662465195	0.644,0.376,0.612	0.644,0.859,0.751	-0.207
804	"AT1G79810"	"PEX2"	chr1	+	30019743	30020037	30019743	30020033	30020105	30020219	804	1,0,6	71,66,45	2,0,0	37,80,43	152	149	0.16003737528	0.502285979041	0.014,0.0,0.116	0.05,0.0,0.0	0.027
805	"AT3G05230"	"AT3G05230"	chr3	+	1493158	1493250	1493158	1493245	1493332	1493389	805	2,0,2	0,0,0	1,7,1	6,0,0	153	149	1	1.0	1.0,NA,1.0	0.14,1.0,1.0	0.287
807	"AT1G28960"	"NUDT15"	chr1	-	10109861	10110359	10109925	10110359	10109655	10109785	807	55,29,52	1,0,0	87,106,56	0,2,2	212	149	0.540924118038	1.0	0.975,1.0,1.0	1.0,0.974,0.952	0.016
808	"AT5G62760"	"AT5G62760"	chr5	-	25205390	25205478	25205402	25205478	25205089	25205292	808	51,87,82	0,0,1	88,88,54	0,4,0	160	149	0.907768762416	1.0	1.0,1.0,0.987	1.0,0.953,1.0	0.011
811	"AT1G31170"	"SRX"	chr1	+	11133682	11133846	11133682	11133840	11133926	11133960	811	332,346,327	5,16,7	392,587,282	8,12,7	154	149	0.395037654897	1.0	0.985,0.954,0.978	0.979,0.979,0.975	-0.005
812	"AT4G01450"	"AT4G01450"	chr4	+	609567	609955	609567	609857	610044	610196	812	63,92,60	35,39,31	57,129,66	7,4,2	246	149	4.4408920985e-16	3.85617463886e-14	0.522,0.588,0.54	0.831,0.951,0.952	-0.361
813	"AT4G31780"	"MGD1"	chr4	+	15376570	15376649	15376570	15376645	15376727	15377134	813	21,11,17	2,0,0	9,11,9	0,0,2	152	149	1	1.0	0.911,1.0,1.0	1.0,1.0,0.815	0.032
814	"AT4G19160"	"AT4G19160"	chr4	+	10478243	10478347	10478243	10478321	10478540	10478904	814	28,23,44	105,134,118	31,40,19	105,187,111	174	149	0.381734481311	1.0	0.186,0.128,0.242	0.202,0.155,0.128	0.024
815	"AT3G27470"	"AT3G27470"	chr3	+	10163048	10163270	10163048	10163170	10163691	10163811	815	0,4,8	66,74,80	3,3,8	22,44,14	248	149	0.0111351065951	0.0630585927831	0.0,0.031,0.057	0.076,0.039,0.256	-0.094
