ID	IJC_SAMPLE_1	SJC_SAMPLE_1	IJC_SAMPLE_2	SJC_SAMPLE_2	IncFormLen	SkipFormLen
0	305,393,309	59,77,72	220,353,149	81,135,63	298	149
1	192,306,204	2,20,9	158,217,126	13,6,7	151	149
2	2,7,2	189,299,195	0,1,0	172,212,131	193	149
3	0,0,1	333,379,287	3,4,3	793,1060,489	164	149
4	8,13,8	693,826,730	5,7,1	608,581,345	151	149
5	26,41,34	8,18,13	17,30,12	14,13,10	154	149
6	4,4,4	76,80,100	0,5,4	138,161,65	169	149
7	1,0,2	17,21,18	0,2,0	27,41,6	175	149
9	98,149,162	0,1,0	112,306,135	0,0,0	155	149
10	91,188,126	0,1,6	79,94,64	2,0,0	163	149
11	1,2,0	69,105,93	0,1,0	42,115,62	169	149
12	48,62,52	131,152,135	27,59,40	28,120,44	151	149
13	29,66,26	97,191,75	36,84,25	82,186,100	154	149
14	2,1,0	1117,1162,978	0,1,0	1098,1899,910	172	149
15	2,4,2	31,59,48	0,4,0	59,77,34	151	149
16	13,21,19	2,6,2	9,9,15	6,7,6	166	149
17	11,14,25	12,9,5	11,7,1	3,17,2	151	149
18	358,505,399	0,0,0	482,707,433	0,2,0	152	149
20	82,96,77	4,0,2	45,115,45	0,3,0	151	149
21	6,1,2	0,0,0	12,28,11	1,0,0	151	149
22	2,0,0	176,168,138	0,0,0	20,60,37	166	149
23	122,133,91	0,0,0	153,200,104	0,1,0	154	149
24	89,55,39	4,6,3	42,102,37	3,3,0	155	149
25	572,733,817	7,1,2	641,1480,770	0,7,1	152	149
26	56,50,61	13,38,12	73,84,38	33,54,29	153	149
27	223,332,326	355,557,490	233,370,197	554,717,335	157	149
28	25,51,25	43,29,21	31,37,18	2,25,8	151	149
29	8,5,2	4069,4656,4178	10,13,3	5528,6697,3412	170	149
30	57,53,42	0,2,0	33,98,20	0,0,1	160	149
31	112,125,49	2,1,2	101,114,54	2,2,0	151	149
32	72,93,82	23,28,28	108,144,66	27,35,23	151	149
33	0,0,1	12,1,1	1,2,2	1,5,6	151	149
34	0,0,2	0,0,0	1,3,0	0,0,1	151	149
35	0,0,1	8,14,7	0,0,0	4,12,6	151	149
39	25,82,66	9,23,19	63,101,41	28,29,19	150	149
40	1,0,0	10,9,4	2,2,2	2,3,0	178	149
41	8,7,3	10,34,25	6,17,5	32,28,19	151	149
42	40,34,43	53,24,25	32,57,16	29,33,21	151	149
43	0,0,2	40,62,40	2,2,0	53,62,33	154	149
44	12,24,37	39,30,33	16,28,16	41,62,32	151	149
45	149,138,117	0,1,2	113,212,127	0,8,3	151	149
47	14,25,10	0,0,3	32,21,19	0,4,1	183	149
48	91,75,73	0,4,0	64,140,58	0,0,0	161	149
49	32,66,21	2,0,0	16,54,15	2,0,0	163	149
52	248,250,154	4,10,7	364,528,220	13,28,12	151	149
53	37,68,49	1,0,0	48,88,56	2,2,0	154	149
55	258,362,389	0,0,1	490,554,334	0,1,0	151	149
56	1,2,3	78,96,75	4,1,1	73,103,42	151	149
57	5,3,0	320,381,321	10,4,3	530,689,351	168	149
58	3,1,3	10,15,15	0,0,0	19,9,9	196	149
59	7,8,7	7,6,1	2,15,4	13,4,6	168	149
63	9,23,2	16,12,0	3,23,6	4,6,4	151	149
65	64,56,69	0,0,0	91,135,52	0,2,2	156	149
66	8,10,9	3,3,7	10,8,6	3,4,6	168	149
67	6,4,2	52,45,44	2,2,4	17,40,17	157	149
68	122,223,122	51,63,38	107,134,70	24,43,21	157	149
69	173,232,124	31,49,29	166,244,164	26,56,41	151	149
70	62,77,49	0,0,0	72,114,51	0,1,0	155	149
71	224,228,162	7,5,2	124,211,94	0,5,1	160	149
72	2,1,5	53,46,34	0,2,0	38,46,27	178	149
73	27,59,38	8,6,1	31,49,31	4,7,0	154	149
74	60,80,64	168,176,86	50,81,34	204,290,142	298	149
75	7,13,10	310,406,298	5,10,9	384,630,287	179	149
77	0,2,0	17,28,12	0,0,0	11,15,13	151	149
78	42,62,26	6,26,7	38,47,25	4,14,12	151	149
79	160,184,147	0,0,1	240,375,203	2,6,2	158	149
81	283,302,342	40,43,50	394,848,458	61,122,65	170	149
82	4,0,0	5,19,2	0,4,0	17,31,15	151	149
83	55,76,48	0,1,0	109,129,76	0,0,0	151	149
88	257,325,284	199,255,197	221,403,173	250,379,151	211	149
91	11,15,2	0,0,0	2,2,0	0,0,10	160	149
92	22,24,30	143,151,144	28,80,25	103,303,143	152	149
93	98,106,95	142,222,138	84,114,51	141,179,128	151	149
94	1,4,9	106,142,145	6,6,5	170,238,148	151	149
95	160,203,125	3,0,0	130,351,179	0,3,0	181	149
96	121,182,138	0,2,7	110,133,50	2,3,0	280	149
97	4,1,0	7,8,4	4,8,3	3,3,0	167	149
98	1,3,2	338,347,243	5,5,1	245,491,226	181	149
99	1,3,2	224,195,158	5,5,3	83,209,114	154	149
100	55,30,35	2,1,4	38,64,18	0,3,4	151	149
101	4,1,5	51,39,38	0,1,3	34,58,41	298	149
102	58,58,47	45,33,47	71,90,53	49,89,36	151	149
103	2,2,0	529,578,470	0,2,2	434,877,390	184	149
104	7,10,7	213,250,245	2,8,4	166,291,155	151	149
105	6,9,0	7,21,4	2,1,0	6,25,3	172	149
106	447,590,297	0,0,0	249,493,181	0,8,0	152	149
109	206,296,238	9,12,7	400,514,288	2,15,4	158	149
112	0,0,0	251,300,223	0,2,0	190,419,201	190	149
117	2,4,3	12,26,10	9,13,2	4,17,14	151	149
118	7,20,26	0,2,2	25,26,11	4,0,0	231	149
119	40,72,69	238,331,305	74,101,61	363,585,331	231	149
120	134,234,194	0,0,1	238,372,159	0,0,0	285	149
122	610,588,494	6,5,4	521,718,471	4,13,2	151	149
123	8,6,17	252,296,242	5,25,3	194,357,229	160	149
124	5,15,15	4,19,3	17,19,9	8,9,4	183	149
125	18,14,9	110,95,79	15,15,11	50,129,47	169	149
126	88,117,136	0,0,0	105,220,105	2,0,2	155	149
127	0,0,1	29,31,17	0,2,3	33,73,34	167	149
128	23,39,40	24,57,48	25,53,16	70,74,37	151	149
129	17,27,12	99,107,69	7,9,3	35,102,38	151	149
130	1,0,0	116,169,124	0,0,0	101,163,67	151	149
133	1026,1392,1295	0,4,9	1580,2526,1301	4,12,3	150	149
134	46,54,48	4,7,19	10,65,34	6,15,5	157	149
136	0,2,0	4,6,1	3,0,0	5,7,1	157	149
137	8,22,7	9,16,12	10,7,9	20,11,8	151	149
139	180,73,64	0,0,0	184,347,194	0,2,0	154	149
140	3,4,3	31,43,20	0,3,0	21,36,22	298	149
142	1,0,2	1046,1041,922	0,0,0	915,1746,880	151	149
144	96,136,92	0,1,4	82,147,66	1,4,5	182	149
145	57,90,79	0,0,0	74,142,76	0,2,0	154	149
146	13,47,14	0,0,3	16,10,9	0,0,0	154	149
147	2,1,1	4811,5088,4113	0,3,3	6700,14716,7159	151	149
149	9,13,8	17,26,3	2,10,6	14,20,12	160	149
151	5,2,6	33,41,30	9,19,8	9,37,18	151	149
153	17,12,11	118,117,75	11,19,13	65,121,68	151	149
154	9,11,9	23,14,21	13,23,7	10,37,9	200	149
155	40,28,18	101,159,96	21,39,5	77,146,105	169	149
156	5052,2318,3628	10,4,5	10962,21677,11956	25,39,35	152	149
158	4,12,6	0,2,2	4,15,4	0,0,3	154	149
159	0,2,2	1,8,0	0,1,0	0,0,0	151	149
164	31,44,41	4,3,3	23,93,45	3,9,2	169	149
165	105,114,95	13,12,11	104,155,91	8,33,6	156	149
166	63,41,57	0,0,2	54,97,64	2,0,0	203	149
167	5,9,6	96,103,61	2,13,3	8,66,15	159	149
168	105,108,82	0,0,0	181,218,129	2,0,0	155	149
169	0,2,2	15,24,12	4,3,4	11,18,17	151	149
170	12,21,16	10,15,23	100,91,51	59,94,43	159	149
171	0,0,2	48,57,34	1,0,1	42,80,55	169	149
172	2,2,3	87,79,82	3,5,2	110,158,66	151	149
173	5,2,10	4,13,12	19,13,19	15,19,9	151	149
174	10,7,1	1,7,6	17,24,11	10,22,10	151	149
175	0,1,0	2,9,8	0,2,0	12,17,22	153	149
176	3,6,6	0,0,0	19,29,26	4,15,5	159	149
177	83,45,39	54,30,25	78,392,169	55,229,87	151	149
178	0,2,0	0,0,0	1,0,1	3,0,0	184	149
179	138,175,172	27,37,26	149,316,142	43,42,28	151	149
180	28,37,37	69,75,42	29,39,21	78,74,44	151	149
181	8,13,15	0,2,0	14,13,2	2,2,0	151	149
182	15,41,20	0,0,3	32,48,30	0,0,2	151	149
183	53,31,24	0,0,1	27,44,19	0,3,2	154	149
184	6,6,1	4,1,1	8,6,3	4,4,3	182	149
186	0,0,1	288,319,286	0,0,0	337,474,208	166	149
188	5,0,1	70,60,35	2,4,4	9,5,5	298	149
190	0,1,0	116,115,112	0,0,5	118,108,57	171	149
191	48,83,65	0,1,5	85,153,79	1,2,2	162	149
192	170,159,97	6,15,9	128,237,86	5,25,5	157	149
193	122,120,119	4,7,3	142,266,113	1,0,5	217	149
194	101,122,131	0,0,2	118,205,86	0,6,0	181	149
195	66,85,43	0,2,0	71,92,53	2,2,0	152	149
196	154,156,135	18,11,16	104,220,104	12,21,9	163	149
197	1,2,1	56,75,63	1,0,1	36,68,30	169	149
198	0,2,0	5,5,5	0,0,1	3,4,2	164	149
200	4,11,3	0,0,0	4,6,3	0,0,1	171	149
201	12,20,8	11,23,11	8,12,8	10,10,5	269	149
202	8,9,5	11,23,11	4,6,6	10,10,5	246	149
203	0,3,6	21,39,39	4,10,6	30,73,37	151	149
204	187,254,172	5,5,4	401,350,214	15,6,4	166	149
205	112,230,157	29,62,33	108,203,92	32,78,31	151	149
206	244,305,312	103,93,129	333,430,199	123,194,76	151	149
209	10,4,2	20,29,15	1,7,2	11,26,13	151	149
211	15,8,15	477,456,488	6,8,9	304,565,283	166	149
212	447,568,478	0,0,0	478,731,367	2,1,0	178	149
213	21,55,46	0,5,0	71,82,31	2,0,0	151	149
214	42,24,40	0,1,2	20,47,22	2,2,0	171	149
217	15,25,7	10,19,5	16,14,2	14,20,9	153	149
218	49,79,68	0,4,2	47,81,34	5,13,0	183	149
221	17,7,6	89,107,84	4,7,3	59,145,61	153	149
224	4,9,15	9,0,8	22,31,19	17,6,10	203	149
225	3,4,6	3,2,2	2,4,0	0,3,0	203	149
226	108,127,112	31,44,20	100,206,81	25,47,19	160	149
227	0,0,0	6,2,11	0,5,4	1,12,6	158	149
229	293,269,326	42,24,25	245,256,150	13,22,14	154	149
230	1,2,0	56,73,39	1,0,1	34,59,31	196	149
231	17,17,24	32,32,35	12,23,10	25,61,25	151	149
232	14,7,6	0,0,1	16,26,6	3,6,5	156	149
234	178,182,187	0,0,0	194,323,159	0,0,1	176	149
235	0,2,1	54,52,44	0,0,0	37,49,24	166	149
236	9,7,22	2,5,2	10,12,7	0,10,6	157	149
237	40,43,17	36,55,46	6,28,16	36,52,36	151	149
238	96,153,120	5,11,18	157,263,122	12,20,9	152	149
240	1992,1337,1773	230,165,276	5398,8550,4362	703,1226,567	154	149
241	63,64,79	0,2,0	43,74,37	0,4,2	154	149
242	79,123,99	22,45,33	121,141,75	31,100,26	212	149
243	454,484,457	4,1,1	609,580,382	8,4,2	298	149
244	132,177,107	39,37,42	217,252,101	39,46,36	165	149
245	9,6,9	14,21,26	9,13,6	15,26,23	153	149
247	241,256,216	4,4,7	210,366,211	13,9,6	221	149
248	1,6,1	30,51,26	0,7,1	22,43,17	151	149
252	2268,2586,1867	16,3,7	1021,1729,876	5,0,1	157	149
254	3,1,2	0,0,0	0,4,3	0,1,0	165	149
255	9,7,7	18,6,7	9,9,5	7,25,12	151	149
256	113,128,144	8,0,0	122,146,86	0,2,4	155	149
258	175,291,327	0,4,2	306,556,244	0,2,4	151	149
259	78,133,79	84,99,65	97,117,79	62,115,36	151	149
260	428,449,532	0,3,4	390,449,199	0,2,1	151	149
261	28,38,34	20,26,19	24,48,22	7,25,15	151	149
262	15,17,4	1,0,0	5,18,4	0,6,0	182	149
263	94,113,85	0,0,0	134,261,115	0,3,0	182	149
264	164,256,229	0,4,2	143,328,160	0,2,1	298	149
265	30,22,6	13,8,5	10,24,2	10,7,3	153	149
267	0,1,0	0,0,0	4,2,0	1,2,0	151	149
268	93,104,109	0,0,0	169,159,93	0,0,2	152	149
270	0,1,0	123,131,119	0,1,1	97,184,89	151	149
271	0,1,1	111,145,135	0,1,6	176,322,153	151	149
272	107,83,64	0,12,1	43,66,32	2,5,3	161	149
273	4807,5924,4062	0,0,0	2467,4140,2155	0,0,7	151	149
274	37,57,64	0,4,2	101,120,39	3,2,2	153	149
275	6,0,3	378,355,250	2,1,2	207,411,229	163	149
276	47,36,32	371,346,250	30,66,25	187,368,189	152	149
277	11,6,13	91,85,57	12,22,6	32,143,71	159	149
278	75,76,54	1,1,0	53,89,27	1,0,0	238	149
279	30,41,28	0,1,0	19,22,7	0,0,0	238	149
280	83,61,45	30,17,19	19,55,38	3,21,17	155	149
281	171,155,148	6,12,4	76,167,78	2,5,2	154	149
283	28,41,25	16,9,14	21,35,12	7,18,18	151	149
284	2,0,1	3,4,1	0,0,0	4,4,1	225	149
285	0,0,0	24,32,20	0,1,0	19,33,8	208	149
286	3,0,0	1,6,3	1,3,3	8,1,2	162	149
287	203,360,311	581,721,660	163,293,117	445,606,333	151	149
288	222,226,162	99,106,91	41,74,22	20,31,4	151	149
289	249,400,238	306,361,266	59,100,62	56,119,59	154	149
290	49,56,37	37,21,26	44,56,52	13,29,16	205	149
291	0,2,0	16,13,2	2,0,0	4,8,7	176	149
292	0,0,0	0,1,5	0,1,0	1,1,0	158	149
293	132,158,174	9,5,9	190,187,151	6,3,6	153	149
294	719,897,854	0,0,1	719,1153,582	0,2,0	157	149
295	90,101,101	1,0,2	96,158,102	1,1,0	151	149
296	114,114,106	1,0,0	75,117,96	2,1,0	158	149
298	46,43,54	10,6,0	37,86,30	0,2,2	169	149
299	2,7,6	14,14,12	0,6,0	3,16,10	151	149
300	4,9,4	101,88,135	10,21,9	148,299,184	152	149
301	104,132,114	1,0,0	147,203,93	0,3,7	221	149
302	9,11,2	68,84,58	3,12,2	46,86,42	151	149
303	30,63,26	63,74,61	27,37,35	57,75,36	151	149
304	10,11,8	1,0,6	20,25,29	6,6,2	157	149
305	1,5,0	550,661,527	1,5,2	661,835,408	175	149
306	19,29,15	30,19,20	11,30,10	7,24,6	187	149
307	0,0,0	0,2,42	0,4,0	9,5,2	166	149
308	1,0,1	34,54,38	2,2,0	49,83,48	175	149
310	9,20,14	19,18,24	23,29,11	25,30,26	151	149
311	9,12,29	10,20,18	19,40,8	10,12,10	181	149
312	20,14,8	1,1,0	5,21,11	0,0,0	151	149
313	32,40,48	132,122,129	30,66,38	72,184,92	162	149
316	7,18,14	21,34,28	4,18,23	30,38,21	151	149
317	640,874,683	5,4,10	904,1015,481	14,7,2	151	149
318	8,7,1	3,2,0	12,1,1	5,1,0	151	149
320	3,4,6	27,34,26	5,9,9	24,56,20	151	149
321	1,0,0	12,15,9	1,6,0	7,15,5	160	149
324	184,229,162	0,5,0	206,315,156	2,14,2	169	149
325	69,77,57	74,99,84	46,86,49	55,121,46	151	149
326	108,137,153	7,22,17	114,193,66	17,18,6	151	149
328	6657,7774,6712	0,1,0	8720,15950,7658	0,0,0	152	149
329	0,1,0	54,31,22	2,1,0	29,23,15	184	149
330	74,48,51	29,33,15	25,70,35	6,32,8	151	149
331	201,177,150	4,5,0	139,250,93	0,2,0	184	149
332	65,110,77	0,1,0	77,80,32	6,0,0	169	149
333	116,71,70	57,61,37	29,52,37	26,48,11	151	149
334	15,17,10	15,32,12	25,28,6	20,48,12	193	149
335	90,135,127	1,0,1	178,135,85	0,4,2	151	149
337	15,13,13	0,0,0	14,23,3	0,2,0	154	149
338	12,3,8	331,332,261	8,11,8	281,407,260	151	149
340	29,52,43	2,2,0	51,100,33	2,3,8	298	149
341	77,67,72	23,34,30	72,121,47	26,47,13	151	149
342	11,12,12	116,104,84	8,15,3	131,142,58	154	149
343	125,145,138	4,4,9	129,238,117	12,25,8	195	149
344	66,70,61	4,9,7	36,76,28	2,4,0	151	149
345	19,35,14	5,12,4	29,35,19	11,10,9	164	149
346	1038,1338,1209	24,30,21	1514,2212,1080	50,25,12	151	149
348	1,1,0	59,41,29	0,1,0	26,37,21	238	149
349	287,338,257	0,0,0	248,399,223	6,0,0	154	149
350	129,146,105	0,0,2	113,206,109	0,0,2	157	149
352	157,162,177	13,7,4	144,122,71	11,7,3	159	149
353	9,7,2	29,26,33	1,20,9	45,95,35	151	149
356	1,0,2	78,126,73	0,2,0	65,67,48	220	149
357	16,25,21	10,14,16	29,41,15	14,29,7	151	149
358	44,39,27	6,4,1	16,44,22	0,6,2	153	149
359	100,134,61	1,3,2	76,154,78	0,4,0	151	149
360	3,14,13	51,66,56	6,11,3	45,55,36	151	149
361	69,98,48	5,5,3	83,88,82	2,2,10	178	149
362	0,1,2	42,51,39	0,0,0	44,70,42	187	149
364	99,110,114	0,0,2	64,269,92	0,0,0	163	149
365	26,34,28	12,16,9	10,9,8	0,6,1	188	149
366	150,134,84	7,0,0	107,241,133	0,4,2	151	149
371	0,3,0	100,92,83	0,2,1	105,165,96	151	149
372	97,88,53	0,2,0	63,151,63	0,0,0	298	149
373	17,10,15	0,4,0	3,13,4	0,0,0	157	149
374	21,39,23	0,0,0	48,28,9	4,0,0	164	149
376	2,0,0	0,0,0	0,0,0	4,5,3	160	149
377	17,28,10	36,28,14	8,8,3	2,13,7	167	149
378	12,4,9	51,33,37	6,8,2	21,70,26	189	149
380	592,717,615	0,0,0	803,1138,671	0,3,1	160	149
381	20,20,20	3,5,13	14,39,20	10,11,6	153	149
382	2,0,0	53,67,38	1,2,2	7,39,16	205	149
383	2,1,1	2,4,2	10,15,2	9,26,19	151	149
384	31,41,50	28,16,21	34,75,28	31,43,23	151	149
385	15,23,10	1,0,0	12,35,8	2,1,0	157	149
386	0,1,2	8,15,14	0,3,1	12,10,10	277	149
387	31,61,26	7,12,2	20,45,30	4,12,4	151	149
388	74,141,81	26,34,24	83,140,78	20,24,19	169	149
389	6,12,12	126,105,120	7,10,4	87,121,55	153	149
390	4,4,7	68,133,123	2,2,2	79,107,111	169	149
392	18,12,17	6,8,13	17,13,13	20,15,7	154	149
393	102,144,133	2,0,0	144,147,96	1,0,0	298	149
394	42,51,28	7,3,0	44,99,52	0,2,0	158	149
395	3,2,2	85,115,101	7,2,5	95,175,76	168	149
398	1,7,4	1304,1161,1084	10,15,5	1888,3665,1903	157	149
399	4,4,7	3,2,10	0,6,3	2,6,6	160	149
400	11,15,4	3,2,10	2,11,8	2,6,6	166	149
401	11,14,4	4,3,7	2,11,8	0,6,3	154	149
402	0,0,0	27,35,23	0,1,0	33,32,34	220	149
404	16,16,17	8,20,14	1,5,0	7,17,7	162	149
405	20,16,17	285,272,259	2,11,3	251,432,255	162	149
406	5,5,2	373,379,263	1,6,2	162,300,153	151	149
407	57,75,71	24,55,27	45,100,54	18,53,31	151	149
409	0,0,2	7,5,7	0,2,0	3,5,8	151	149
411	8,6,3	16,25,6	8,2,0	10,8,1	157	149
412	1,1,0	27,41,37	1,0,0	28,34,10	205	149
413	31,54,42	2,1,3	30,63,33	8,4,2	152	149
414	32,65,51	8,16,8	37,75,41	14,25,8	220	149
415	3,12,12	8,16,8	15,16,10	14,25,8	216	149
416	440,544,330	2,0,3	372,744,397	0,0,0	181	149
417	10,9,6	5,9,6	0,14,6	1,4,6	151	149
418	22,31,13	27,48,27	6,20,9	12,36,9	151	149
419	0,4,0	19,27,23	2,7,3	10,22,8	163	149
420	213,253,140	0,5,4	137,146,80	4,7,0	166	149
421	75,68,4	0,0,2	72,10,73	0,2,0	190	149
422	82,74,14	0,0,0	86,26,81	0,4,0	250	149
423	7,6,12	0,0,0	14,18,8	0,4,0	208	149
424	13,16,3	1,4,4	3,33,13	1,3,2	169	149
425	16,21,12	1,0,0	14,46,17	0,0,0	208	149
426	4,9,13	1,0,0	12,16,6	0,0,0	187	149
427	7,13,16	2,0,0	15,28,17	0,2,0	187	149
429	31939,34727,30640	25,24,17	53008,102385,55678	193,81,248	169	149
431	62,67,49	11,17,8	26,101,48	8,19,11	151	149
434	153,148,138	4,2,3	146,294,147	8,4,5	151	149
435	2,1,1	182,140,140	0,0,0	32,54,37	232	149
437	49,73,55	40,42,40	71,93,37	65,76,38	151	149
438	3,0,2	149,130,124	1,4,1	110,220,123	169	149
439	971,1015,888	184,198,131	1139,1641,812	220,358,167	151	149
440	38,34,8	1,9,2	6,17,9	2,6,6	151	149
441	149,216,113	6,4,4	64,112,51	1,2,0	174	149
445	80,154,154	85,123,115	170,199,96	145,189,110	151	149
446	0,1,0	118,140,151	0,0,0	112,185,114	196	149
447	10,3,4	189,189,141	7,8,0	131,300,98	162	149
449	158,175,101	70,74,52	77,157,44	36,80,26	151	149
450	3,2,0	727,667,400	2,7,3	315,485,235	167	149
451	132,170,105	0,0,0	100,206,72	2,1,2	161	149
454	35,53,21	5,2,2	15,45,18	3,3,8	159	149
455	54,63,48	0,2,0	18,37,25	0,1,1	211	149
456	15,27,11	0,1,0	6,9,11	0,0,0	298	149
457	6,2,3	47,58,40	3,9,6	33,39,34	169	149
458	1,3,0	0,0,0	0,0,0	0,2,0	167	149
459	0,2,1	38,38,27	0,2,0	19,11,23	172	149
460	41,54,63	0,0,0	31,44,26	1,1,0	154	149
463	74,71,51	133,173,145	72,84,39	169,150,115	151	149
464	8,20,26	8,16,9	21,30,19	2,10,15	151	149
465	206,188,148	37,39,15	299,440,222	47,76,43	151	149
466	4,3,2	51,85,57	0,2,3	16,56,25	151	149
467	2,0,0	0,0,2	0,0,0	0,1,1	211	149
468	70,75,79	10,7,2	49,96,53	2,3,2	193	149
469	2,0,1	120,139,106	0,0,0	206,269,124	177	149
470	19,21,10	2,0,3	6,19,6	0,0,0	160	149
473	54,68,45	10,18,6	60,105,64	6,7,2	165	149
474	21,13,14	6,2,3	9,22,9	1,4,6	151	149
475	200,297,266	84,95,85	287,400,243	75,146,80	151	149
476	56,76,30	3,2,3	48,58,16	1,7,1	166	149
477	6,1,11	273,295,235	10,22,9	301,607,296	157	149
478	9,27,20	53,103,67	20,31,12	107,150,76	151	149
483	37,39,35	3,16,9	40,44,25	8,13,5	151	149
484	27,41,21	20,22,20	43,33,11	24,18,13	163	149
485	0,1,4	22,36,34	0,7,1	41,44,20	259	149
486	63,68,62	26,55,41	20,25,9	32,13,10	151	149
487	61,69,54	0,0,0	48,62,39	1,0,0	154	149
489	8,13,18	1,3,6	14,28,17	1,7,4	208	149
490	6,16,7	207,226,216	10,22,7	141,215,133	160	149
491	101,194,185	2,2,2	117,176,78	0,10,0	150	149
493	24,65,15	2,0,0	9,4,8	2,0,0	154	149
496	27,29,8	13,21,14	16,27,12	17,26,12	151	149
497	0,0,0	19,18,7	0,1,0	19,28,6	180	149
499	0,2,0	0,0,0	0,5,2	0,0,1	154	149
500	7,10,14	10,16,4	1,0,3	5,3,2	151	149
501	170,290,161	1,1,2	71,128,95	0,0,1	160	149
502	155,191,201	161,157,159	144,352,137	139,322,105	151	149
503	37,59,40	272,329,311	21,55,40	242,527,243	163	149
505	47,57,47	17,22,19	67,138,59	38,67,30	298	149
506	8,8,2	2,7,5	5,22,12	7,25,9	151	149
507	34,42,25	8,7,1	21,64,23	12,7,3	154	149
508	3,7,1	74,109,90	0,0,0	56,89,48	151	149
509	3,3,4	32,58,43	6,9,4	25,57,42	163	149
512	94,125,63	1,0,0	58,128,68	1,0,0	165	149
513	57,99,63	367,471,281	102,120,27	608,524,292	152	149
514	2,2,6	0,1,0	1,0,0	4,4,0	167	149
516	19,28,15	72,82,75	22,42,23	77,142,86	166	149
518	9,14,5	15,19,21	11,24,0	37,37,12	151	149
519	125,181,146	0,0,1	141,220,101	0,2,2	153	149
520	19,43,29	103,136,65	58,74,49	116,212,103	151	149
521	10,6,5	1,0,0	20,15,5	6,0,0	179	149
524	66,87,60	38,78,28	47,96,52	55,65,27	151	149
525	1,0,2	201,315,278	1,0,0	360,433,222	159	149
526	107,167,98	0,0,0	91,149,58	0,0,2	163	149
527	3,2,4	775,674,609	0,6,2	242,490,269	163	149
528	5,19,14	96,104,100	16,17,8	80,140,69	154	149
529	1,1,0	24,33,11	0,0,0	11,34,18	151	149
530	51,36,29	20,24,28	40,70,27	9,14,6	156	149
531	712,670,412	197,268,126	372,776,363	141,298,132	151	149
533	497,583,518	9,3,3	1298,1939,1045	9,18,2	158	149
535	117,153,108	32,34,17	81,187,55	14,30,22	151	149
536	22,15,5	151,163,83	3,12,3	84,143,61	161	149
538	5,5,5	7,3,2	3,14,7	3,5,0	151	149
539	2,9,7	35,48,42	1,4,4	11,45,27	151	149
540	11,11,6	48,94,52	3,0,2	18,36,18	154	149
542	728,971,601	2,1,2	303,632,288	5,3,0	154	149
543	14,23,9	463,601,281	2,9,2	174,381,158	172	149
545	125,170,84	31,48,39	110,177,104	28,42,22	151	149
546	14,13,7	18,30,37	6,17,9	33,56,23	169	149
547	22,40,13	20,18,10	20,26,13	16,20,12	152	149
548	61,76,70	27,43,28	49,70,23	33,50,16	151	149
549	20,6,4	0,0,3	17,5,7	0,2,0	155	149
553	123,114,85	1,7,3	120,222,93	0,4,0	154	149
554	24,37,20	1,0,0	20,19,13	0,0,1	151	149
555	3,9,12	8,14,17	14,9,12	12,12,8	151	149
557	14,21,11	9,29,15	10,22,10	18,36,17	180	149
558	19,17,27	84,116,92	17,53,11	117,153,101	159	149
559	41,53,35	6,1,1	38,99,62	1,10,1	162	149
560	57,103,50	2,13,6	22,97,45	2,8,4	157	149
561	23,30,13	10,6,1	43,88,44	2,6,0	154	149
562	1,1,0	41,50,28	2,1,0	37,23,17	151	149
565	2,3,0	3,0,0	0,0,0	6,3,4	151	149
566	1,6,1	32,26,22	7,5,1	16,57,26	157	149
567	4,6,5	86,126,103	6,5,2	137,245,106	151	149
568	2411,2473,2107	6,1,0	2403,4191,2069	5,2,2	158	149
569	41,66,29	1,0,4	48,31,18	0,2,0	155	149
570	13,25,16	281,294,261	8,8,2	254,432,190	202	149
573	0,1,4	8,12,11	0,2,1	9,11,2	151	149
574	0,0,0	8,8,8	0,1,0	16,17,5	160	149
575	2,4,0	2,8,1	0,0,2	9,12,5	160	149
576	29,59,50	6,3,1	41,81,40	7,8,1	154	149
577	23,12,16	1,13,5	5,17,6	4,15,3	155	149
578	3,2,4	13,0,0	2,5,4	11,4,0	153	149
579	4,11,2	22,28,19	6,11,3	15,29,24	151	149
581	10,15,1	0,8,5	10,15,2	2,13,1	153	149
586	55,62,34	0,1,0	25,38,25	0,3,0	220	149
587	57,71,40	34,65,44	29,40,25	31,28,31	229	149
588	2,10,6	34,65,44	4,5,0	31,28,31	157	149
589	8,16,7	206,314,326	9,8,4	188,187,104	151	149
591	14,57,51	40,30,24	24,48,21	15,22,13	151	149
592	9,16,22	2,7,4	6,14,7	5,11,2	214	149
593	10,23,22	13,11,1	6,19,10	1,7,1	237	149
594	3,14,4	13,11,1	5,16,5	1,7,1	171	149
595	1,0,0	0,2,0	1,5,1	0,2,0	156	149
596	11,14,12	198,301,258	27,34,21	138,344,182	156	149
597	2,3,8	93,105,126	8,18,3	205,242,135	151	149
598	315,354,346	29,31,49	302,397,187	23,46,19	154	149
599	29,35,45	0,2,0	19,42,12	0,0,2	298	149
600	496,470,362	0,0,0	280,547,360	1,0,0	217	149
601	3,3,4	238,235,162	2,12,7	203,371,153	181	149
602	16,7,15	10,5,0	9,19,10	8,12,3	153	149
603	0,10,2	7,6,6	6,7,12	0,9,8	231	149
604	0,1,0	44,47,57	0,1,2	29,42,33	160	149
605	5,8,8	5,2,0	5,7,6	3,16,1	154	149
607	0,2,0	92,136,102	1,0,1	112,154,87	151	149
609	22,35,40	275,446,288	7,26,11	349,519,262	298	149
610	2,2,1	89,117,92	0,2,2	77,142,71	196	149
611	55,84,28	1,1,1	32,43,38	0,0,0	190	149
612	5,6,1	0,4,1	0,4,0	0,0,0	151	149
613	117,123,125	4,7,2	166,223,82	8,7,5	190	149
614	4,7,4	14,16,8	2,7,0	7,17,6	151	149
615	2,2,0	19,22,5	1,3,3	8,13,10	151	149
617	1,0,2	5,5,9	0,2,0	2,11,1	157	149
618	1,0,0	17,15,11	0,2,1	2,13,6	151	149
619	101,153,85	2,0,1	90,164,82	8,1,3	157	149
620	1382,951,1084	5,8,5	873,2484,1233	4,13,7	157	149
621	51,101,70	33,84,52	51,98,51	69,97,59	151	149
622	76,166,96	1,2,9	85,123,84	0,12,7	160	149
623	9,12,11	63,113,45	9,12,3	35,79,36	160	149
625	203,261,290	25,37,31	445,602,349	31,48,25	156	149
627	13,27,23	26,27,31	16,20,12	29,34,12	164	149
628	0,1,0	1,1,0	0,1,0	0,2,0	154	149
631	144,120,90	0,0,0	79,180,86	0,2,0	166	149
632	2411,2347,1777	4,3,0	2357,4894,2540	0,5,1	151	149
633	8,2,5	101,161,90	0,1,1	20,68,27	151	149
635	7,14,12	14,27,36	13,8,5	33,40,13	151	149
637	17,10,11	432,503,528	30,64,23	521,685,366	167	149
638	142,183,79	105,116,77	125,167,96	67,119,85	151	149
639	4,13,11	5,7,12	15,23,13	19,44,17	153	149
640	47,50,48	5,1,2	24,90,48	3,0,11	181	149
641	60,77,55	3,4,6	75,98,50	9,4,2	153	149
642	38,44,21	0,2,0	26,37,20	0,0,0	157	149
644	8,7,14	46,32,18	14,9,5	32,86,35	151	149
645	2,0,0	8,5,1	2,4,3	18,14,7	151	149
646	6,3,4	11,9,9	1,8,1	3,9,9	153	149
647	11,8,6	2,3,3	10,32,12	2,25,6	153	149
648	0,1,0	25,56,23	0,0,0	32,34,9	163	149
650	56,61,54	2,0,0	22,90,27	0,0,0	217	149
651	123,130,79	21,34,24	112,259,119	24,66,26	158	149
652	542,603,602	0,0,0	654,1041,492	1,0,0	150	149
653	15,18,11	115,120,98	9,6,11	84,158,96	157	149
655	159,255,187	185,284,214	107,348,137	131,407,165	151	149
656	51,58,52	1000,1117,1154	34,62,27	767,1049,485	160	149
657	22,36,17	31,28,5	16,22,17	6,8,11	174	149
658	7,2,0	435,568,446	1,5,1	450,660,375	178	149
659	609,789,705	0,2,0	777,885,461	0,0,1	154	149
660	0,1,1	1,6,5	5,12,5	7,10,5	152	149
661	15,38,7	1,4,3	23,26,10	5,2,1	152	149
662	170,233,228	0,0,4	155,314,154	0,0,2	166	149
665	39,55,21	2,0,0	16,44,10	0,0,0	157	149
666	61,83,53	4,1,0	48,79,27	0,9,4	151	149
668	36,26,17	45,47,53	23,42,27	47,58,30	160	149
669	12,10,9	11,5,12	38,26,27	28,21,13	157	149
670	4,13,6	139,238,138	4,7,9	113,230,88	235	149
671	10,12,8	2,4,0	3,2,2	0,0,0	157	149
673	103,124,149	0,0,0	189,284,145	0,0,1	163	149
674	215,259,207	5,9,4	175,308,133	4,6,5	266	149
675	11,24,20	144,193,165	20,27,10	132,306,118	153	149
677	2,3,0	14,9,11	0,6,2	10,28,10	165	149
678	0,2,1	82,142,117	0,0,0	102,153,88	181	149
679	34,30,42	323,399,374	34,57,34	435,534,276	151	149
681	53,41,31	13,16,5	32,44,23	9,15,8	151	149
682	37,40,23	2,12,4	25,21,12	12,4,0	190	149
683	0,0,0	68,158,99	0,1,0	99,168,89	151	149
685	3,6,7	15,17,11	3,4,5	5,9,2	175	149
686	89,110,53	78,147,60	57,74,36	51,116,39	151	149
687	41,79,67	61,71,77	125,113,63	82,120,63	151	149
688	161,144,143	49,66,43	185,308,102	70,117,48	169	149
689	31,42,45	65,66,41	31,85,26	39,85,19	168	149
690	9,11,3	1,6,5	3,3,2	0,0,0	203	149
691	10,14,3	104,133,88	4,6,2	35,88,32	206	149
692	12,15,4	38,30,41	4,6,3	14,9,11	209	149
693	2,9,5	104,133,88	1,3,0	35,88,32	151	149
694	4,10,6	38,30,41	1,3,1	14,9,11	154	149
695	106,134,89	38,30,41	35,88,33	14,9,11	151	149
696	8,23,11	41,55,67	15,24,19	54,81,47	151	149
698	160,176,171	0,0,0	161,254,158	5,2,2	197	149
699	89,163,78	0,0,0	109,180,118	0,1,0	152	149
700	1,6,0	22,31,33	6,2,7	23,30,15	298	149
701	53,74,34	0,4,3	24,47,10	1,3,0	151	149
702	32,37,16	26,30,22	24,56,21	26,47,25	151	149
704	29,52,37	0,0,0	26,59,32	0,0,1	154	149
706	101,105,130	0,0,0	157,201,88	2,0,0	172	149
707	25,53,17	18,18,7	31,43,9	15,16,10	154	149
708	62,83,83	4,5,2	70,80,41	5,4,3	298	149
709	45,71,48	16,23,33	49,78,30	17,22,16	175	149
710	650,817,666	2,2,0	1041,1057,610	0,2,0	153	149
711	8,23,21	50,87,33	6,28,2	31,65,35	151	149
712	2,1,1	46,77,35	0,4,0	21,37,20	172	149
714	2,6,5	186,673,551	1,3,3	407,990,478	174	149
715	243,361,233	138,183,133	314,319,183	135,163,102	151	149
719	42,34,38	24,27,16	57,96,45	11,20,13	153	149
721	8,16,15	0,0,1	18,25,12	0,0,0	151	149
722	69,88,53	10,15,19	42,93,58	17,15,17	151	149
723	0,1,0	1339,1465,919	0,0,0	944,1855,1031	175	149
724	29,20,31	7,25,28	43,50,30	20,43,15	154	149
725	45,90,49	8,9,3	69,80,57	1,11,13	151	149
726	14,21,10	30,24,22	6,9,7	11,20,9	151	149
727	14,27,15	13,21,4	7,15,8	8,17,9	160	149
728	30,30,27	13,21,4	12,26,10	8,17,9	157	149
729	22,36,25	1,1,6	14,34,23	0,15,2	173	149
731	43,58,56	5,3,2	9,37,12	0,0,0	181	149
732	25,36,23	24,33,7	22,28,26	25,47,13	151	149
734	0,1,0	91,119,133	1,0,1	93,127,83	151	149
735	63,53,37	9,31,13	47,99,47	15,24,11	160	149
737	4,12,5	2,1,0	6,3,0	0,0,0	154	149
738	3,9,2	23,17,15	3,7,4	15,36,16	154	149
739	15,14,13	0,6,2	48,33,12	0,0,0	153	149
740	3,3,5	5,3,3	7,14,7	13,8,6	152	149
742	18,42,46	6,19,10	110,135,76	38,37,16	158	149
745	48,68,60	13,5,5	40,46,32	6,2,2	151	149
746	140,142,122	20,18,19	137,169,65	23,34,24	151	149
747	114,121,139	0,5,0	123,239,120	2,5,1	153	149
748	133,196,238	10,4,0	239,300,152	7,4,5	154	149
749	145,157,128	0,0,0	209,203,101	0,2,0	178	149
753	0,0,1	33,58,25	2,2,5	33,67,37	159	149
755	16,30,24	71,97,71	30,31,15	130,150,73	151	149
756	4,0,0	36,42,71	10,13,10	124,148,96	220	149
757	357,491,343	11,12,12	660,548,343	17,20,10	151	149
759	0,1,2	59,42,33	0,0,0	22,50,10	184	149
760	85,59,26	35,25,18	24,99,58	19,53,25	164	149
761	30,26,29	14,12,14	59,77,40	28,43,23	157	149
762	156,186,111	2,1,1	122,151,56	0,0,2	163	149
764	1215,1514,1512	8,0,2	754,1307,627	0,2,0	151	149
765	31,34,40	0,0,0	28,80,29	0,2,0	156	149
766	47,101,109	2,3,2	187,195,103	2,4,4	166	149
767	0,7,2	39,52,30	1,1,0	49,58,35	151	149
768	56,59,51	3,15,8	71,96,43	3,8,4	155	149
769	257,262,281	45,44,49	278,495,219	25,79,40	151	149
771	147,198,235	55,63,72	203,411,186	69,107,58	168	149
773	8,16,9	11,11,7	9,13,8	21,17,9	180	149
774	3,10,3	35,47,34	15,6,5	29,70,15	160	149
777	3,8,3	0,1,0	6,13,2	0,0,0	158	149
778	6,2,1	119,133,109	2,4,1	87,173,92	160	149
779	1,0,0	0,0,0	12,12,5	0,1,0	151	149
780	0,7,5	8,17,18	0,2,2	17,16,9	178	149
781	457,544,526	88,148,98	811,950,459	122,155,98	154	149
783	4,4,5	7,2,3	0,4,1	2,8,1	157	149
784	132,144,75	4,5,4	52,86,49	2,8,5	187	149
787	15,12,5	0,0,0	14,10,7	0,2,0	157	149
788	36,32,21	6,4,7	18,26,13	0,4,1	151	149
789	9,27,16	87,113,105	4,4,1	41,35,20	153	149
790	68,49,44	41,44,21	34,65,39	41,80,31	184	149
792	0,1,0	5,6,0	1,1,0	5,11,7	157	149
793	1,2,1	40,49,39	1,8,0	25,94,26	159	149
794	1,1,0	0,1,0	3,0,0	2,0,2	156	149
795	30,58,37	59,94,63	21,44,16	45,54,20	151	149
796	23,46,15	53,76,48	2,27,5	30,56,23	154	149
797	31,42,32	16,24,32	43,58,18	26,23,10	160	149
798	17,28,29	25,42,29	24,43,21	28,26,11	151	149
800	37,41,56	0,1,0	76,111,48	1,0,0	155	149
802	311,382,334	2,0,0	270,455,261	0,0,0	150	149
804	9,9,6	0,0,0	26,50,27	8,16,5	159	149
805	34,40,13	17,23,18	13,31,19	13,28,12	154	149
806	0,2,3	7,5,4	0,0,1	2,7,5	167	149
807	15,10,15	416,531,535	12,16,8	278,390,148	166	149
808	67,59,82	32,28,29	139,160,78	42,83,56	187	149
809	224,266,262	0,0,2	89,133,93	0,0,0	298	149
810	13,18,5	28,26,12	9,9,7	9,16,8	154	149
811	21,11,18	1,0,0	19,50,25	2,1,2	151	149
812	402,508,574	216,330,350	911,1485,770	706,1131,593	191	149
813	39,36,43	0,0,0	47,92,37	2,0,0	152	149
814	196,188,176	0,4,1	107,277,135	3,2,2	154	149
817	30,28,25	5,17,1	15,29,24	6,9,2	163	149
818	6,8,2	113,146,152	4,9,3	163,271,128	151	149
819	1574,2309,1811	0,6,7	1815,3108,1867	0,1,0	158	149
820	0,1,0	13,8,12	0,0,0	8,10,11	172	149
822	173,215,210	0,2,1	166,266,152	8,1,1	151	149
824	0,1,0	108,115,84	0,0,0	64,107,41	172	149
825	27,43,27	28,47,36	28,42,11	18,55,27	154	149
826	9,22,16	21,42,50	25,21,14	43,64,29	153	149
827	87,95,79	1,0,0	53,107,44	0,0,0	154	149
828	12,4,3	22,38,8	2,5,11	28,43,29	151	149
829	25,32,12	5,4,2	15,25,7	4,2,0	151	149
830	21,24,13	3,1,0	4,15,3	3,1,3	154	149
831	7,18,8	1,0,0	2,8,3	1,4,2	215	149
832	67,91,61	67,126,94	83,195,100	42,108,62	199	149
833	38,45,47	182,266,228	51,71,46	307,347,193	255	149
834	7,9,13	5,4,4	5,13,8	10,6,0	154	149
837	9,17,14	1,1,4	7,14,5	2,6,1	153	149
838	0,0,1	68,108,63	2,2,1	47,106,49	298	149
839	1,5,4	81,115,95	10,14,3	106,119,82	151	149
840	4,20,23	29,42,37	15,31,10	27,43,15	163	149
842	59,48,33	506,371,311	36,103,55	289,610,282	151	149
843	2,4,9	543,478,485	11,12,7	491,1060,509	172	149
845	61,55,44	14,11,2	15,38,2	4,8,13	221	149
846	90,86,100	130,139,120	61,125,79	128,191,82	152	149
847	2,9,0	72,54,17	5,12,2	18,38,16	154	149
848	67,105,15	3,9,2	17,54,12	4,0,2	154	149
850	985,1266,1239	2,3,4	1935,2351,1311	9,4,11	192	149
851	292,342,319	0,0,0	623,764,388	1,0,0	165	149
852	3,3,2	2,0,0	1,1,1	0,0,0	151	149
853	1,4,1	0,0,1	2,7,2	0,2,0	207	149
854	2,4,4	93,142,122	2,15,2	107,160,56	207	149
855	116,135,142	0,0,1	115,151,96	0,0,0	154	149
856	21,35,32	163,195,175	23,21,12	68,132,60	151	149
857	128,145,146	67,79,88	95,134,47	39,79,33	151	149
858	33,29,11	242,342,314	14,6,12	319,373,185	298	149
860	23,38,14	0,0,2	23,59,19	0,0,0	245	149
861	3,3,2	63,58,68	0,6,0	29,78,42	163	149
862	28,64,29	8,4,2	11,65,16	3,17,10	161	149
864	41,70,47	12,25,31	42,64,32	19,41,19	151	149
865	407,579,492	7,1,0	257,436,206	0,2,0	182	149
866	16,27,19	0,1,0	13,18,8	0,0,0	182	149
867	364,450,404	0,0,0	192,367,166	0,2,0	210	149
869	0,2,1	73,112,39	0,7,1	42,86,32	168	149
870	46,66,43	279,333,260	68,110,51	272,383,203	151	149
871	1,11,3	113,145,94	0,3,2	75,188,77	181	149
873	0,0,1	2,4,2	0,0,0	4,7,5	151	149
874	37,36,28	13,7,5	30,47,29	4,10,7	157	149
875	24,52,37	20,22,20	27,31,19	17,35,21	156	149
877	1,0,0	0,0,7	0,0,2	0,1,0	155	149
878	30,18,12	0,0,7	16,9,10	0,1,0	194	149
879	29,18,12	0,0,0	16,9,10	0,0,2	187	149
880	72,65,49	13,14,3	45,77,24	5,20,4	154	149
881	126,159,122	4,0,0	94,168,74	3,2,1	168	149
882	16,16,14	1,4,1	6,24,15	1,4,1	197	149
883	76,93,53	2,0,0	38,80,28	0,2,0	167	149
884	44,83,43	1,2,4	25,75,38	4,4,6	211	149
885	117,158,105	0,3,2	124,199,73	3,3,0	151	149
886	6,5,8	0,3,1	4,0,4	0,1,2	153	149
887	484,604,572	0,0,0	666,814,434	0,3,1	153	149
888	15,9,14	429,566,439	13,17,5	553,690,333	151	149
889	31,12,12	16,26,17	10,11,5	22,37,12	184	149
890	14,29,13	0,0,0	25,63,32	2,1,0	211	149
891	76,109,52	10,4,7	51,86,35	3,11,6	154	149
892	17,45,31	0,7,0	27,22,13	0,0,1	158	149
893	7,2,2	130,151,113	3,8,0	79,144,88	151	149
894	7,2,2	5,10,16	3,2,3	6,18,12	159	149
896	19,15,7	0,0,0	19,19,10	2,3,0	151	149
897	50,83,63	0,0,0	62,132,54	0,1,2	298	149
898	24,48,38	15,25,16	40,80,29	13,28,14	171	149
899	116,170,117	4,5,1	82,133,57	2,1,0	160	149
900	41,30,13	0,1,0	30,50,21	0,2,0	166	149
901	101,75,71	3,6,9	78,170,63	4,13,8	153	149
903	106,199,171	3,1,3	137,192,93	5,3,2	155	149
904	112,144,106	2,0,3	128,176,81	7,3,1	156	149
905	23,47,17	4,0,7	11,20,20	4,3,1	153	149
906	110,119,93	29,14,14	102,164,69	23,46,16	178	149
907	1,0,2	82,84,101	6,3,2	99,145,90	160	149
908	61,70,90	0,0,0	96,142,72	2,0,2	184	149
909	47,87,55	5,7,14	101,152,74	16,18,15	153	149
910	5,8,12	345,310,293	7,16,9	251,674,292	167	149
911	151,197,84	2,7,2	88,153,78	0,2,0	152	149
912	255,234,236	7,10,7	119,347,165	13,17,20	152	149
913	0,2,6	27,19,45	3,33,5	49,112,56	151	149
915	117,151,99	45,63,35	60,178,76	38,68,34	151	149
916	116,111,125	0,0,0	117,215,93	3,4,0	153	149
917	4,7,2	2,8,0	11,2,0	8,7,2	161	149
919	5,5,0	0,0,0	9,9,0	0,0,2	202	149
920	9627,9699,9190	7,11,4	8104,15903,7857	10,26,11	151	149
921	9643,9715,9214	6,0,5	8131,15932,7876	4,15,2	155	149
922	23,27,28	6,0,5	37,55,30	4,15,2	152	149
924	150,127,73	13,32,27	111,206,116	20,47,33	178	149
925	181,177,110	0,1,0	155,309,179	0,0,0	154	149
926	10,21,35	0,0,0	45,110,51	3,2,1	167	149
927	4,4,5	4,0,6	1,18,6	6,11,4	153	149
929	0,1,2	69,114,95	1,8,1	35,86,31	214	149
931	158,120,100	3,1,1	159,243,94	5,8,1	154	149
932	216,327,174	2,4,2	210,342,135	4,5,2	154	149
933	4,3,3	4,0,0	11,9,3	0,0,0	150	149
934	14,17,6	5,2,1	12,20,2	0,0,0	153	149
935	1284,1367,1159	8,6,3	1774,1981,970	10,4,5	151	149
936	19,26,15	37,70,43	8,43,13	58,107,59	151	149
937	6,18,17	5,15,5	17,24,22	9,9,3	154	149
938	27,57,25	360,422,306	23,80,26	308,468,273	177	149
939	3,1,3	48,47,33	0,0,0	4,12,3	174	149
940	417,453,454	13,7,3	99,175,89	5,3,3	157	149
941	50,38,73	163,142,117	75,99,76	121,246,94	164	149
942	0,11,13	83,92,125	17,23,19	221,289,170	167	149
943	14,23,22	0,0,0	18,54,33	0,0,1	151	149
944	0,1,2	0,0,0	5,5,0	0,0,1	168	149
945	0,0,2	14,22,22	5,2,0	18,51,33	165	149
946	8,6,2	0,0,0	0,3,4	0,3,0	225	149
948	1,2,0	87,134,94	0,1,0	196,223,92	164	149
949	36,62,50	4,11,3	41,47,38	5,7,2	151	149
950	23,26,9	26,39,18	3,25,13	26,42,21	151	149
951	94,144,77	0,2,0	41,55,39	1,1,1	295	149
952	0,0,4	44,60,67	6,0,3	69,143,49	162	149
953	19,17,20	43,16,28	8,34,18	31,29,17	162	149
954	17,8,9	50,57,59	21,53,17	183,219,106	151	149
955	0,0,0	116,134,110	1,0,0	126,193,112	151	149
956	3,4,3	0,2,0	1,0,0	0,1,0	151	149
957	5,5,4	10,10,4	3,0,1	0,0,0	151	149
960	0,0,0	33,58,40	1,1,0	45,41,36	166	149
961	55,56,39	2,4,0	41,81,19	6,2,0	151	149
962	1,1,0	669,440,343	0,0,1	705,1751,800	168	149
964	0,5,2	3,7,4	3,2,4	0,6,0	176	149
965	0,1,0	8,28,19	0,1,0	6,29,6	208	149
966	3,8,4	441,434,485	18,12,2	647,929,549	178	149
967	142,140,123	38,30,9	145,171,77	28,42,29	152	149
968	348,303,348	292,406,368	365,430,183	604,752,337	298	149
969	140,206,198	0,2,0	246,300,180	2,0,0	157	149
970	0,0,0	82,120,108	0,2,1	55,89,40	172	149
971	2,11,0	41,44,40	0,9,4	24,70,39	171	149
972	33,41,50	3,19,11	50,97,52	31,15,13	155	149
973	29,40,39	2,10,7	52,70,46	6,9,10	154	149
974	5,3,2	33,6,20	6,10,7	32,37,40	151	149
976	61,76,50	0,0,0	60,64,39	1,0,0	184	149
977	70,86,74	1,3,2	36,106,58	0,1,0	154	149
978	1,6,0	0,0,2	2,1,2	0,0,0	151	149
979	56,55,38	86,101,89	34,74,27	64,122,34	151	149
980	8,7,2	17,26,4	4,4,2	8,7,1	153	149
981	34,42,35	0,1,2	34,49,17	0,0,2	156	149
983	16,23,14	9,12,1	11,29,3	1,4,7	151	149
984	96,132,104	18,30,16	121,173,87	21,50,19	154	149
985	68,107,96	0,0,1	96,142,71	0,0,0	298	149
986	1,1,0	292,359,334	2,0,0	201,381,185	184	149
987	230,203,185	6,2,0	234,431,223	0,3,1	160	149
988	21,10,7	0,2,1	12,23,2	0,0,0	151	149
991	84,130,87	32,33,10	68,100,72	3,9,5	192	149
993	0,0,1	0,0,1	0,0,1	0,1,0	154	149
994	2,4,3	41,65,62	1,2,1	52,97,29	191	149
995	46,69,76	3,8,10	37,71,40	7,15,9	171	149
996	27,46,52	1,0,0	75,85,34	0,0,0	152	149
997	0,0,0	14,22,30	0,0,2	59,39,26	240	149
998	20,11,16	62,82,49	18,35,11	57,59,33	164	149
999	0,0,0	22,36,18	0,1,1	37,56,18	221	149
1001	12,15,12	0,5,1	12,11,8	3,4,0	154	149
1002	752,699,672	228,265,265	659,1253,659	217,350,222	151	149
1003	2,2,7	209,206,196	4,3,2	240,349,162	293	149
1005	10,32,29	79,98,95	29,27,11	112,158,82	151	149
1007	2018,2515,2500	17,22,11	3574,4257,2021	16,27,19	154	149
1008	2,2,2	17,22,11	5,11,4	16,27,19	253	149
1009	1,0,2	2017,2513,2500	0,5,0	3569,4251,2017	247	149
1010	1821,2079,1904	0,0,0	2503,3205,1695	0,1,0	298	149
1011	107,159,142	1,1,4	109,218,87	1,5,0	152	149
1012	129,131,130	2,7,5	77,151,66	3,10,5	154	149
1014	30,46,47	26,10,26	24,39,17	30,26,13	154	149
1015	8,4,17	34,29,18	8,8,7	39,38,26	151	149
1016	499,412,359	144,138,96	323,536,293	116,189,67	151	149
1017	7,7,13	144,138,96	5,10,4	116,189,67	193	149
1018	2,1,4	494,406,350	2,2,2	320,528,291	190	149
1021	0,0,1	5,5,0	0,0,0	3,16,7	221	149
1022	46,54,16	6,8,1	33,59,44	0,8,3	167	149
1023	28,29,13	3,5,2	16,32,13	1,0,1	298	149
1025	11,13,40	14,26,25	9,35,15	39,58,33	175	149
1026	9,5,9	6,6,6	9,12,10	4,8,4	151	149
1027	0,2,0	96,65,51	0,5,7	91,177,63	190	149
1029	41,39,26	0,1,0	30,38,13	0,1,0	157	149
1030	60,43,44	0,0,3	35,69,22	2,3,0	157	149
1031	39,48,34	25,34,32	46,50,40	11,26,24	163	149
1032	0,2,0	179,205,182	0,0,0	186,256,147	164	149
1033	98,182,113	0,4,0	209,219,129	0,0,0	150	149
1034	1,8,2	46,76,37	11,17,9	78,64,51	151	149
1035	24,27,19	7,2,2	27,18,21	2,3,1	155	149
1036	1,0,0	1,14,0	1,1,0	5,10,2	272	149
1038	18,12,18	33,57,54	10,22,3	29,64,25	162	149
1039	823,1001,776	16,22,13	855,1035,571	24,19,18	151	149
1040	1306,1154,726	16,21,8	893,1437,709	10,35,14	151	149
1041	0,0,4	21,17,21	0,1,0	11,25,24	160	149
1042	50,69,35	0,0,1	33,45,19	0,0,0	298	149
1043	83,99,45	5,12,4	28,62,28	2,4,1	151	149
1044	7,6,4	0,2,2	2,9,4	0,0,0	157	149
1045	65,108,85	0,0,0	97,126,78	1,5,1	190	149
1046	3,5,4	0,0,0	2,9,2	5,0,4	157	149
1047	156,190,111	0,2,2	70,141,66	0,0,0	298	149
1049	11,3,4	2,0,0	0,2,1	1,1,0	154	149
1050	5230,6075,4583	0,0,0	4530,9529,4319	0,0,1	152	149
1051	3,0,0	31,14,20	0,0,0	22,49,29	166	149
1053	99,104,49	6,8,6	44,109,31	0,2,4	253	149
1054	56,65,52	142,80,111	108,290,126	167,430,169	170	149
1056	233,223,160	21,21,13	158,226,122	7,27,9	151	149
1057	893,880,507	0,0,0	421,604,281	0,0,1	157	149
1058	227,286,276	9,7,4	264,334,181	4,3,6	155	149
1059	22,39,19	41,27,38	34,45,23	43,66,39	155	149
1060	302,343,239	1,0,2	205,463,210	0,4,0	152	149
1062	2,1,0	0,3,0	0,1,0	0,1,0	157	149
1063	173,179,162	18,37,26	165,241,120	30,57,21	190	149
1064	1,3,2	17,36,4	2,5,4	24,21,13	151	149
1065	78,68,76	0,4,0	120,287,152	0,2,0	161	149
1066	382,540,483	2,0,0	700,908,476	0,0,0	150	149
1068	339,359,345	11,34,17	359,485,290	12,30,9	154	149
1069	2,1,6	41,29,32	0,2,0	49,53,21	160	149
1071	5,14,7	0,0,0	10,20,18	0,2,0	229	149
1072	30,58,22	2,0,2	36,60,47	0,2,4	293	149
1073	36,55,52	2,1,0	31,42,21	0,0,0	298	149
1074	13,26,17	64,42,43	12,21,5	46,75,25	151	149
1075	17,25,18	11,16,13	4,6,2	11,49,7	169	149
1076	25,38,28	2,0,0	11,20,7	0,2,0	211	149
1077	40,54,47	0,0,1	18,41,12	0,0,0	232	149
1078	19,29,23	2,0,0	18,63,12	0,2,0	190	149
1079	34,45,42	0,0,1	25,84,17	0,0,0	211	149
1080	17,16,19	0,0,1	7,23,5	0,0,0	169	149
1081	945,578,546	0,6,8	367,703,272	6,11,1	169	149
1082	953,591,556	0,0,3	374,717,277	0,0,0	211	149
1083	8,19,18	0,0,3	13,25,6	0,0,0	190	149
1084	40,19,51	0,67,3	46,49,5	65,102,38	169	149
1085	1,2,0	6,9,1	6,13,3	2,6,6	151	149
1086	107,99,81	0,0,0	127,106,72	0,0,2	163	149
1087	18,27,32	12,14,19	21,37,18	20,16,7	151	149
1088	25,35,28	0,0,0	34,115,32	0,2,0	163	149
1090	41,26,23	0,1,0	18,34,12	0,0,0	298	149
1091	331,376,303	2,5,12	325,729,394	6,22,19	157	149
1093	0,5,2	16,36,10	2,6,0	9,26,9	151	149
1095	40,36,30	8,4,1	66,87,59	10,12,2	154	149
1096	99,142,129	75,95,85	53,109,37	35,50,36	188	149
1097	9,13,16	30,44,41	15,40,32	19,42,19	156	149
1098	4,4,5	55,69,46	4,1,0	26,48,34	187	149
1099	21,22,27	8,8,17	23,67,34	19,29,12	164	149
1101	117,138,126	0,0,2	39,69,24	0,1,0	158	149
1102	15,25,26	145,127,161	14,23,19	212,209,100	151	149
1103	58,44,25	4,2,2	11,35,15	0,2,0	152	149
1104	11,12,8	0,1,0	3,15,6	0,2,0	161	149
1105	82,118,46	34,46,23	41,64,39	50,37,21	154	149
1106	15,31,27	143,153,182	23,27,21	165,218,129	151	149
1108	135,200,113	0,0,0	186,443,205	3,7,1	222	149
1111	3,1,2	52,60,71	2,1,2	76,128,45	172	149
1112	135,152,147	40,33,30	129,285,107	29,66,20	154	149
1113	5,5,5	38,53,40	3,14,2	88,131,59	151	149
1114	0,2,2	88,163,122	1,3,4	167,184,138	193	149
1115	0,1,0	149,169,109	0,0,0	83,155,77	226	149
1117	468,554,450	439,495,419	598,773,332	531,643,221	151	149
1118	296,300,215	0,0,0	201,378,147	1,3,1	155	149
1121	0,1,3	588,712,671	1,7,1	651,842,417	246	149
1122	2,6,6	15,21,31	15,6,9	27,42,11	151	149
1123	17,20,17	21,22,22	4,11,8	3,7,11	166	149
1124	53,52,56	2,1,0	26,41,29	0,3,0	152	149
1126	111,143,91	36,43,32	103,152,61	27,46,24	151	149
1128	10,9,3	2,0,0	3,18,5	0,3,1	154	149
1129	4,0,4	38,29,37	0,3,0	58,59,23	151	149
1132	131,128,81	5,8,3	78,183,75	6,1,3	160	149
1134	14,52,28	0,5,0	8,22,7	0,0,0	154	149
1137	41,36,32	4,2,0	15,47,24	1,2,0	154	149
1138	16,13,12	4,4,11	4,15,8	3,13,1	152	149
1140	18,41,26	39,41,39	44,62,36	50,51,23	151	149
1141	22,29,17	66,100,81	15,40,18	55,107,71	151	149
1142	199,301,286	11,14,10	144,192,78	1,3,1	152	149
1144	21,39,30	0,0,0	6,11,11	1,0,1	151	149
1145	222,309,235	8,12,5	157,391,191	9,6,9	151	149
1146	1,4,2	103,143,111	1,1,4	121,174,65	151	149
1149	2,4,6	45,31,44	7,14,8	36,74,39	211	149
1151	24,40,20	10,15,5	17,40,16	12,17,5	154	149
1152	19,30,35	65,88,86	46,66,36	73,167,73	162	149
1153	40,14,11	2,4,1	23,36,21	0,6,0	154	149
1154	34,15,10	6,2,1	35,31,14	1,2,0	216	149
1156	640,926,491	17,21,14	339,747,360	6,13,10	154	149
1157	1188,1671,1544	6,4,4	1625,1605,947	8,5,5	151	149
1158	1192,1672,1569	6,10,7	1640,1615,957	11,7,5	154	149
1159	10,5,29	6,10,7	23,15,15	11,7,5	151	149
1161	50,46,48	0,2,3	41,42,19	2,5,3	166	149
1162	111,413,204	0,1,0	127,270,206	0,2,1	161	149
1165	264,282,166	8,8,9	335,506,190	6,23,9	154	149
1166	125,177,154	2,9,8	177,197,117	17,14,13	184	149
1167	2,5,0	45,83,46	17,11,5	67,101,56	152	149
1168	26,30,14	4,6,5	19,21,8	4,10,9	152	149
1169	2,6,7	19,20,9	8,3,0	32,24,17	151	149
1170	411,436,481	7,5,2	532,751,417	6,12,5	185	149
1171	12,6,2	0,0,1	13,9,11	0,1,0	151	149
1172	8,7,2	14,19,4	1,3,0	7,9,6	151	149
1175	32,55,36	5,2,3	34,40,22	0,4,0	154	149
1176	0,0,0	15,16,7	0,0,1	26,23,5	280	149
1177	393,558,484	13,5,5	721,925,468	9,16,5	181	149
1178	31,37,31	175,192,211	22,41,23	312,334,213	269	149
1179	33,71,76	0,0,2	85,96,55	8,6,0	157	149
1181	492,585,281	17,24,9	464,622,314	10,26,16	151	149
1182	504,604,291	7,5,5	491,659,342	1,4,3	154	149
1183	516,619,299	7,4,7	507,686,350	7,10,2	157	149
1184	590,680,320	6,3,3	563,740,384	4,13,6	160	149
1185	29,43,19	7,5,5	37,63,44	1,4,3	151	149
1186	41,58,27	7,4,7	53,90,52	7,10,2	154	149
1187	115,119,48	6,3,3	109,144,86	4,13,6	157	149
1188	19,20,13	7,4,7	17,31,11	7,10,2	151	149
1189	93,81,34	6,3,3	73,85,45	4,13,6	154	149
1190	81,65,28	6,3,3	63,64,36	4,13,6	151	149
1192	2,6,2	2,8,13	5,4,1	1,10,2	203	149
1193	116,248,205	23,19,18	235,256,98	16,20,13	157	149
1194	37,51,52	5,8,5	75,120,64	10,20,9	151	149
1196	46,53,28	2,1,1	28,67,43	2,4,0	151	149
1197	41,42,21	27,44,12	20,57,16	29,35,12	151	149
1200	63,97,40	0,1,0	35,72,38	6,2,0	271	149
1201	129,152,75	63,58,33	86,125,54	39,44,33	154	149
1202	2,1,5	41,70,78	5,3,0	110,64,34	155	149
1204	1,2,1	344,457,358	3,4,1	405,647,366	229	149
1205	1,12,1	8,24,21	2,4,1	10,18,20	160	149
1206	6,47,26	8,24,21	20,40,17	10,18,20	179	149
1208	31,41,30	44,57,41	26,50,26	63,66,43	151	149
1209	0,0,2	47,66,44	0,3,2	27,45,26	167	149
1210	35,33,24	0,4,0	16,25,16	0,9,5	153	149
1211	7,5,6	13,21,15	10,4,3	9,33,22	182	149
1212	11,7,19	38,49,39	30,20,13	64,75,37	163	149
1213	1222,1314,963	2,4,0	1202,1657,880	0,0,0	150	149
1214	13,18,3	13,19,13	7,4,5	12,23,12	153	149
1217	46,30,18	7,16,4	14,26,25	0,4,0	185	149
1218	4,8,3	0,0,5	6,14,3	1,2,0	151	149
1219	125,188,128	76,101,104	161,180,143	123,158,86	196	149
1220	2,0,3	9,15,6	0,2,1	36,44,17	199	149
1221	4,5,4	9,25,14	4,6,1	20,27,7	169	149
1222	99,130,73	136,193,137	73,126,56	110,164,66	298	149
1223	23,6,9	0,7,0	10,26,14	1,0,3	172	149
1224	0,0,1	13,12,13	1,2,0	41,13,24	151	149
1225	41,61,61	12,11,24	48,96,48	9,39,13	152	149
1227	4,2,0	26,40,29	7,6,2	26,34,20	151	149
1228	5,9,1	3,1,0	7,5,7	0,3,1	154	149
1229	1,0,5	48,27,48	1,5,0	31,77,31	202	149
1230	4,7,0	76,91,86	10,0,6	105,207,125	298	149
1231	85,127,100	0,2,0	139,209,87	0,0,0	152	149
1232	384,408,402	88,144,123	456,615,298	140,199,86	298	149
1233	224,276,177	4,4,2	113,315,142	5,17,3	298	149
1234	47,81,53	42,39,33	30,62,26	28,40,41	152	149
1235	7,2,4	35,34,43	4,9,0	72,79,37	162	149
1237	0,1,0	1,3,0	0,0,0	4,4,3	156	149
1238	1,1,2	4753,4612,3351	3,5,1	3311,8028,3773	194	149
1239	0,0,0	49,35,40	0,2,0	89,137,96	151	149
1240	72,107,67	14,8,12	105,141,68	10,19,1	151	149
1241	9,22,8	7,6,8	5,7,13	9,8,7	298	149
1242	0,2,2	0,1,0	0,4,2	0,0,0	282	149
1243	258,244,177	15,6,16	205,238,117	8,15,6	151	149
1244	0,4,1	8,14,3	2,8,2	6,16,6	151	149
1245	148,186,126	1,0,0	112,230,99	0,0,0	157	149
1246	1,1,0	15,15,10	0,1,0	18,23,10	194	149
1247	23,44,15	30,29,36	27,40,39	34,67,42	151	149
1248	23,39,26	35,42,37	22,29,17	21,59,15	151	149
1249	40,58,42	149,175,168	42,58,22	112,185,69	151	149
1250	216,169,153	56,58,48	143,251,104	32,79,36	153	149
1251	180,208,200	19,10,40	260,241,116	32,28,12	158	149
1252	0,0,0	54,76,77	0,1,0	113,151,77	187	149
1253	33,68,58	0,2,0	44,74,40	0,0,0	189	149
1254	6,10,2	14,21,11	20,20,7	25,33,11	151	149
1255	47,61,44	41,71,33	25,41,28	51,112,44	199	149
1258	68,46,61	63,74,61	62,105,42	55,82,69	157	149
1259	74,51,64	193,181,190	65,110,50	184,265,119	205	149
1260	69,79,64	193,181,190	58,87,77	184,265,119	196	149
1261	10,15,17	0,0,0	29,30,31	2,3,1	154	149
1263	0,1,1	0,1,0	1,2,2	2,0,0	208	149
1264	0,2,1	3,3,4	1,2,2	2,2,1	222	149
1265	0,2,0	3,3,4	2,0,0	2,2,1	162	149
1268	5,4,7	18,17,14	2,11,5	9,42,13	155	149
1269	189,190,187	0,1,0	120,431,211	0,1,4	160	149
1270	2161,2133,1470	125,65,63	1280,2829,1220	48,140,70	154	149
1271	2187,2156,1487	19,9,5	1289,2861,1235	6,17,20	157	149
1272	151,88,80	19,9,5	57,172,85	6,17,20	151	149
1273	140,182,154	0,0,0	280,343,205	0,4,2	153	149
1274	10,15,7	2,0,0	7,18,11	2,4,6	154	149
1276	0,0,0	5,13,7	3,6,2	11,12,6	173	149
1277	49,31,50	5,12,9	31,71,36	8,17,2	151	149
1278	70,68,59	5,1,0	69,130,57	0,0,1	154	149
1279	40,36,39	0,0,1	11,19,19	0,0,0	163	149
1280	16,7,10	12,20,7	9,6,5	9,10,10	151	149
1281	31,50,26	0,0,0	16,41,20	0,2,4	214	149
1282	32,53,26	0,2,0	9,45,18	0,4,0	214	149
1283	30,53,24	2,0,0	8,38,13	0,1,0	214	149
1285	8,6,6	5,30,11	2,5,1	11,15,12	157	149
1286	36,47,34	64,36,37	13,22,8	1,2,4	168	149
1288	16,41,10	0,0,0	16,21,23	0,0,2	298	149
1290	0,3,0	63,60,35	1,3,0	18,59,25	155	149
1291	0,0,0	933,1139,1387	0,0,1	1915,2186,1363	185	149
1292	12,9,18	2,0,0	17,18,12	2,0,0	163	149
1293	17,24,24	0,3,0	25,37,18	0,4,0	163	149
1294	102,75,97	7,3,5	147,193,75	10,1,4	163	149
1295	346,414,338	8,18,12	281,385,170	12,18,7	152	149
1297	28,20,14	0,6,0	10,16,3	0,0,0	190	149
1298	6,10,2	3,10,2	3,3,0	0,8,0	163	149
1299	0,7,2	5,4,0	2,11,3	2,12,3	160	149
1300	25,21,29	1,4,0	33,31,13	2,2,0	173	149
1301	1,2,0	118,210,138	0,1,1	117,145,81	181	149
1303	0,8,0	38,38,45	9,5,0	40,56,40	160	149
1304	49,32,37	59,52,42	18,33,14	24,34,20	151	149
1305	2,7,4	40,43,39	8,1,3	39,29,23	168	149
1306	369,438,567	479,621,610	553,784,306	688,829,395	151	149
1308	6,5,5	51,72,44	5,3,6	74,61,24	189	149
1309	35,64,27	27,29,9	37,36,19	13,35,9	151	149
1310	60,65,60	9,6,6	46,96,50	1,11,8	151	149
1311	0,2,0	1215,1303,1322	1,1,1	2186,2029,1111	151	149
1313	415,467,497	2,0,0	532,686,351	0,0,0	152	149
1316	1,4,3	0,0,2	6,25,18	7,15,5	151	149
1317	101,119,104	56,41,45	67,29,28	33,17,7	151	149
1318	217,248,126	1,2,0	123,299,154	0,0,2	163	149
1319	288,343,342	4,0,0	370,517,263	0,0,0	153	149
1320	5,10,5	17,33,15	4,2,4	16,43,22	159	149
1321	25,35,50	0,0,0	43,55,26	4,0,0	157	149
1322	24,15,12	0,0,0	16,25,19	0,1,0	156	149
1323	156,134,148	0,0,0	193,375,169	0,1,0	178	149
1324	148,130,143	16,11,7	186,367,163	9,17,13	170	149
1325	81,102,47	0,1,0	45,87,61	0,0,0	152	149
1326	0,0,0	160,157,118	1,0,0	161,202,79	167	149
1327	401,494,415	0,5,3	554,621,360	4,0,2	151	149
1329	49,62,57	0,2,0	18,49,36	2,0,0	151	149
1330	281,241,251	0,0,0	281,720,348	1,0,2	173	149
1331	207,190,123	0,0,0	138,366,182	3,1,0	172	149
1332	21,12,12	18,23,1	2,25,4	16,6,4	172	149
1333	161,151,92	0,1,0	141,165,89	0,0,0	199	149
1334	24,16,25	5,11,10	17,9,5	6,13,5	157	149
1336	19,34,15	0,0,0	4,37,12	0,1,0	195	149
1337	120,132,78	0,0,1	35,104,43	2,4,0	287	149
1339	44,58,47	1,5,2	28,91,39	2,0,0	152	149
1340	41,69,40	2,4,0	58,77,14	2,1,0	163	149
1341	1,1,0	14,28,19	4,6,3	26,45,18	256	149
1342	45,88,68	3,2,1	56,110,63	0,8,0	154	149
1344	265,332,278	33,21,26	286,383,165	24,48,18	154	149
1347	13,49,37	74,103,80	16,16,15	35,50,34	151	149
1348	10,19,17	215,307,279	35,68,15	308,432,184	167	149
1349	4,10,2	0,7,6	6,4,5	1,3,0	156	149
1351	45,57,42	4,5,9	52,80,47	8,9,6	163	149
1353	1,7,1	0,0,0	3,6,1	2,0,0	177	149
1354	19,20,17	4,2,3	8,20,7	8,6,4	151	149
1355	20,15,12	4,6,1	11,7,5	4,17,7	179	149
1356	191,156,102	2,2,0	99,165,68	2,1,0	154	149
1357	2,0,0	75,92,57	0,0,0	28,54,18	172	149
1358	96,87,36	4,1,2	51,134,32	1,2,0	160	149
1359	0,4,2	80,146,92	9,3,2	95,140,48	151	149
1360	293,425,302	7,9,6	323,518,296	10,20,6	190	149
1361	40,47,25	0,2,3	23,92,33	2,3,5	207	149
1362	147,162,142	1,0,0	199,231,143	0,1,0	163	149
1363	33,81,47	125,275,137	26,21,3	40,56,26	151	149
1366	23,15,17	10,3,5	28,27,28	1,8,5	152	149
1368	11,11,3	2,9,1	6,13,2	6,14,0	170	149
1369	28,28,23	2,0,4	21,39,30	0,2,0	182	149
1371	6,7,14	75,78,99	11,5,8	73,121,55	167	149
1372	13,23,28	4,2,7	31,10,15	2,2,0	181	149
1373	92,160,124	516,663,617	159,275,141	769,1080,549	157	149
1375	127,173,80	22,20,19	164,327,168	52,56,35	151	149
1376	497,662,634	76,99,69	548,716,310	218,263,124	298	149
1377	21,54,25	0,0,2	13,31,16	0,0,0	151	149
1378	30,70,49	6,11,6	23,44,34	2,11,4	226	149
1380	13,12,10	0,0,0	13,26,5	0,0,1	154	149
1381	32,58,38	100,89,33	22,49,15	57,104,62	298	149
1382	6,5,5	333,377,378	4,6,5	540,734,392	167	149
1383	0,7,2	19,27,23	12,6,6	31,25,15	151	149
1385	65,107,80	77,76,92	134,252,115	136,200,85	151	149
1386	16,30,10	0,1,3	11,56,12	1,3,0	155	149
1388	52,64,83	3,4,4	85,121,100	7,9,5	151	149
1389	35,73,49	0,0,2	69,62,45	0,4,1	205	149
1392	376,473,439	0,1,1	564,534,313	1,1,0	152	149
1393	4,2,0	42,44,24	0,7,0	22,41,22	166	149
1394	26,22,22	36,58,56	74,39,49	188,252,121	152	149
1395	1,6,2	55,126,100	4,10,2	84,137,73	151	149
1398	76,97,99	0,2,0	98,122,72	1,8,3	154	149
1400	24,30,24	27,33,8	29,34,20	26,16,8	151	149
1401	100,104,56	9,2,8	64,155,35	3,11,6	160	149
1402	1,0,0	91,137,97	3,0,0	103,187,93	157	149
1403	116,121,92	0,4,2	177,207,106	4,5,0	156	149
1404	41,43,25	0,10,10	11,31,17	2,14,1	298	149
1405	0,0,1	132,166,168	2,0,0	139,182,103	201	149
1406	3,21,8	0,1,3	38,29,19	0,4,2	170	149
1407	3,1,2	171,186,106	10,2,1	109,218,95	151	149
1408	18,3,9	0,6,0	21,31,15	0,0,0	151	149
1409	0,0,2	28,23,33	2,1,0	17,46,31	151	149
1410	78,124,74	5,7,5	35,85,16	0,0,3	152	149
1412	1,0,0	16,22,8	0,0,0	6,15,2	169	149
1413	140,65,52	5,7,3	191,338,198	1,16,5	151	149
1414	5,15,8	0,0,0	6,11,8	0,1,0	165	149
1415	0,0,3	21,44,15	1,2,0	11,19,19	162	149
1417	1,0,0	0,0,0	2,0,0	4,0,0	169	149
1419	66,81,61	30,41,24	67,117,42	12,6,4	168	149
1421	5,11,9	12,29,15	2,8,5	0,19,8	156	149
1422	50,32,31	11,8,2	38,41,21	11,8,5	160	149
1424	30,52,15	17,12,7	4,21,10	7,2,0	160	149
1425	0,2,0	72,74,65	0,10,1	67,108,49	288	149
1426	0,0,0	33,22,25	1,0,0	29,46,21	175	149
1427	1,0,2	33,22,25	1,0,0	29,46,21	179	149
1430	10,23,15	0,2,0	15,36,24	0,1,0	151	149
1431	0,1,3	15,29,33	0,0,0	53,45,38	193	149
1432	2,1,0	127,145,168	2,9,3	296,428,225	165	149
1433	1,0,0	101,85,55	0,0,1	68,117,52	151	149
1434	79,58,66	17,16,26	132,448,243	52,91,49	151	149
1435	0,0,0	17,9,4	1,1,0	16,21,6	154	149
1437	99,98,80	3,11,5	69,131,64	5,12,5	151	149
1438	2,2,2	91,104,65	0,1,1	73,106,46	166	149
1440	1474,935,951	2,2,3	473,1466,617	0,3,0	175	149
1441	13,5,6	11,11,9	12,9,1	5,26,7	152	149
1444	1,0,1	40,24,37	0,2,0	58,56,18	176	149
1447	79,108,96	0,1,0	72,91,43	0,1,0	151	149
1448	22,31,22	0,0,0	20,45,17	0,0,2	152	149
1449	16,11,3	0,0,0	4,3,7	0,2,0	178	149
1452	30,52,48	23,24,29	48,70,30	32,37,8	151	149
1453	7,39,24	27,31,31	35,49,33	34,86,39	151	149
1454	75,45,30	1,4,7	25,127,73	6,4,6	151	149
1455	137,81,101	113,62,98	78,173,90	58,185,64	151	149
1457	110,122,119	0,0,0	183,186,101	0,1,0	154	149
1458	5,0,0	2,0,0	0,0,0	3,5,2	153	149
1459	1,0,1	177,177,156	0,0,0	101,151,86	217	149
1461	85,96,91	3,4,1	46,78,81	2,1,0	154	149
1462	37,57,27	8,5,6	25,49,33	0,5,2	162	149
1463	14,14,9	17,12,11	4,19,10	20,49,14	157	149
1464	6,7,2	4,5,4	5,2,0	6,18,5	157	149
1465	61,75,35	42,27,29	29,70,43	33,17,6	166	149
1466	1,15,4	5,9,14	9,8,2	8,13,14	199	149
1467	18,30,21	70,74,63	19,35,23	81,136,67	155	149
1469	0,0,0	52,56,56	0,3,0	34,72,50	166	149
1471	3,2,3	14,11,19	4,2,3	7,14,7	161	149
1472	14,20,6	1,0,0	11,12,9	1,0,0	164	149
1473	17,30,7	23,19,14	12,16,18	11,13,10	164	149
1474	403,413,275	0,1,3	160,417,191	0,0,0	157	149
1475	0,0,6	22,25,27	2,2,6	33,84,40	169	149
1476	197,100,127	41,34,36	140,213,87	47,58,43	154	149
1479	1,5,1	22,22,23	9,11,1	1,27,15	151	149
1480	29,48,51	162,213,202	54,79,32	211,257,139	163	149
1481	53,38,37	14,9,8	73,86,36	16,11,13	209	149
1482	46,59,31	0,1,0	24,30,38	0,1,0	152	149
1483	0,11,0	70,94,21	0,0,0	14,17,9	151	149
1484	17,22,26	30,42,54	40,27,18	66,89,75	221	149
1485	599,626,440	2,7,3	259,490,243	8,0,0	167	149
1486	648,666,482	1,1,0	279,539,260	2,0,0	177	149
1487	51,47,45	1,1,0	28,49,17	2,0,0	158	149
1488	0,6,3	897,882,694	1,3,0	517,948,464	151	149
1489	52,68,55	0,0,2	96,64,30	0,0,0	154	149
1490	525,670,623	2,0,0	466,821,431	0,0,2	151	149
1491	82,135,88	6,0,9	213,206,139	5,19,11	151	149
1492	1819,2252,1793	10,18,15	3086,4001,2032	14,39,20	151	149
1494	31,23,14	93,83,65	10,24,14	50,102,30	151	149
