ID	IJC_SAMPLE_1	SJC_SAMPLE_1	IJC_SAMPLE_2	SJC_SAMPLE_2	IncFormLen	SkipFormLen
0	150,170,118	2,0,1	84,161,93	10,14,0	277	149
1	0,0,2	416,461,396	0,2,1	795,1131,658	152	149
4	1232,1245,1174	1,4,2	1510,2801,1615	0,0,0	151	149
5	0,2,0	106,96,95	0,0,0	139,312,139	152	149
6	2,1,2	4,6,2	0,0,1	1,0,0	152	149
10	0,0,2	13,12,6	2,1,0	9,21,14	152	149
11	3,16,10	219,275,185	6,6,4	205,291,153	151	149
12	12,21,10	0,0,0	14,16,13	0,2,0	152	149
14	0,2,0	113,150,143	0,0,0	159,244,122	175	149
15	5,3,1	0,7,0	0,0,3	0,1,2	298	149
16	0,0,1	0,0,0	1,1,1	0,1,0	152	149
17	0,0,0	91,66,56	0,1,1	56,153,68	152	149
19	21,9,9	3,0,1	22,31,23	0,1,0	240	149
21	12,21,9	0,0,0	19,35,8	0,2,1	153	149
27	8,8,2	0,2,0	2,7,2	0,0,0	298	149
28	175,199,134	19,21,16	69,167,67	2,4,0	150	149
29	877,1177,1002	22,33,19	1533,1809,916	34,37,16	151	149
30	0,0,1	370,435,433	6,11,0	610,715,409	152	149
33	0,0,0	115,87,84	1,0,0	79,112,53	151	149
35	118,112,77	10,10,3	23,60,23	1,4,3	298	149
36	118,221,120	2,1,0	105,134,70	0,1,3	154	149
37	51,64,38	52,45,44	24,44,22	17,40,17	154	149
38	41,36,51	0,1,1	78,113,46	2,2,0	198	149
39	7,4,2	183,200,251	4,5,4	319,496,218	168	149
43	56,85,46	16,12,12	44,52,40	10,7,7	163	149
44	1,2,2	124,152,83	0,0,0	122,219,95	187	149
45	0,0,0	39,53,40	1,0,0	26,54,41	208	149
46	1,3,2	463,567,480	0,1,0	609,998,495	196	149
47	6,8,3	0,2,0	4,8,3	7,12,3	160	149
51	55,45,41	47,44,29	16,54,19	14,42,31	151	149
54	5,1,0	16,9,10	0,0,0	7,13,7	206	149
56	4,0,2	291,390,329	4,1,0	409,612,345	165	149
62	163,182,193	1,9,1	251,412,217	23,13,6	191	149
63	1,0,0	69,126,60	0,1,0	94,109,65	163	149
65	43,35,39	6,15,9	11,27,15	3,7,3	153	149
71	1,0,0	218,338,260	0,0,4	258,366,181	151	149
73	68,74,44	19,27,34	43,100,47	20,35,16	151	149
74	1,2,1	34,46,75	8,3,1	58,84,37	159	149
75	1697,2015,1684	1,0,2	2592,2919,1527	7,7,0	154	149
76	0,0,0	161,184,199	1,0,0	181,279,143	150	149
78	0,4,1	21,34,25	0,2,0	12,16,13	182	149
79	183,209,218	1,2,4	179,222,100	0,0,0	298	149
81	857,953,817	97,125,85	767,1471,839	131,311,142	172	149
82	0,0,0	23,15,29	0,4,4	20,56,21	153	149
84	18,24,13	21,27,17	12,20,12	19,57,32	160	149
85	3,0,1	95,120,148	1,0,4	96,186,92	267	149
86	23,30,28	6,3,8	23,41,6	2,9,2	152	149
87	1,0,2	114,123,132	0,3,1	77,123,70	152	149
88	20,27,22	37,34,18	22,29,25	32,56,37	159	149
93	2,8,9	0,0,0	7,7,1	2,0,0	152	149
95	1,0,0	192,289,242	0,1,0	248,370,214	152	149
96	0,0,2	69,58,61	0,0,0	11,80,18	196	149
99	176,106,142	0,0,0	167,407,193	0,0,6	155	149
100	98,56,52	0,3,0	45,219,68	1,3,4	298	149
103	9,32,18	164,181,214	26,24,16	156,262,136	172	149
105	560,479,332	0,1,0	299,698,293	0,0,0	260	149
106	275,330,340	0,2,0	415,643,300	2,2,1	188	149
107	0,1,0	451,648,516	0,0,0	541,879,441	172	149
108	7,5,5	1019,1082,1040	1,9,5	827,1771,939	152	149
111	2,4,2	26,34,26	0,0,0	35,86,34	167	149
113	97,88,79	26,31,25	40,65,41	18,55,27	217	149
114	0,0,0	9,12,7	0,2,3	48,95,38	167	149
115	0,0,0	47,44,36	4,5,3	9,35,4	224	149
116	9,12,7	47,44,36	52,98,38	9,35,4	205	149
118	0,0,0	14,38,27	0,3,0	19,29,23	166	149
122	0,2,0	13,10,15	0,0,0	4,13,12	199	149
123	255,288,216	47,49,50	254,441,216	19,15,9	172	149
126	18,17,7	48,63,42	9,18,11	30,48,21	154	149
127	5,16,10	1,2,0	11,44,22	1,2,1	203	149
128	2,0,0	85,63,75	6,9,5	37,88,48	161	149
129	2,0,0	2,11,19	2,4,1	0,6,4	161	149
130	2,0,0	154,193,180	2,0,0	174,299,110	151	149
131	29,20,4	65,99,29	9,7,2	24,38,22	166	149
133	1,1,0	132,122,60	0,3,0	64,144,75	181	149
134	6,6,2	141,176,172	0,5,6	174,247,122	151	149
135	4,4,6	1498,1800,1266	0,5,1	896,1192,665	236	149
136	5,4,4	1498,1800,1266	0,5,0	896,1192,665	255	149
137	1,0,2	0,0,4	0,3,0	0,3,1	167	149
138	48,44,16	35,32,35	17,26,15	17,52,19	160	149
139	102,116,77	9,9,2	63,113,39	19,31,20	154	149
140	6,6,9	57,113,75	2,6,0	95,138,46	151	149
141	159,174,143	52,62,46	106,168,114	16,17,17	193	149
142	22,25,29	1,2,7	56,48,27	1,7,4	158	149
143	7,0,4	65,67,37	0,8,0	55,67,30	210	149
146	0,1,0	57,85,45	0,0,0	23,69,35	241	149
147	94,114,86	14,16,1	137,258,114	5,11,2	171	149
148	1,2,4	1,0,0	3,7,1	0,6,0	171	149
149	172,251,266	0,0,1	193,386,161	0,0,0	165	149
152	4,2,3	81,99,105	8,6,0	162,151,86	152	149
153	2,2,3	0,0,0	8,6,0	0,0,2	152	149
154	8,2,1	0,2,4	5,7,10	0,2,0	298	149
155	6,3,6	0,0,2	9,6,5	0,0,0	154	149
157	321,499,439	15,25,19	362,769,362	13,30,20	214	149
158	279,408,309	0,2,0	316,548,283	4,7,2	151	149
159	3,6,3	324,340,360	6,10,8	593,871,400	152	149
161	21,37,27	0,0,0	8,13,7	0,0,7	151	149
162	5335,6605,4600	0,4,4	3131,4967,2508	0,0,1	205	149
163	1755,2250,1618	0,0,2	960,1631,874	0,0,0	205	149
164	2,6,3	0,1,0	3,1,1	0,0,0	163	149
165	58,53,40	12,13,11	43,73,23	7,5,2	163	149
166	29,52,32	0,2,0	71,93,48	0,5,0	150	149
169	402,720,606	0,1,0	339,436,290	0,0,0	298	149
172	28,40,36	0,1,0	13,36,15	0,0,0	298	149
173	13,9,11	476,592,370	1,3,0	67,144,72	205	149
174	1084,1451,1384	30,11,26	1475,1806,950	3,4,3	279	149
175	1,2,0	980,1352,1342	2,0,0	1271,1734,990	152	149
176	5,12,19	9,17,9	11,8,4	5,9,5	160	149
178	9,11,17	135,185,158	14,18,14	227,230,119	164	149
180	468,612,540	2,3,1	480,544,268	1,5,0	152	149
181	2,3,4	20,35,14	1,3,2	7,23,8	167	149
182	0,0,0	123,146,101	0,1,0	96,219,78	152	149
183	2,3,3	58,82,65	6,13,2	79,104,74	175	149
184	32,73,54	6,0,0	66,85,31	0,0,0	173	149
185	2,0,0	4,7,3	0,0,1	2,6,4	160	149
186	82,65,72	0,1,0	105,163,78	0,0,0	152	149
189	4,16,2	448,719,689	5,18,2	645,822,399	168	149
190	2,3,7	102,81,66	4,3,0	91,155,80	160	149
192	5,24,21	1,0,0	14,6,3	0,0,0	157	149
196	34,30,14	8,14,6	23,45,15	5,4,1	163	149
198	2,2,1	13,12,8	0,0,0	6,22,8	298	149
201	1,1,1	933,1179,865	7,8,8	914,1307,681	298	149
202	0,1,2	5,12,4	0,1,0	11,10,9	155	149
203	21,17,19	129,238,238	27,16,10	289,373,180	165	149
206	1,0,0	25,41,27	0,3,2	38,67,28	152	149
207	2,5,5	101,153,168	5,6,4	179,246,111	152	149
208	45,56,75	1,3,3	97,97,43	0,1,2	152	149
209	8,7,6	6,0,5	15,8,5	4,1,0	298	149
211	237,364,342	7,2,0	584,938,455	4,4,3	152	149
213	1,0,0	143,151,152	1,1,1	176,221,108	298	149
217	189,268,266	0,0,0	130,226,78	0,0,1	157	149
219	32,23,22	96,93,124	40,62,24	104,115,68	156	149
221	14,20,30	0,0,0	37,80,33	0,0,1	157	149
223	5,7,6	1,5,0	12,20,3	0,4,2	151	149
226	61,72,81	1,0,1	53,101,42	0,0,0	169	149
228	54,101,55	0,0,5	95,155,76	4,0,1	163	149
230	4,2,3	415,292,171	3,3,1	136,267,125	256	149
233	1,2,2	208,264,221	0,0,0	300,352,211	181	149
234	14,23,10	235,79,62	38,32,22	50,310,33	191	149
237	205,201,93	0,0,0	86,168,80	4,3,1	193	149
238	17,26,17	285,272,259	9,17,10	251,432,255	152	149
239	9,6,3	4,0,0	2,0,3	1,6,3	152	149
240	19,33,27	217,381,279	47,90,48	131,236,100	160	149
241	30,71,56	0,0,0	100,213,79	5,12,1	298	149
242	0,1,0	13,19,7	6,1,3	31,37,9	160	149
243	0,6,0	2,10,9	6,3,4	5,8,3	153	149
244	1,2,1	101,100,91	3,2,3	47,88,52	288	149
245	24,36,42	59,47,53	33,71,47	63,79,52	160	149
246	9,25,6	0,0,2	0,33,12	0,2,0	169	149
247	1,10,4	0,0,0	0,3,3	0,4,0	169	149
248	0,11,6	0,0,0	4,7,3	0,4,0	190	149
249	0,1,2	1,0,0	4,4,0	0,0,0	169	149
251	4,3,6	31654,34444,30353	5,16,14	52568,101583,55228	163	149
252	1,0,0	71,56,25	0,0,0	16,23,21	187	149
253	0,2,0	31,35,44	5,1,0	30,31,23	176	149
256	0,2,0	57,61,43	0,0,0	19,64,31	172	149
257	44,45,30	55,63,24	9,29,25	90,159,64	151	149
260	273,342,254	0,0,2	205,343,202	0,1,0	151	149
261	5,1,2	96,114,90	3,3,1	130,154,99	179	149
263	7,9,8	22,20,14	3,3,4	5,26,14	156	149
264	2,6,9	67,121,119	7,13,2	132,191,119	277	149
265	0,0,0	22,49,25	0,2,0	16,16,15	156	149
266	7,0,5	7,15,13	8,5,3	9,8,4	169	149
267	0,0,0	21,12,9	0,2,0	12,22,3	171	149
268	1,0,0	308,318,300	0,0,0	357,453,240	181	149
269	0,1,2	53,57,29	0,2,0	16,36,27	193	149
273	99,115,128	9,3,2	146,235,120	5,1,2	152	149
276	0,0,0	67,101,79	2,0,0	102,158,69	171	149
277	4,0,2	58,64,54	0,0,0	45,56,32	152	149
278	2,0,2	0,0,0	0,0,0	1,0,0	152	149
279	6,6,4	456,533,481	15,7,2	653,813,373	190	149
281	1,7,1	32,48,24	2,2,3	21,38,11	152	149
282	351,525,497	2,1,9	576,808,415	1,0,0	298	149
283	0,3,0	91,91,49	3,10,0	46,112,61	152	149
286	36,17,30	396,270,276	6,14,3	133,300,138	154	149
288	18,35,11	1,2,0	6,7,5	0,0,0	162	149
289	0,0,0	0,0,4	0,2,0	0,3,0	154	149
290	181,207,106	2,4,1	128,214,94	0,3,2	160	149
295	7,13,8	1,7,1	10,13,6	2,8,7	152	149
296	41,47,29	92,95,105	25,37,10	57,73,33	173	149
297	2,2,0	0,0,3	0,0,1	0,2,0	208	149
298	3,0,1	313,384,267	0,2,0	221,403,153	175	149
300	0,0,3	18,24,18	0,0,0	6,17,6	151	149
301	27,59,57	95,110,120	28,66,45	205,230,121	185	149
302	5,9,9	976,1330,1239	9,14,6	1436,1972,1103	152	149
304	136,134,75	8,6,1	30,72,46	2,11,2	298	149
308	34,32,40	281,294,261	45,130,72	254,432,190	151	149
309	19,13,13	301,335,272	0,8,2	257,366,222	171	149
312	0,0,0	3,14,9	0,0,1	21,22,2	187	149
313	0,0,0	1,9,4	1,0,1	4,3,0	244	149
314	4,4,7	267,319,196	3,3,6	304,380,238	152	149
315	24,13,16	3,2,4	10,18,10	2,5,4	152	149
317	13,38,22	0,0,1	75,69,38	0,0,2	190	149
318	0,1,0	65,78,24	0,0,0	48,61,26	154	149
319	31,27,26	3871,4719,3095	11,22,9	2353,3193,1485	211	149
320	10,11,12	50,79,61	18,18,10	56,106,65	165	149
321	302,388,378	0,0,0	510,622,334	2,0,0	152	149
322	14,7,2	2,4,0	9,5,1	0,0,2	298	149
324	22,39,34	430,543,517	37,62,29	495,881,474	155	149
326	166,198,173	97,79,54	137,152,108	64,76,37	250	149
327	0,0,0	189,221,167	3,0,1	126,305,115	151	149
329	17,10,6	408,375,275	9,16,26	222,349,180	184	149
330	11,11,3	0,0,0	32,41,20	0,2,1	163	149
331	2,2,4	5,8,5	2,4,3	4,13,7	161	149
333	1,2,2	10,11,17	0,5,0	10,9,12	219	149
334	5,4,0	146,142,160	0,4,0	61,185,96	172	149
336	0,2,0	834,969,445	0,0,0	567,939,444	152	149
337	4,2,10	68,62,66	1,9,1	46,115,53	152	149
338	1,4,6	42,74,23	1,2,0	27,29,13	169	149
340	20,14,10	68,72,23	7,6,7	47,58,35	298	149
342	2,0,1	88,79,42	0,1,0	103,168,88	229	149
344	0,0,2	0,2,6	0,6,5	0,2,7	190	149
345	2,1,4	20,32,18	1,9,3	21,32,19	229	149
346	30,30,31	6,31,9	70,110,54	2,5,0	171	149
348	58,32,38	97,88,70	25,69,36	63,122,45	166	149
350	401,471,379	0,1,0	316,497,236	0,4,0	154	149
351	0,1,3	4981,5101,5008	0,2,0	5545,11026,4771	152	149
352	11,9,9	2,3,3	3,9,9	2,25,6	153	149
353	2,3,4	7,8,6	1,1,0	10,25,11	153	149
354	232,195,178	8,8,14	148,294,134	4,12,3	188	149
355	59,40,55	2,0,0	35,65,38	0,0,0	298	149
357	18,29,21	14,11,7	19,28,16	2,6,3	298	149
359	12,20,9	1,1,0	4,9,8	2,1,1	298	149
360	8,2,15	0,2,0	8,15,2	0,0,1	152	149
361	19,39,7	0,1,1	25,31,11	5,10,5	156	149
362	5,5,3	1,6,5	7,9,2	7,10,5	156	149
363	174,229,218	0,4,0	142,316,163	0,1,0	298	149
365	1384,1842,1765	0,0,0	1535,2132,1216	2,0,1	184	149
366	4,3,0	146,175,127	0,1,0	170,232,107	151	149
367	0,1,0	11,5,15	4,6,3	5,17,7	160	149
368	0,0,0	104,144,144	1,0,0	201,190,112	173	149
372	530,748,586	3,9,5	763,862,487	21,4,10	170	149
373	43,42,43	12,18,18	8,15,4	46,62,66	177	149
374	3,8,1	130,145,126	2,17,6	195,217,143	152	149
375	162,156,167	0,1,0	187,281,171	0,0,0	298	149
376	8,11,6	111,222,124	0,1,0	100,217,119	208	149
378	1,0,0	82,132,93	6,2,0	62,67,54	152	149
379	116,135,82	0,0,0	102,161,106	0,1,0	298	149
380	0,3,0	12,28,50	2,4,3	91,212,69	152	149
383	0,0,0	93,130,106	0,0,1	157,234,113	152	149
387	12659,11615,12370	24502,21075,22553	21494,43409,20858	20482,45497,21407	159	149
388	1,1,3	0,0,3	4,11,3	13,22,4	150	149
389	38,44,57	0,1,0	8,34,10	1,3,0	154	149
390	4,5,5	40,66,45	0,2,2	60,57,53	214	149
391	0,0,2	555,769,579	0,1,0	666,1177,534	153	149
392	206,266,261	0,6,0	364,530,274	0,0,0	172	149
393	2358,3335,3047	28,37,39	1340,1969,882	16,31,19	153	149
394	13,42,6	5,2,8	15,24,5	4,15,3	163	149
396	2,1,4	251,314,216	1,1,0	115,272,117	179	149
397	81,108,115	1,0,1	231,246,116	0,0,0	298	149
398	9,1,1	0,0,0	7,4,6	0,2,0	206	149
399	122,136,119	2,0,0	50,99,39	0,0,0	150	149
403	0,2,0	61,77,54	2,1,4	40,95,40	152	149
404	2,9,1	11,11,8	0,0,0	14,19,7	257	149
405	191,259,236	1,0,3	257,436,236	8,4,1	175	149
406	72,71,41	69,66,47	25,58,36	44,101,38	152	149
407	1,3,0	385,485,376	2,10,3	628,834,422	152	149
408	0,0,0	108,82,165	0,0,1	255,643,257	152	149
409	72,68,67	8,7,11	58,59,55	57,130,46	175	149
412	10,14,3	13,18,12	9,18,9	4,11,2	167	149
413	2,0,0	13,18,12	0,2,1	4,11,2	176	149
414	0,0,0	8,14,3	0,0,1	9,16,9	157	149
415	0,0,0	918,917,940	3,0,0	1259,1449,782	152	149
416	75,161,100	0,0,2	145,164,99	0,0,0	160	149
417	10,9,4	26,28,16	14,10,7	23,33,9	152	149
418	2,2,0	413,436,282	0,0,0	334,469,245	151	149
422	1,0,1	77,53,57	0,0,0	58,93,50	220	149
423	167,177,106	0,1,0	98,265,137	2,0,0	247	149
424	58,46,26	1,0,0	36,53,34	0,0,0	166	149
425	160,302,289	8,5,3	252,445,192	3,4,6	151	149
427	47,94,60	7,7,9	41,77,26	0,0,0	199	149
431	48,54,67	177,119,173	93,153,66	159,251,102	171	149
437	4,8,0	3152,3710,2958	9,13,8	2580,6079,2869	151	149
438	39,37,33	2,0,0	34,66,38	0,0,0	193	149
440	0,0,0	1336,1229,857	0,1,0	732,1482,671	188	149
441	60,73,46	2414,2668,1876	16,45,25	1694,3908,2102	166	149
443	0,2,1	92,123,109	1,2,0	63,121,45	166	149
445	0,2,0	410,511,337	0,3,0	284,381,169	169	149
447	0,2,0	109,168,81	0,2,0	39,98,35	226	149
452	0,1,0	37,66,42	0,0,1	34,51,36	151	149
454	18,18,11	1,0,0	10,16,20	1,4,2	176	149
455	2,1,5	45,71,34	0,2,0	34,64,38	193	149
456	5,1,0	113,158,112	0,1,3	144,210,114	152	149
457	0,2,2	18,17,10	0,0,0	10,8,6	162	149
460	1,0,0	2,2,2	0,1,0	6,7,3	268	149
462	341,355,290	2,0,1	280,448,198	0,0,0	298	149
464	3,0,0	18,25,11	0,0,0	22,20,4	160	149
465	942,1241,1059	0,0,0	1179,1676,867	0,1,0	151	149
466	1,0,1	0,0,1	0,1,1	0,0,0	155	149
467	5,11,3	8,17,6	1,3,0	7,11,3	298	149
469	8,18,27	47,63,78	12,11,11	96,112,56	153	149
471	89,96,84	2,10,4	182,278,124	15,21,17	230	149
472	105,116,103	0,0,0	208,304,134	1,2,4	245	149
473	18,30,23	0,0,0	41,47,27	1,2,4	163	149
474	0,8,3	37,41,33	2,2,1	19,41,39	184	149
475	0,0,0	274,357,324	0,7,2	435,572,308	153	149
476	3,8,2	23,36,17	4,1,2	28,62,24	153	149
480	1436,1771,1929	0,0,0	2044,3429,1730	0,1,0	151	149
481	4,6,4	111,152,114	4,17,5	32,52,28	157	149
483	42,39,41	1,0,1	34,69,35	2,2,3	192	149
484	0,2,0	170,373,170	0,0,0	121,372,140	214	149
485	3,1,0	77,102,70	1,0,1	28,38,14	154	149
488	13,27,31	0,0,2	11,12,13	1,0,0	277	149
489	12,18,15	2,2,5	3,6,9	0,0,0	277	149
491	1389,1755,1670	14,21,18	1403,2434,1227	6,4,8	151	149
495	1,5,6	492,450,356	3,10,4	264,650,292	205	149
496	661,639,478	0,0,0	386,1047,535	0,1,0	163	149
501	40,61,52	54,64,58	34,57,30	37,124,42	151	149
505	2,4,6	0,0,0	0,4,2	0,3,0	152	149
507	5,3,3	5,5,3	2,0,0	2,10,0	152	149
509	1,1,1	73,98,70	1,1,0	79,124,67	178	149
510	0,0,2	120,141,140	0,0,0	253,301,144	152	149
512	50,46,30	4,0,2	24,60,33	0,0,0	175	149
513	43,42,23	12,27,22	41,109,37	28,46,30	175	149
514	4,4,1	3964,3751,2914	2,16,8	2190,5183,2442	153	149
515	232,206,202	9627,9699,9190	157,386,173	8104,15903,7857	152	149
516	232,205,202	6,0,5	157,386,171	4,15,2	152	149
517	0,0,0	2381,4402,4467	3,0,0	2876,4220,2353	152	149
518	0,0,0	0,8,0	1,0,0	0,0,2	152	149
519	20,13,9	0,0,0	3,19,9	0,0,2	158	149
520	0,0,0	45,61,47	1,0,0	34,76,25	157	149
522	43,29,39	7,8,16	62,75,36	0,6,4	192	149
524	0,0,1	1064,1281,1164	1,0,0	1363,2032,1100	152	149
525	2,0,1	91,145,106	0,1,0	92,189,91	151	149
526	101,46,60	39,10,29	9,11,6	10,12,5	156	149
527	0,0,0	90,104,104	1,0,0	65,172,74	153	149
528	0,0,0	1,1,1	1,2,2	2,8,3	168	149
529	2,0,1	32,63,20	1,2,0	31,40,14	168	149
530	24,22,20	3,11,6	2,13,8	8,2,2	298	149
531	7,4,3	2,0,0	0,4,2	0,0,0	298	149
532	3,11,6	2,0,0	8,2,2	0,0,0	218	149
534	161,233,272	4,26,9	125,189,109	12,26,16	169	149
537	1,1,0	63,83,38	0,1,0	45,81,38	154	149
538	30,55,48	0,6,2	43,60,43	0,0,0	164	149
540	1,2,4	18,22,8	0,5,2	10,37,10	151	149
542	19,20,13	10,6,8	6,32,7	0,10,5	160	149
544	0,1,1	31,22,13	1,20,4	49,92,36	170	149
546	818,779,525	2,1,0	344,849,394	0,0,0	151	149
548	0,1,2	45,51,38	12,2,4	40,42,35	257	149
550	50,75,74	7,14,15	57,92,40	13,26,12	154	149
552	18,33,24	0,1,0	34,31,18	0,0,2	181	149
553	35,36,32	0,1,0	18,56,10	0,0,2	246	149
554	34,27,32	17,24,24	15,53,9	31,28,17	213	149
555	31,16,27	5,0,0	26,22,14	0,1,0	178	149
556	15,15,17	1066,1420,1300	16,10,4	1568,2181,1143	298	149
558	71,43,55	7,7,18	86,125,61	12,25,5	160	149
559	5,8,2	227,292,236	0,1,3	114,158,60	259	149
560	1,1,0	255,301,233	0,1,2	199,361,151	172	149
561	17,10,12	221,253,181	5,22,9	166,394,158	152	149
563	0,0,3	275,360,338	0,3,0	378,551,296	158	149
569	2,2,2	6,9,0	0,0,1	1,2,2	152	149
571	2,16,2	46,67,35	0,9,10	25,66,20	153	149
573	0,0,0	45,56,58	2,1,1	68,105,45	152	149
576	0,1,1	0,0,0	0,0,0	0,0,1	152	149
577	1,0,2	60,62,68	8,16,3	63,142,74	163	149
582	6,4,6	889,1053,1097	4,11,3	955,1871,934	153	149
583	537,613,538	5,4,3	522,692,325	9,16,11	151	149
584	26,43,32	246,271,201	73,126,61	190,273,150	151	149
585	1,1,0	181,159,202	0,1,0	224,297,159	152	149
586	26,48,34	0,0,1	19,40,18	0,0,0	151	149
590	0,3,4	7,7,14	16,12,8	19,12,14	152	149
591	4,19,17	27,47,36	12,22,10	24,32,14	180	149
592	886,908,746	2,1,2	517,1184,605	0,0,0	157	149
593	83,93,64	0,0,0	95,224,110	0,1,0	151	149
594	2212,2012,2168	12,16,11	1327,2640,1006	0,0,0	166	149
595	1272,1449,1637	11,16,13	970,1954,737	11,49,7	166	149
596	1272,1443,1632	2,0,0	964,1943,736	0,2,0	166	149
597	1342,1498,1710	2,0,0	1035,2013,760	0,2,0	187	149
598	70,55,81	0,0,3	71,70,24	0,0,0	169	149
599	1317,1562,1681	0,0,1	1061,2087,798	0,0,0	187	149
602	25,22,25	437,438,474	40,59,29	497,596,331	169	149
605	49,65,73	52,76,55	59,106,46	129,125,97	151	149
609	207,196,215	10,5,0	170,240,134	22,28,16	154	149
610	0,0,0	18,50,31	0,2,0	14,26,18	153	149
611	4,0,0	5,4,6	3,3,0	11,25,23	179	149
612	83,89,68	1367,1752,1050	50,165,80	1117,3199,1490	155	149
614	6,6,8	3068,3373,3665	1,13,6	5917,10542,5294	152	149
617	1,0,0	51,79,58	0,0,0	23,81,25	184	149
619	4,2,1	97,171,162	1,9,5	150,283,111	180	149
620	81,139,50	6,15,11	65,136,47	3,3,0	181	149
622	32,48,34	2,7,0	10,40,17	3,2,2	298	149
625	132,117,114	7,3,9	99,168,96	23,24,19	201	149
626	5,3,3	29,30,13	21,22,9	3,16,10	152	149
627	102,166,110	0,0,0	69,146,63	0,4,0	156	149
628	1,2,0	96,119,98	0,2,0	51,94,26	150	149
629	0,0,0	2,8,9	4,0,0	4,6,6	169	149
630	0,0,0	19,63,25	0,0,2	27,21,7	152	149
631	181,218,187	1,1,0	209,380,188	0,0,0	163	149
632	0,0,1	38,42,51	1,1,2	43,82,29	211	149
633	259,354,304	2,0,0	344,502,207	0,0,0	213	149
634	114,174,150	0,4,2	123,250,173	0,0,0	208	149
635	30,52,48	5,5,5	39,56,26	7,12,7	157	149
636	4,15,6	289,560,582	5,14,6	559,1125,752	191	149
637	10,6,4	935,1015,841	4,13,3	796,1379,710	152	149
638	5,7,4	155,239,139	6,5,5	424,413,192	151	149
639	1,1,0	98,124,107	0,0,0	53,146,44	175	149
641	302,432,360	1,1,6	610,736,353	7,16,9	160	149
642	14,19,10	4,13,13	31,17,13	8,3,5	298	149
644	10,23,8	7,8,1	12,27,7	6,19,2	272	149
645	22,24,17	398,575,440	14,15,13	634,888,395	152	149
647	113,92,108	0,0,2	181,200,112	8,6,0	178	149
648	85,67,75	0,4,0	108,111,80	0,0,0	178	149
649	58,50,50	0,4,0	63,80,50	0,0,0	182	149
650	4,4,7	31,21,32	1,7,3	46,38,33	152	149
653	1,3,1	157,158,140	1,4,1	166,317,134	152	149
654	4,2,3	2,0,0	1,6,2	0,0,0	193	149
655	2,5,1	1,7,10	7,9,6	17,15,2	154	149
656	0,1,2	47,52,49	0,0,0	119,113,65	214	149
657	121,192,174	14,14,14	130,190,98	5,14,2	175	149
658	2,0,0	118,169,53	0,3,0	58,130,68	152	149
659	33,4,10	6,3,0	17,21,13	1,6,2	160	149
661	2,0,0	98,115,124	1,1,3	107,233,115	156	149
662	347,401,290	28,32,3	327,555,305	8,14,11	292	149
663	24,35,41	5,15,14	15,35,13	1,9,10	174	149
664	3,5,4	666,892,734	3,2,1	823,1115,648	223	149
665	142,202,141	1,2,1	127,192,72	3,5,2	185	149
666	11,15,6	32,57,45	37,46,17	30,31,20	152	149
667	12,19,6	0,0,0	5,18,0	2,0,0	266	149
668	1,1,0	20,44,35	0,3,0	16,27,4	203	149
669	0,0,0	25,56,28	0,3,0	23,29,12	205	149
672	0,4,0	14,12,13	0,0,0	26,23,20	154	149
673	0,0,0	1,0,1	0,0,1	0,1,0	151	149
675	0,1,0	0,2,0	1,0,0	0,0,0	155	149
676	0,0,1	13,24,9	0,1,0	16,32,11	171	149
677	30,34,19	0,1,0	17,32,26	0,0,0	298	149
678	3,3,2	4903,4772,3700	2,3,1	3846,9242,4249	152	149
679	0,1,0	18,4,14	0,0,0	10,7,5	230	149
681	15,16,33	37,60,46	20,19,19	142,126,64	214	149
682	3,0,1	74,123,109	0,0,1	191,178,71	199	149
683	5,14,7	7,21,13	7,22,15	6,26,7	298	149
684	72,62,86	18,36,20	113,178,75	18,59,30	152	149
685	3,5,2	80,144,84	0,0,0	86,143,60	154	149
686	1,0,2	264,377,275	0,0,2	140,209,115	213	149
687	104,111,98	12,16,12	130,188,112	10,14,5	193	149
688	41,40,56	12,16,12	27,36,13	10,14,5	233	149
689	13,12,12	76,83,54	8,3,0	111,155,99	188	149
690	152,156,111	7,2,6	227,235,124	13,18,8	156	149
691	4,1,0	95,157,120	2,2,3	104,181,79	152	149
693	12,12,13	17,19,14	0,12,0	11,15,8	298	149
694	3,7,5	12,16,5	3,18,10	7,6,2	208	149
698	119,140,87	0,0,3	111,181,81	0,0,1	204	149
702	1,0,0	0,2,0	0,4,4	0,4,0	179	149
703	5,1,2	5,4,2	8,7,8	1,9,6	179	149
705	0,2,0	48,49,35	0,3,2	20,41,16	185	149
708	18,18,7	0,0,0	10,23,6	0,5,0	169	149
710	4,5,5	0,3,0	6,3,1	0,4,0	277	149
711	4,7,5	7,3,5	6,3,2	10,1,4	294	149
712	0,5,0	7,3,5	0,4,1	10,1,4	165	149
713	13,13,23	16,23,24	20,19,13	24,35,18	277	149
714	13,15,23	101,74,97	20,19,14	146,191,75	294	149
715	16,25,24	101,74,97	24,35,19	146,191,75	165	149
717	47,53,45	122,170,100	62,94,50	126,267,150	151	149
718	10,4,7	12,23,15	3,4,1	7,52,4	166	149
719	7,3,5	30,20,40	0,1,1	24,49,16	172	149
720	1,5,4	41,41,33	4,4,4	30,52,24	187	149
721	2,1,0	88,64,80	0,3,0	30,58,23	156	149
722	1,0,8	8171,10108,7609	1,2,0	9468,20792,10214	152	149
723	25,33,25	41,61,43	17,25,11	26,46,18	154	149
724	0,2,1	80,118,116	0,0,0	104,137,57	151	149
725	687,922,927	1,0,1	916,1278,647	0,0,1	263	149
726	10,3,1	67,68,72	2,4,3	51,87,41	172	149
727	136,172,172	0,2,0	141,169,93	0,0,0	152	149
728	16,11,10	3,4,5	0,8,0	1,2,3	183	149
729	0,0,0	116,149,47	2,1,2	101,163,93	215	149
730	80,75,74	0,0,0	52,67,51	0,1,0	298	149
731	17,33,15	6,9,6	16,44,23	12,19,4	163	149
732	22,45,13	25,20,23	40,109,47	3,9,10	240	149
733	2,1,2	114,168,141	1,1,1	116,251,142	241	149
734	0,2,0	89,122,88	0,0,0	90,196,127	163	149
735	68,99,74	8,0,3	105,176,71	0,1,3	226	149
738	45,63,41	37,53,24	62,113,63	7,15,12	169	149
740	0,0,0	32,42,26	0,1,0	46,71,35	152	149
742	19,18,10	7,4,8	9,30,8	15,23,12	236	149
743	2,2,1	17,28,9	0,2,0	13,19,10	163	149
744	0,0,0	21,49,33	0,1,0	37,30,29	152	149
745	52,109,76	1,0,1	91,148,71	1,0,0	154	149
752	0,1,0	11,8,6	1,1,2	5,16,9	167	149
753	3,7,1	278,271,247	0,0,0	230,438,258	151	149
754	0,3,1	175,259,237	0,7,0	289,457,176	166	149
755	0,1,0	77,141,105	0,4,2	130,245,120	152	149
756	0,1,0	516,663,617	0,2,1	769,1080,549	152	149
758	82,114,99	0,0,2	79,193,85	0,0,0	298	149
759	156,273,186	23,20,11	152,243,101	6,27,8	187	149
761	0,3,1	12,28,20	0,0,0	14,29,18	151	149
762	36,65,48	0,0,0	22,26,10	2,0,0	232	149
764	59,46,30	0,4,0	20,35,24	1,4,2	196	149
765	2,2,1	35,69,62	0,2,1	33,90,34	154	149
766	84,132,52	6,8,0	40,119,46	12,13,3	154	149
767	7,11,6	14,12,10	3,7,2	3,24,8	298	149
768	2,2,2	27,20,16	2,0,0	18,29,18	223	149
771	52,87,67	7,6,8	42,105,28	3,6,3	189	149
772	7,6,8	0,0,0	1,1,0	0,1,0	180	149
773	1,0,3	7,3,5	0,6,3	3,0,2	205	149
774	88,126,100	81,171,107	47,122,75	44,145,59	160	149
776	1,0,0	37,55,14	1,0,1	9,20,16	153	149
777	0,0,0	24,42,9	0,2,1	9,15,19	295	149
778	0,1,1	1079,1096,1226	45,102,44	1510,2196,1169	152	149
779	9,8,2	37,37,29	2,0,4	8,28,22	153	149
780	0,1,1	57,66,42	0,1,0	45,82,37	217	149
786	5,20,17	0,2,8	1,2,4	2,4,3	160	149
787	7,17,6	95,108,108	11,23,13	31,60,17	174	149
788	104,47,73	2773,1805,2155	63,74,37	1630,3401,1536	152	149
789	94,46,72	2773,1805,2155	54,70,38	1630,3401,1536	154	149
790	0,2,3	10,3,4	0,1,1	9,5,0	150	149
791	0,2,0	11,11,9	0,1,1	5,26,7	150	149
794	2,0,0	74,80,73	0,4,1	56,86,32	154	149
795	178,206,272	3,7,3	360,546,287	0,0,0	298	149
796	1,4,4	41,34,25	4,6,7	35,44,20	158	149
798	43,57,31	1,3,0	52,82,27	10,2,2	168	149
800	6,3,3	73,64,63	6,8,1	83,101,56	166	149
801	0,1,0	59,89,73	0,0,0	34,115,51	166	149
802	267,312,344	0,0,1	337,638,352	0,0,0	247	149
803	12,6,7	6,9,4	4,27,10	2,4,3	165	149
804	1,0,6	71,66,45	2,0,0	37,80,43	152	149
805	2,0,2	0,0,0	1,7,1	6,0,0	153	149
807	55,29,52	1,0,0	87,106,56	0,2,2	212	149
808	51,87,82	0,0,1	88,88,54	0,4,0	160	149
811	332,346,327	5,16,7	392,587,282	8,12,7	154	149
812	63,92,60	35,39,31	57,129,66	7,4,2	246	149
813	21,11,17	2,0,0	9,11,9	0,0,2	152	149
814	28,23,44	105,134,118	31,40,19	105,187,111	174	149
815	0,4,8	66,74,80	3,3,8	22,44,14	248	149
